row_id,pred_displacement_m,pred_v_final_m_s
train:2,26.19609349748741,9.875399520214918
train:3,2.7964323283965493,-0.16930427978800783
train:4,-0.5323782729419332,0.30793636003116526
train:5,-0.4195958111449982,0.28788937768747347
train:6,0.27410235007795647,-0.05231941970591067
train:7,1.0512232648959992,-0.30102728549103586
train:8,0.01777599509353059,0.06029474114002643
train:9,-6.097622647163549,-0.19189333510520012
train:10,-1.0564374763016247,0.13861295793885214
train:11,-2.5908613111234153,-1.964283598090336
train:12,-0.6548154228311819,-0.2859811351813015
train:13,-6.441550657528042,-6.551757646984545
train:14,-1.1094293541237925,0.022346109713516207
train:15,28.98571139910943,10.160964234247576
train:16,-3.201318036178677,-8.994338971586762
train:17,2.109173260428526,5.250958631588662
train:18,-9.987554663854262,-7.048674351041393
train:19,7.004514131357443,10.33904487016212
train:20,1.5275478659950226,3.390714168285849
train:21,14.425996365912095,2.7084000406908584
train:22,-7.610395321488432,-4.721170654152301
train:23,6.007002813373501,2.256410078921163
train:24,-11.3815546599892,-12.065546595832714
train:25,1.0588997333637833,-0.1123177059269797
train:26,-29.331516915298998,-14.683818702460252
train:27,1.1579808740221282,0.04711530752922331
train:28,-0.9527227455403714,-0.5977776413190528
train:29,-1.6272670451414264,-2.0328677825008183
train:30,-10.429013318414631,-1.4666441743699958
train:31,-0.08660077673595531,0.18499598177454912
train:32,-0.2732698577381923,-0.4330963863191389
train:33,-1.8655469695605045,-0.09434957690669835
train:34,-0.11182203088662707,0.21692832152147773
train:35,18.15924594967637,7.238732158101942
train:36,-0.6572852916338408,-0.1359203662992661
train:37,25.797474107106282,18.264530790175886
train:38,-2.656363394061131,-0.2927262809392049
train:39,0.24887633053335967,-0.03825705834197915
train:40,1.3126576572516844,-0.10662133111383701
train:41,-6.124916498984292,-1.9301400157883113
train:42,2.132967685900542,0.008388604044939268
train:43,16.361287462298236,4.560516832325998
train:44,2.430865012905401,0.3780046448481422
train:45,1.3957570614345842,3.4224664700905496
train:46,-2.09077343395657,-2.2893319738651705
train:47,3.587738309951143,9.67349909417526
train:48,-0.9870500863363662,-0.672340597616085
train:49,-1.6104059191431146,0.26123028079120925
train:50,-6.277581588602723,-4.664748303794847
train:51,6.563934633861701,14.697530058412692
train:52,1.248739777221274,4.421069314404374
train:53,-0.8995125894306085,-2.1313414038589404
train:54,1.1056998534986455,-0.8308223487911668
train:55,13.917535807847916,5.394205492202372
train:56,-5.2845655480687395,-0.262603165584775
train:57,-0.4026210130672042,0.20632719672991673
train:58,-10.979561835625558,-0.9360285617559116
train:59,-0.9937669671883972,-1.4240242573806423
train:60,-0.4879129633721445,0.10418519530329502
train:61,6.515098876916967,9.377697040416555
train:62,-14.483434645572343,-1.7231398937733595
train:63,4.847648954446048,1.6747771060583305
train:64,6.648601503958608,0.6434715892887461
train:65,6.081450819229007,7.3252684935219845
train:66,0.0957459757470685,0.8039796589439534
train:67,-33.61456929023948,-13.245079868401767
train:68,-0.8510936301106435,0.44436217933604777
train:69,25.12203414590554,10.978482576631366
train:70,0.17855573696261662,-0.2104657753166677
train:71,-2.3512368482427295,-0.20220072128895833
train:72,0.8816124344798062,-0.1552765850009078
train:73,0.5353621662952135,0.6145025285568615
train:74,0.8427830749448848,4.357125030178533
train:75,0.08967416651173195,-0.0765583472908247
train:76,-3.7935453860335144,-0.4698516600699472
train:77,4.356951925268833,-0.13848283976859752
train:78,-0.27156221950531395,-0.37039753096465244
train:79,8.01549919386277,0.7225484406099825
train:80,-0.16148359572984977,0.22317786362541947
train:81,-3.397759196684554,-0.012227880252297249
train:82,6.492228705408186,1.4059482169691204
train:83,6.436525667129979,5.6329067007912315
train:84,0.11669511235842112,0.08277366231189394
train:85,0.6986189831724062,0.09905917840855712
train:86,-2.2527905510385082,0.05641051526598752
train:87,-4.952991298424107,-4.907907377374781
train:88,20.996884144736327,5.587737435127067
train:89,-2.6152610578530426,0.07880426793428133
train:90,-0.32096447718153753,3.745000877071455
train:91,3.2752828207341316,2.0487869571489146
train:92,0.7167832700655609,3.413088233762362
train:93,-1.182166467331057,0.23763782066683828
train:94,0.15512952534315735,0.03921503719269977
train:95,-2.407866000150093,-0.11320962131113849
train:96,1.2553818065199445,3.0774044946015646
train:97,4.649923229704548,2.3965400861578567
train:98,-1.4368398117690635,-3.8319244537487314
train:99,0.1649118330093684,0.6443079382874075
train:100,0.2147907463072251,0.11474059730524903
train:101,-0.9780427944431495,0.3138519331788825
train:102,-4.08156579486838,0.0068517191387424264
train:103,13.498073281812987,3.1919890865553073
train:104,13.551449413106289,8.206321683606898
train:105,2.281527562996153,5.1147734810702605
train:106,-13.818639412109142,-6.531047291874324
train:107,1.7114502290218008,0.4706816721740923
train:108,-0.130070235204512,-2.303982383087948
train:109,12.657835305602196,6.892229023110274
train:110,1.8758033189600138,0.11191869515292133
train:111,7.38664246925874,2.6922628205061963
train:112,1.1584948391913215,-0.3197990228540821
train:113,-0.0034792890202315907,0.06048790387677483
train:114,-0.25273658891864736,-0.18872897567845248
train:115,-3.897023706764433,-8.00567958573037
train:116,6.34962719792667,6.046201344454844
train:117,7.611583939852259,4.0126317006782335
train:118,0.040603278056985104,0.18004693561462393
train:119,0.022636464438923087,-0.8477096795148411
train:120,0.1474302759678288,0.1434184159935061
train:121,-1.007033591417719,0.3239634460705022
train:122,17.338367095713622,6.9369509044742586
train:123,-18.253094628423497,-6.870875042244182
train:124,0.4343792847733813,0.6841153687378936
train:125,2.208133755260181,0.3532515677039658
train:126,-0.188689462106658,0.09152604566658454
train:127,0.15705683661307218,0.05605108135517689
train:128,0.048086341268880936,-0.014099590079578644
train:129,-3.7276499837532953,0.015517507381759263
train:130,1.6178927610682825,8.972434770999532
train:131,11.448317888261702,4.179723745041239
train:132,0.6379961986975433,-0.2767404238739597
train:133,-2.102378911601064,-0.29540045782277113
train:134,-2.671551750562602,-9.566130345810507
train:135,-2.425714608752988,-0.5067453504716641
train:136,1.5924460224245678,2.432782779618313
train:137,-1.3154157148908254,-0.09342270962408805
train:138,1.1770835948311733,0.31255015328757585
train:139,-2.8035062057241764,-0.20338765922820995
train:140,9.857358814661609,3.958101032661462
train:141,0.8136769786831509,-0.055277491601389284
train:142,-0.2937696525711412,-0.49722555895474757
train:143,1.8542609489195425,3.4069854896319165
train:144,5.059899599871345,3.885802531401658
train:145,7.955572389359216,0.5516699286929941
train:146,3.0200227516977334,0.05919596758135865
train:147,1.1017357431276582,0.28209834742689166
train:148,0.8009754604358772,4.738766378639589
train:149,-23.732464511990106,-20.551356243518683
train:150,20.318126539530738,13.845907793432058
train:151,-2.9606558797135145,0.19539081903484115
train:152,-0.3683032030590596,-0.42181990525300855
train:153,2.898010303013422,6.568963051495656
train:154,0.009385647369938022,0.5023891784844512
train:155,1.652924915248716,3.352018279536526
train:156,0.24840362670181076,0.08023387191135349
train:157,18.603960879266168,11.127757141789457
train:158,-13.305379056300277,-10.45130985716404
train:159,0.0015076376078570208,-0.1514498514333014
train:160,-0.7626879016775511,0.030003000708169178
train:161,-0.06241675125328022,-0.7234227258725765
train:162,10.77718677300224,2.6158442750534134
train:163,-0.5688839799073131,0.040837304593685314
train:164,-3.4444321621619993,0.17888924314142357
train:165,2.995918924307945,6.261514739851287
train:166,-8.261916724516862,-3.881546733936429
train:167,-0.9187045742039094,-4.1052528647855375
train:168,-0.8323437809102985,0.30028767203308765
train:169,2.153291044929141,5.987271017057481
train:170,-33.31043208669158,-13.230077657621514
train:171,-3.8129012538661917,-4.1700622441632555
train:172,-1.5025662169086207,-4.721848578321451
train:173,-0.735502607855005,0.3759510424881029
train:174,-2.2342073743964224,-4.169620566295476
train:175,3.1577549564207277,-0.39127608316987034
train:176,20.97888629794319,7.916530785738616
train:177,-0.1902720378062817,-0.1955378908184286
train:178,-0.9102435591752808,-0.2547301434629626
train:179,1.1833434627828723,0.2050893288814929
train:180,0.009352173383341988,0.3166483703766241
train:181,-5.288505250324501,-0.13623022557859957
train:182,3.4446509647475034,0.38332660636542365
train:183,31.597424360303126,10.996429306530146
train:184,-0.1723978587969594,0.18643086420159152
train:185,0.5380052164868588,-0.1858798966418186
train:186,-3.7660176812230794,-11.100359478368263
train:187,0.7716000613028133,-0.09344881655231918
train:188,0.9455730868264225,-0.6574955990484594
train:189,-0.3188165630416252,-0.14026552925043503
train:190,-7.28266825571994,-2.6371692727520166
train:191,5.874595994476399,0.11866341292839462
train:192,8.428297607066204,10.176065736951593
train:193,-17.620499510399764,-16.811287406061325
train:194,-8.404190465879624,-0.4833864617584758
train:195,-1.2041637581476983,-0.061240998781268624
train:196,0.13862684995131153,0.13114181131882724
train:197,-6.736102213080979,-0.16858156012451636
train:198,-0.8294852419299412,-0.1332648779818106
train:199,-2.0502127254482647,-0.116164554668797
train:200,0.2501592675613008,0.1484382932455994
train:201,-0.5299005005591058,-0.20157786419247126
train:202,-4.127506051972557,-0.7028504664264419
train:203,-0.850434610999534,0.2810792499306124
train:204,3.785227392204068,0.548702013201625
train:205,-3.453870896549121,-1.9709621212499662
train:206,-1.7198328462420371,-0.1392248899718448
train:207,-13.366982349632515,-2.7876287785980196
train:208,9.702415169372244,6.071480269344703
train:209,-0.6074957585293603,0.7788951807381326
train:210,-0.8755166226642958,0.24578617815196263
train:211,2.827008955486106,9.131990615413152
train:212,-3.7062814924765313,-0.34982684078742793
train:213,3.1503520913017184,0.07302222530472989
train:214,0.1763148395266042,0.14198588746982882
train:215,3.620441697480749,0.9272752626174849
train:216,2.2150021988848554,0.3077912739873889
train:217,1.3705669566881058,1.3242172682733262
train:218,-13.9376096798033,-12.35496315173554
train:219,-1.2434408322533415,-0.7424060292168619
train:220,-0.2174235089548714,0.20073439366483853
train:221,1.1161479215649335,-0.40727905953231625
train:222,0.15293395726399373,-0.16333806205273838
train:223,0.4466824858259862,0.028433089824455915
train:224,-3.3407330061028433,-0.25633678950525246
train:225,14.088481878396108,3.8379104415177157
train:226,-10.565111109250426,-1.9032786971938631
train:227,13.77295608074187,7.253817682795238
train:228,-3.0092800996596205,-5.7073055143148235
train:229,-3.6258481518510615,-1.917879745776378
train:230,-0.9899818496624023,0.8256698084972967
train:231,2.965324862850369,9.920692615462167
train:232,1.2238509383541603,-0.44590276191177586
train:233,-0.10523765123153869,0.17120738650501952
train:234,24.19275908468114,7.917497455387218
train:235,1.6568980914910734,-0.04113552550547431
train:236,-7.590415070822442,-1.5256228637819504
train:237,-0.5687303250105077,-0.279529728031201
train:238,-21.597867439745244,-5.708556934940198
train:239,-21.95621576458542,-5.893332357346713
train:240,9.559330613667488,0.9265676649998542
train:241,-1.1975735670366037,-1.1276748140939454
train:242,1.188300867214449,0.0030589388439175025
train:243,-0.9028325580178626,0.11730570999956558
train:244,-0.4993685054516769,0.1421495194189059
train:245,-2.6754017239376267,-5.355206081068232
train:246,-0.6443852540493934,-0.5031349976876347
train:247,0.4373903163593428,2.0609296746534027
train:248,0.1055715206459661,-0.4137724089605586
train:249,-9.692057468179987,-8.01353334864283
train:250,5.361870292620109,0.1701010519234214
train:251,0.13647440287571433,0.41479180328998694
train:252,-5.684584337056177,-0.19975494436221197
train:253,2.9152324366588425,0.0015512994037719385
train:254,-0.6860508365736081,0.28082552768001634
train:255,6.491907448120161,1.0326472474434572
train:256,0.18067040957417316,0.29000111432759035
train:257,1.2372135678367058,0.2786381808105962
train:258,0.565669839200801,5.95229172773044
train:259,2.892414335795878,-0.027317542109083437
train:260,-1.4238642252565348,-0.28433982256218016
train:261,-4.648349195578387,-2.9266129342087432
train:262,-18.84790133491215,-4.622065330727471
train:263,11.767964705599095,2.3346264359016446
train:264,0.24911634366641805,0.22725860476524193
train:265,0.6153480248082016,0.2664012358410991
train:266,-9.978466476493438,-4.143269117435991
train:267,0.6037258101704097,-0.10569967095079191
train:268,-6.062498671978217,-6.3603085518859395
train:269,-0.5581223256749278,-3.073665414590178
train:270,0.7762581757500681,-0.29687428665094523
train:271,1.23611241315264,-0.45642513793621337
train:272,-5.095778772497823,-4.88811176337832
train:273,5.01552146214165,0.9134870953303855
train:274,1.4036178692868866,-0.29663062198745466
train:275,-2.204023369274648,-0.9843148234579013
train:276,-3.4016672846196414,-0.2785195468355471
train:277,-0.5661402752976394,0.18523978909884972
train:278,0.2903187531469341,-0.007210000251544044
train:279,-1.2635856633534281,-1.7717666868288342
train:280,2.1022838955622296,0.06393244913437461
train:281,5.473121087072035,5.734278048522199
train:282,0.3107531109852526,0.01754742804733754
train:283,3.066731980660658,0.3672467358263844
train:284,3.623389035508882,0.8385955911879088
train:285,1.4483851421107605,3.6296598975030596
train:286,2.115657450582067,-0.036472728260826565
train:287,-2.670076570569974,-0.5848969394444026
train:288,3.3851067865074014,-0.1016358351169552
train:289,-5.017436161285164,-5.843607076054191
train:290,1.9962238936150918,0.0923784440063716
train:291,-3.9913120234252983,-0.3255827774133537
train:292,-3.818006036822087,-0.24533164929975387
train:293,2.84361205283774,-0.001464407458949199
train:294,-0.7163796631790583,-0.4894200153960682
train:295,6.35141108246235,0.12695129268570501
train:296,11.85620585359809,11.767679895012725
train:297,3.336803358932841,0.0964646775873793
train:298,0.11605864169661592,0.18863932487089258
train:299,-2.373895017836402,-0.5082579830401599
train:300,-1.0394043312055277,0.12688481274824215
train:301,2.0372288298205152,-0.016361619883037012
train:302,-4.482550680302298,0.017181360408861618
train:303,-5.101836169322264,-4.26145646548563
train:304,-2.213922370977465,-0.24675069637688563
train:305,0.16374930934987691,-0.16347701368168438
train:306,16.147286406323854,21.808886115601933
train:307,1.9280408697925697,-0.3454433020783673
train:308,0.10417026237373758,0.13720296982315583
train:309,3.0252337680694232,0.2413913692389115
train:310,1.4352066195544935,0.17564870284213266
train:311,-0.09399690056599755,-0.1833302626453877
train:312,14.962876338596308,3.993191597420308
train:313,-17.389382089279277,-4.0763044185406985
train:314,-2.8216058692265413,-4.276670670229551
train:315,0.7818123004843672,0.41533969213081573
train:316,7.822051165658356,0.7978485253123169
train:317,-13.588360700319479,-14.014142610702091
train:318,0.0803670034885924,-0.003470789090876447
train:319,0.9595298795710476,-0.0027774575542462987
train:320,-6.118917681636394,-1.2524930365926732
train:321,1.2534586794983542,0.8750305914202532
train:322,2.912883678599354,8.22938080629306
train:323,-2.0304100728778263,-6.612709763381315
train:324,-5.373363201094894,-0.26280374668364365
train:325,-0.8201411180466018,-1.0748081417650865
train:326,7.651331509436169,13.35201264533114
train:327,1.8671844647862552,0.15614739809671463
train:328,-17.87068594588446,-5.7772886306282265
train:329,9.534431546637803,5.509435481660582
train:330,-2.295805786105616,-0.04036044932471061
train:331,0.5289277222050865,-0.2244508145215759
train:332,-14.252538524696574,-4.580980729375405
train:333,-5.707866424566681,-2.5957254514803543
train:334,0.455923049563294,0.8609412671632304
train:335,-2.971160667590423,-0.06780610659694411
train:336,-0.08168823674474676,0.09337150590482479
train:337,-0.7219296036650331,0.46475853800344474
train:338,5.059070188870132,0.8959018679241608
train:339,-9.62924911133029,-4.376717555000422
train:340,0.5285569513118874,-0.024003103510209303
train:341,-6.4931154742133135,-14.773120945664695
train:342,-1.0848599128787826,0.19008540617152042
train:343,-2.587303305298145,2.0516705601015697
train:344,0.4667653668050462,0.1511868677415839
train:345,-4.605423456933775,-1.4022667719249762
train:346,-3.1198888444519755,-0.012182514114715284
train:347,-4.886549154362819,-5.36457261921
train:348,-2.9677565491201987,-0.1481017448832658
train:349,3.5392524026579855,0.20537764637851544
train:350,3.1898260575368536,0.1925932405506195
train:351,-1.6813665864783864,0.005660216053570616
train:352,-3.5867286844323076,0.22486069054025265
train:353,-2.82029480475153,-1.7762375339536185
train:354,11.074532476602986,11.579725989759272
train:355,8.668429758743597,2.8585879203546094
train:356,-2.35845490906074,-0.10362795066788183
train:357,2.0244357230265826,-0.4240116032771339
train:358,11.099409227641607,4.141832463260351
train:359,-8.774914867430725,-7.628023324336027
train:360,0.19347327961419597,-1.9141463123785156
train:361,-0.7832862588043661,0.10016301642598012
train:362,-0.9655437473231337,-0.3372776826352322
train:363,-3.032193043484607,-0.01723413339703496
train:364,0.13386773239866814,-0.09667666003951955
train:365,1.4271793716021715,3.566219205936541
train:366,7.234796097562471,0.2876870846588847
train:367,0.8018639158301136,0.09006091914782083
train:368,-1.4920646834470754,-0.02014477057318652
train:369,-9.080883841911794,-14.743772763830219
train:370,-1.8191738752129818,-1.0265153176658366
train:371,1.0188918105507931,0.682307713614305
train:372,-19.197377193638456,-5.2348688346118
train:373,6.102078698552334,4.285212569070606
train:374,1.599499270350241,-0.353945743693927
train:375,-1.161002306847473,0.054688884610832655
train:376,10.897179856953498,2.7921057003187584
train:377,0.5499565919928451,-0.13918772683083816
train:378,1.9611803489808857,5.704129254221969
train:379,-5.6064732542508064,-0.9589093584295667
train:380,-7.005221907317577,-3.3088431864935046
train:381,-6.523326676949197,-0.6967555686405469
train:382,-21.455606716043935,-11.716453311174574
train:383,-4.785696681913767,-1.379771587420768
train:384,-0.20212950018320675,-0.15141846605510004
train:385,-0.7563280766825444,0.11939868674316659
train:386,0.550423833055748,0.010323227289433398
train:387,6.139036769253241,0.5491685140503453
train:388,-5.160751315564249,-2.2997410772064635
train:389,-1.7234292076769488,0.05870321714359722
train:390,0.764254032223545,-0.2009197698759126
train:391,-6.926836058872232,0.11957915266782444
train:392,-3.301611214101687,-0.13287726856102375
train:393,-3.6668231009434926,0.34447050952646396
train:394,-0.15672529178104727,0.09551769513055812
train:395,-2.6771591082339183,-1.0574431826495114
train:396,-0.6355272003464173,-0.5455774802945428
train:397,3.0877878156042855,2.463050553034089
train:398,-0.05518451048261441,0.16322808207975253
train:399,-0.1495704596043848,-0.23381207421337297
train:400,-36.691115046967184,-14.204143983900753
train:401,12.83697692386865,4.822658923928597
train:402,-2.912206933280557,-0.09272638221044777
train:403,1.1735590629924988,-0.1885061394932228
train:404,0.7927334210695643,-0.2361788170513759
train:405,0.15181653050311078,0.3886971438885122
train:406,8.924757740935705,8.123528767841417
train:407,-0.11377258798056689,-0.10026015692606538
train:408,4.18606954827847,0.04565545946042983
train:409,1.149451516270866,-0.11273627274353792
train:410,5.54715020317861,11.79606825491748
train:411,6.127302277285408,4.961651068544682
train:412,-2.157178849615898,-4.182399836334212
train:413,-1.3253581862845687,-2.4650858119685135
train:414,50.72039507157268,19.028002370010444
train:415,1.126005080784505,-0.2589101051961444
train:416,-1.8592320090058658,1.4664147159686298
train:417,-3.459927828457081,-0.6971816964800353
train:418,1.0045854006128319,2.4666224943950246
train:419,-0.2985080813404023,-0.5507990086015797
train:420,0.1352557405512024,-0.03114755687531999
train:421,-6.218215938291133,-0.24590871227622896
train:422,-0.5295260103340627,-0.1358105888059663
train:423,26.321981722411415,9.33895378827831
train:424,-0.41652073731384776,-0.5219799557114166
train:425,-7.828028769924963,-0.33993288563106766
train:426,6.626088853223332,1.5667152516596914
train:427,0.39454361351641654,-0.05619358799284413
train:428,5.37123510528683,-0.08298250622621406
train:429,2.567602761276605,5.4740704375032845
train:430,-5.8281775113906,-0.2181573328881522
train:431,12.52818311685206,5.317289060522667
train:432,0.23890073384038052,0.22530379501613193
train:433,4.026666191649906,6.8763303317999425
train:434,-0.11185875928858657,-0.8543804989907311
train:435,-2.0117615754702305,0.386923156716085
train:436,0.019269074370657946,-0.03748512069903559
train:437,2.3394770777081377,-0.5836162733529768
train:438,0.8579156414686957,5.062185282642533
train:439,10.078404285148533,1.5378983386816782
train:440,6.732524042770234,1.921556625674602
train:441,-3.1328869794138083,-3.488429464596854
train:442,-3.71077630501001,-7.784827527046246
train:443,-4.587962123759137,-9.22264876677477
train:444,-0.8312482052239991,0.2543843451710365
train:445,0.04026051838173611,0.1911305392656259
train:446,0.2824815398060171,0.1465137989186157
train:447,1.3888600254463594,-0.32160453806552064
train:448,-25.193299041695873,-7.966276670006655
train:449,-0.20212857035024578,-0.691334743181931
train:450,6.538294489962098,7.8211648874656685
train:451,2.5636944408832774,0.30589609645686155
train:452,-33.19429223053071,-10.546455487146336
train:453,-0.07312261550800553,0.21758456124750625
train:454,-1.6645342853018659,0.2985872978386237
train:455,-2.6931708318223557,-0.1072282815300084
train:456,-6.5102801906733925,-0.6017396173345451
train:457,-3.4222658742046965,0.04356148409115877
train:458,-1.717621006086056,-0.18400961342263727
train:459,-0.47579607759910014,0.06578547039554519
train:460,-10.595871843266261,-13.035101416656316
train:461,4.742667093817191,0.6742592186961849
train:462,-3.123026565778873,-0.4920421210839822
train:463,3.4500240045126476,0.47946658219346433
train:464,8.649807064200669,2.0780618113270477
train:465,-34.81577957990639,-12.538818697239135
train:466,2.3433933016816337,5.788153618099423
train:467,-7.433091053152916,-4.468494963258474
train:468,3.2021170545318456,3.028640461846864
train:469,-5.377136463250636,-7.198234808462737
train:470,11.648901454608838,4.464183408439589
train:471,-11.986543037400816,-3.3652869359724593
train:472,-2.7808438518821794,-0.664290533429055
train:473,2.3454661318099452,0.3015311749835067
train:474,1.871774817656477,0.17989557249520732
train:475,-2.2557430031479266,0.19080341802828166
train:476,3.1486349222809897,0.19614435343329392
train:477,0.8381952791153059,-0.04239122595514894
train:478,-3.2488018159981156,-3.6648355479235453
train:479,-2.2350360880229148,0.15631802042548204
train:480,0.10214834060004091,4.950174291701303
train:481,0.5163222092110362,0.9877235010333136
train:482,-3.849715665374624,-4.078431776539511
train:483,13.448966943476602,19.34885680329272
train:484,-0.8045778064036073,-3.4806039485247737
train:485,-9.809523266143243,-3.301472187762104
train:486,-1.5592871898208833,-0.3701390295769212
train:487,0.9842324031586008,1.591470040733588
train:488,2.0761688394777957,4.797494127686743
train:489,0.06407447034593282,-0.14576895531804435
train:490,-11.662366073877426,-5.59248467605971
train:491,1.2280035723579905,-0.0814956952643294
train:492,-3.3089671226561657,-0.6338511390588413
train:493,-5.119204054284321,-1.546514826103309
train:494,1.2503841868128043,8.460353793482264
train:495,-21.09647175251875,-6.681529338128308
train:496,1.1680718862313917,-0.25668402591680756
train:497,4.503644232862273,0.31507838816250583
train:498,-0.007615650947244562,0.4438366882423899
train:499,1.8377159661279712,-0.15659576951103515
train:500,0.17983123532686976,0.8955114052871738
train:501,-2.7355358811914834,-7.415909525586403
train:502,5.189358848282073,0.08052803850158628
train:503,-6.960270062650945,-0.45583666209493784
train:504,-0.3730581363633785,0.1090664775784673
train:505,0.7630731443630738,0.2146923986462505
train:506,-0.26935479605589757,-0.5284109623656863
train:507,2.455193394955271,0.1801089930669766
train:508,-0.3075593078410263,0.4630007428329533
train:509,-7.666157869076143,-2.129332169010813
train:510,2.8407263162432734,0.30584851907672445
train:511,20.35587217874961,8.569808302708184
train:512,2.9800882856886624,3.208635320510071
train:513,23.250354782047403,7.529566191812989
train:514,17.931098415033322,3.669895096392349
train:515,5.400942803474332,5.241570409003774
train:516,-0.3777568147735568,-0.6868783047989573
train:517,16.44978710386039,7.16465467654136
train:518,4.703167324717388,-0.16877458020045477
train:519,4.135673531625177,11.129338964850806
train:520,2.279236222122006,6.58584381982207
train:521,2.45976236166739,0.6306697788420295
train:522,-0.034148666947648454,0.05643248503072847
train:523,0.20206214667496225,0.30928436202491383
train:524,-2.9061639488670115,-3.8484916536147518
train:525,-12.482393200847898,-7.353124503102673
train:526,-4.9062146565715095,-0.5634457467478198
train:527,1.461388391153879,0.14351321410175522
train:528,0.6736908588626901,-0.12345281013039391
train:529,1.9537886418574084,0.1458217513292756
train:530,0.8616893685409183,3.4727712395933175
train:531,-1.6554521418552888,-6.354760187663178
train:532,4.384309935563885,0.5108743581420001
train:533,2.541614162474867,-0.06617078573184298
train:534,-11.52152055594276,-1.8887145977611397
train:535,-0.9360908233669464,-0.09044166933819842
train:536,-1.1198497596594907,0.34664608687905857
train:537,0.3767714836745641,0.083396020095546
train:538,2.2562237861701924,0.28806984361213134
train:539,-0.6895660700826723,0.24906780476453533
train:540,0.07634907903498694,0.3053658975564735
train:541,1.0581249500490293,-0.03266204403434583
train:542,1.07349880822622,2.412205099061398
train:543,-9.291377567957278,-7.457850091798507
train:544,-0.7591464003873385,0.13627160872503033
train:545,5.172681364293559,13.772106503199648
train:546,6.768159426084117,5.052070631213094
train:547,1.492253731377827,4.5084356504170335
train:548,-0.3298585619117524,-0.3855030281713493
train:549,6.760010370013904,1.7635597785927313
train:550,3.1712689162176764,0.006137416463041376
train:551,-0.16973667686257454,0.07225770602390665
train:552,0.4535401201424887,0.025284637078024003
train:553,-5.323696173483025,-4.641700879295105
train:554,-0.17113700530184206,-3.855239509928045
train:555,0.5493124502091116,-0.4084324721812164
train:556,-0.530373553078015,0.015997275685810136
train:557,0.8729336060800631,0.04861153410456838
train:558,5.3920261702948125,8.51497348184448
train:559,5.2638240560473575,0.122558481023994
train:560,0.3845367511901237,0.16263233053716664
train:561,28.52604475550674,11.237915254130328
train:562,-0.04878098333844075,-0.05228239922571404
train:563,-4.674623485557392,-4.006728170857433
train:564,0.17617815408133708,-0.1052922316774142
train:565,26.27358205712539,14.645461145333387
train:566,11.8089164088675,13.380696598434229
train:567,-4.712782435527432,-2.429964147153086
train:568,-1.058338287332151,0.22195212194584618
train:569,1.3376752779838967,0.10465326542092539
train:570,20.306057307696943,14.22010253293241
train:571,-0.15204474511360844,0.009507064795387904
train:572,-1.054845834730631,0.25903351830832866
train:573,-0.44166330435019485,-1.0392480802805102
train:574,-17.96341818708509,-5.253148820162754
train:575,1.898029348685061,1.3999861363973412
train:576,-2.230720035876188,-0.29844412620425353
train:577,0.8110671700198614,0.07599242336905905
train:578,0.1395884134621067,0.2990754118000599
train:579,2.672362624286023,0.2324087313368709
train:580,-10.750449134368989,-15.195384389131778
train:581,10.422016617222765,4.93401652836
train:582,3.9164684330263144,1.0148654334410439
train:583,-2.9570360399963374,-0.8772434630631354
train:584,-0.17838807518996813,0.05656758481780435
train:585,3.061335230155008,2.450354026265157
train:586,-0.1948609959270619,-0.829680349007067
train:587,-12.23390464034999,-5.574461479966767
train:588,9.810792779974678,4.047718841577639
train:589,0.29723264235757724,-1.2898392114185273
train:590,0.25529671089995143,0.3752321746664816
train:591,0.4540138700361187,-0.01077887440506424
train:592,0.517957785389437,2.7062216101220633
train:593,-1.2353196711719585,0.24719110180890372
train:594,3.967769409608902,0.4203874595712652
train:595,1.2612209250567905,-0.40726921593642584
train:596,4.0877903885489895,11.179000904743686
train:597,1.3817737684505706,-0.4499142412283403
train:598,7.6365248493651885,0.7825785401916827
train:599,2.9029802601899726,-0.32848549691454987
train:600,-6.481555790842149,-0.6444556877098424
train:601,21.03537922932177,6.154817008117927
train:602,-0.7118283632931987,0.16694268425069408
train:603,-1.0028844442874925,0.3930781147029927
train:604,-7.434323081826243,-0.5727258324387232
train:605,-1.3828102403624185,0.411597271101923
train:606,3.431343195409657,0.22958804180142822
train:607,0.031203712883346085,0.2167604097481004
train:608,6.804696747370171,7.438358000186862
train:609,-1.338910966607639,-0.390647091658553
train:610,-0.7763043755584498,0.25437849607782625
train:611,16.472268605191474,12.49124639307235
train:612,-0.029552967537900987,-0.2879843782754087
train:613,-2.1755146906903575,-9.590177251945152
train:614,0.719089836954444,-0.19624028131649413
train:615,-1.1178896717777005,0.32791914501035424
train:616,6.2847248572488,5.333936435763911
train:617,1.0427276135895736,-0.2044944217922381
train:618,-1.5074824762316732,-3.1137285645426
train:619,-6.066552743688181,-5.746805439389341
train:620,9.059682082574716,13.738597190858911
train:621,3.0880918709825327,0.360591323717975
train:622,18.82426062371837,8.494818362606804
train:623,-1.0550255249503446,0.4327103576787911
train:624,5.543413669424828,4.645457649246931
train:625,0.17366295592182934,-0.33658135522159194
train:626,7.693612873838806,0.3024497679391367
train:627,-0.06686158526510527,-0.8387189099466301
train:628,6.569638229244481,0.26569691942209844
train:629,-6.496292713441054,-0.49013688596634936
train:630,4.372710734291878,7.3919915250051265
train:631,-7.259499607830678,-5.045513429560845
train:632,-4.022805465814403,-4.779415639018394
train:633,-1.2474828161348128,-0.08627376244346219
train:634,2.626814291774908,3.621247189536994
train:635,1.176033813418203,0.030786351215913242
train:636,12.463751271652457,4.070128857578274
train:637,-5.932600077493416,-13.13752731309485
train:638,1.2125632311240886,-0.2826849571661082
train:639,-4.711608521414168,-0.4441025251503075
train:640,0.174256189350948,0.32606626640999364
train:641,1.0724694831383919,0.40676855933523803
train:642,1.1274233085082717,-0.3807454328184524
train:643,-0.19784668956483614,-0.20908938382172787
train:644,0.21955974333507913,0.1914252764990987
train:645,0.1259109192931423,0.022359163177631786
train:646,4.639338941109474,0.4267420000313716
train:647,0.39627775198868337,0.12139308486705332
train:648,-1.6959379988102334,0.17273942094367614
train:649,-7.902651584377137,-6.029259577120624
train:650,11.020741639809078,18.989333301493403
train:651,0.1641439072127017,0.03478998418792734
train:652,0.3082057173594702,-0.32983264294343845
train:653,-3.772777566849557,-9.323872888549811
train:654,11.534638001363268,10.163034527922386
train:655,2.22389605115683,8.202339735078004
train:656,-2.6770075454612754,0.13237397273485083
train:657,3.0990473953872866,3.100552637633171
train:658,2.4355806607671173,-0.1234565193114541
train:659,0.37429371129173666,0.15332342736264182
train:660,6.989765120930045,1.9675538946800422
train:661,-0.5003269307762286,-0.1885219748431335
train:662,-2.4201444444001114,-0.38263197936997445
train:663,15.71744322511231,8.303343588562397
train:664,-0.07230122431608127,-0.025098025227006923
train:665,27.038557493806838,8.512234964935601
train:666,-8.562948285975015,-3.5441901541174987
train:667,-7.659617424028461,-0.869897144651866
train:668,-0.8817702142435081,0.1422964600532123
train:669,1.782766789922896,0.6802335680976248
train:670,-0.05545346466658396,-0.8559429201819191
train:671,2.0286498422349593,0.5652463873380444
train:672,3.164169176643953,0.5061306722180788
train:673,0.6597310441609417,-0.08940566653593338
train:674,-6.111572931077447,-9.173686435494162
train:675,4.049580297766094,3.885933779346864
train:676,-14.283823684502414,-6.4591011628152355
train:677,-0.15440291773182713,0.06379578007838868
train:678,11.432860345118021,2.1868754881944192
train:679,-5.376510685667882,-1.169194958898961
train:680,-3.1142322056337255,-10.241768518140447
train:681,1.7072218136316488,2.580922620693615
train:682,1.918632354976681,-0.07584718315294378
train:683,3.052519948768238,0.9674545384692523
train:684,3.5135078850085106,1.9467053012449256
train:685,-0.09074387995193553,0.17082248763962277
train:686,-1.7987863577100738,-0.3296340590959098
train:687,2.123088210689906,0.34679288485255494
train:688,1.339726489495865,-0.06313589099017602
train:689,2.0968387937426076,1.0205597396724415
train:690,4.874414661144943,0.7855727052720931
train:691,9.937188693695388,1.7238519967180346
train:692,2.3611470673225066,1.7460875385480314
train:693,-2.1342370809691205,-0.5693510483172166
train:694,-1.7134593062108556,0.24404443232259687
train:695,-14.912228975203877,-9.532963419413784
train:696,0.5526854192751427,-0.2665731306056276
train:697,-3.0177071757851723,-10.613595088194696
train:698,-3.571242316466836,-6.346970907436839
train:699,-0.7757799497684452,0.1247501790481193
train:700,17.888614347045188,4.221688848912664
train:701,23.473330585761364,6.71830266998311
train:702,0.29104274433619354,-0.2911480243981062
train:703,-0.33012716740836157,0.5765011839610539
train:704,1.1049634257935328,1.5716908327302779
train:705,-6.3010942746875545,-2.555535618728647
train:706,-7.54099630861116,-2.208419042253952
train:707,-2.0117246146100305,-2.3111485208961793
train:708,-5.830655981148149,-7.946369209935151
train:709,0.05749497231388971,-0.6842477821232529
train:710,7.847439789742007,6.772190223068374
train:711,14.131555460481518,19.923668021542674
train:712,-8.461094383426964,-4.583795141835207
train:713,0.9598271936603276,0.2762056713391804
train:714,7.927697391937848,3.011229565950467
train:715,-0.4615933440362904,0.08623004841672424
train:716,0.2121571106743099,-0.14111450373078196
train:717,-1.76202634142986,0.871879784770456
train:718,-2.0778001720264436,-0.8082294416321043
train:719,-12.98845850920454,-6.340011342481497
train:720,-1.653460207194584,-0.0902228276556489
train:721,14.383694545184316,11.969557495322784
train:722,1.0227750254541736,-0.05234053350579157
train:723,-9.103687065447382,-1.9584872893797836
train:724,-2.0952296584221672,0.17218304378465193
train:725,0.23411999767139385,3.5033237639858656
train:726,-10.396578885068994,-1.5619370303082196
train:727,-11.622126622657147,-4.073747080860527
train:728,-6.607768527469543,-0.2308141999519026
train:729,-0.08214083293851401,0.12470267299838725
train:730,3.7444965242638997,9.67262372744506
train:731,-9.463902494873249,-10.490829184108717
train:732,-1.146584781870672,-0.18217956055187767
train:733,-7.4499266087448,-3.1137425453019807
train:734,-4.4143269762877315,-0.11072589660893048
train:735,-0.6384010815706311,0.12442690965264525
train:736,1.280972669272614,-0.03595907801439921
train:737,-15.744364386992507,-11.546936889006323
train:738,3.699569785087214,12.474892899099718
train:739,1.16318445173013,-0.26969226655560324
train:740,-1.8753285798519945,-1.939871622942884
train:741,-16.118728154752965,-6.015778701218277
train:742,1.0036757915187327,2.5684272456667916
train:743,0.970891624750639,-0.03662045352958798
train:744,3.4057704643997266,0.11852346267377853
train:745,-12.651187637924332,-9.163616294237443
train:746,1.1166672332736525,0.06452249424456027
train:747,-1.256925967228499,-0.000597600377351501
train:748,-1.4928469054255173,-4.1039597872036415
train:749,6.284397091130047,0.2364719965274676
train:750,-39.33618111647199,-14.440175723412777
train:751,-0.693630602413448,-2.7923876578982063
train:752,-0.2502886874196921,-0.152291692873148
train:753,-6.07543171863278,-0.7636400921606152
train:754,25.51673893952086,8.674981275704198
train:755,3.014099715736157,0.09032812284496244
train:756,3.7126471883089724,0.43645263604687384
train:757,-6.6098801781239755,-4.519594068151355
train:758,-0.6070259604258146,0.21686027231510474
train:759,0.4233504197938282,-0.15930175975523286
train:760,-3.056918231750585,-0.24396438809665444
train:761,-0.09157236112018743,-0.09075181393915191
train:762,-4.462355638222316,-0.7227094218225454
train:763,4.3876647728871765,8.942514233995311
train:764,-1.1941045927173488,-2.266876877048574
train:765,-1.578288791295419,0.3903372438907485
train:766,0.4562159469460093,-0.08065542309339285
train:767,0.7662950155729422,0.39398080097830696
train:768,0.6954838188861511,-0.012915933338957172
train:769,0.8732946137271718,6.762161738768178
train:770,-21.352417573363887,-15.288068264176609
train:771,-1.3656985243811168,-0.13732086747109698
train:772,-9.422234820224872,-2.7195453336306588
train:773,3.924912013686924,0.00962005215691282
train:774,1.1428606277850508,7.4223856958985674
train:775,0.25631476176312745,0.05302167905469515
train:776,-8.342373310966357,-4.473892962987488
train:777,4.573061377482284,2.3593267285461184
train:778,-12.74196722990686,-1.2548258261578946
train:779,-3.493555702408163,-2.0672968290836655
train:780,-24.139908017171134,-6.735297056133167
train:781,-0.3915348471314295,-0.11358553254550485
train:782,0.10159648473768682,-0.6312999357935005
train:783,-8.17843446161227,-14.015562371083272
train:784,-4.068655994037843,-1.1455606278268533
train:785,-1.1423070853335866,-5.019570275939597
train:786,-1.1020873930637287,0.32793098585758473
train:787,9.698454080958381,2.03144625037104
train:788,-3.5862735311978975,-6.311730263505868
train:789,1.2058861006311403,4.416234824874884
train:790,-8.22999927829754,-1.5163593267450075
train:791,14.396485327395846,8.213055844482431
train:792,7.445694765862472,0.5083666664237111
train:793,0.7315013635470055,-0.14667756201697388
train:794,0.13866241606206983,0.2631638340796283
train:795,-1.2466845545377936,-0.11656657283139449
train:796,-1.711721680864985,-1.6112899668866256
train:797,-12.446741545457199,-5.935668379324154
train:798,-15.90803172512198,-8.786354917965198
train:799,10.76557501898526,1.2408866639149325
train:800,3.88511400066488,5.658768823072396
train:801,-5.301278830626252,-4.832462063967861
train:802,-4.93010624958795,-0.30875507890826187
train:803,6.827470681167489,10.902492298930222
train:804,7.830957105758823,3.3004050250843817
train:805,3.518169137642009,0.007790141946963244
train:806,0.9183750078006626,-0.3318531479955563
train:807,-6.764426784738991,-0.36896179257275
train:808,9.08561047469223,5.522892390546847
train:809,-7.735778182198131,-12.049756897381227
train:810,5.998589219825883,0.014012435836193812
train:811,-1.9773607778703166,-0.14834127238326622
train:812,0.18513593236938047,0.1953366792574438
train:813,-1.402101949720787,1.2838940476642628
train:814,8.89215872715597,3.3502293129790486
train:815,-15.224963414309189,-7.398104885854389
train:816,-6.048610686872705,-0.3948846883589773
train:817,-2.71174378030187,-0.3238829738621297
train:818,-1.126901380377482,0.1735889660672631
train:819,4.905664952214745,4.023178043718752
train:820,2.200760412337684,-0.014639703906262139
train:821,-3.716225126161476,-5.689405577161725
train:822,8.058662039912438,8.93331375303639
train:823,-0.9652892055500598,0.18933615159736786
train:824,-10.80497639886801,-16.18012174399948
train:825,-0.5503015006399483,-5.944923642034117
train:826,2.112108510628166,-0.09031370259162286
train:827,-1.386153919690178,0.13529766337511798
train:828,-1.8774655684546153,-0.04031922035061883
train:829,10.286820764359142,4.549192987870946
train:830,0.7999621749666264,-0.06793164810974955
train:831,3.3791907242930326,0.6041857980900478
train:832,-0.9619487806376635,-0.011925867317514119
train:833,-0.21155033528582867,0.9581509137446977
train:834,-0.417099674561191,-0.19211745523771984
train:835,1.1742501613407628,0.20595378205972548
train:836,1.4237785075473104,-0.17521428916413478
train:837,-0.43765688657948176,0.2802768542047325
train:838,4.995400806698549,1.1350827021562617
train:839,2.7114493150929015,-0.8353058927280417
train:840,6.258590972046906,0.820091057522004
train:841,31.69620609474803,13.29057833539655
train:842,1.4836978733871762,-0.5829494767270078
train:843,-6.669928790745421,-8.159012565611517
train:844,-1.8005397902162814,-0.04300566606384565
train:845,2.9490481368680466,0.09496388586611404
train:846,0.9176504354658026,0.318532777015996
train:847,-0.8672050782841482,0.4022981401928836
train:848,-3.409656409420562,-1.6035165220101977
train:849,-4.0188136929128255,0.2347884563085844
train:850,-0.579725134857864,0.1776944588576216
train:851,0.6711273093892103,-0.28739961161519323
train:852,-0.19263544073490602,-0.01276364292427555
train:853,-0.15781621830254167,0.03738612560842024
train:854,-0.23984840670445273,-0.45892698056129216
train:855,2.4014667166356722,0.5369610998685195
train:856,-16.309336473094483,-12.99839536088496
train:857,1.326537971235267,0.830873932185513
train:858,-2.25033067794018,-0.8582202146920481
train:859,9.143796631892789,16.226632532102066
train:860,-15.786682944713583,-7.8394038465222184
train:861,-0.25559001381771923,-0.21921473481191817
train:862,8.57315628406055,17.16355797246105
train:863,1.4184833412926499,0.24380904198608663
train:864,4.610677769919579,0.6693265785294105
train:865,-13.655931661595421,-4.292559375283182
train:866,-4.28813469598548,-0.40350967561033235
train:867,0.8197318184669492,-0.08699897867112871
train:868,-0.001569644576575796,0.02472269614740956
train:869,-7.428566485964685,-2.0052783231320985
train:870,-0.42798499657738953,0.24688366776334034
train:871,-1.9116099646155331,0.26846411115378876
train:872,0.1852077619656178,0.22088516174780978
train:873,0.08796304140524985,-0.11641606567683793
train:874,-2.8237575026982977,-1.536095308522886
train:875,8.828980296787796,1.7624380366436525
train:876,-0.21232442122586204,0.06038547341519038
train:877,0.14527352841478697,0.08459244497866303
train:878,-5.8192473956331465,-9.050941645208063
train:879,-4.221528901323056,-0.24881599692334538
train:880,8.333314240266992,1.532048389506564
train:881,9.977742428456486,18.028725025386912
train:882,-6.539265873566676,-1.2420803667311304
train:883,-3.8375171867592517,-13.196918720230153
train:884,-0.7103873546618874,0.11492655567109211
train:885,-0.5826894423375353,-0.07684395423245713
train:886,1.1438527595544388,-0.4054531438250469
train:887,1.4943263290478979,-0.3313334346647037
train:888,-2.0908538645076966,-2.9119317102510047
train:889,0.1515061987523767,0.14387885375780113
train:890,-0.330400654528016,0.15746886517980208
train:891,1.2994482177494637,0.9459257382920261
train:892,-15.898231285713031,-5.965822880056785
train:893,-3.9580844425639277,-2.269048745220109
train:894,-1.8407392586192382,0.06465616742353608
train:895,2.914906995122492,6.762961780590692
train:896,-20.58843891761663,-5.694200121664414
train:897,-0.7504487428701351,0.07271693117131661
train:898,0.3420684903623249,-0.32403019981805614
train:899,1.2055859970429772,4.9593017303255
train:900,0.3596511667383734,0.6962272358422177
train:901,0.3949719178240776,-0.3007754178309699
train:902,5.537857917482847,0.8938466962952114
train:903,-0.6982811619678946,-0.06426269739801002
train:904,-3.0847048950406584,-0.3903813145695115
train:905,0.9440618758065557,0.3273606279391799
train:906,-0.5124241738279718,0.20681737927309804
train:907,-0.820920550526161,-1.7069018123960233
train:908,-0.19744976711960882,-0.02701281861891018
train:909,-16.098156530323777,-6.4858677546318395
train:910,0.3650909220184695,0.12326479469433471
train:911,0.45617247725508253,4.089312742021428
train:912,0.7043723246185999,-0.09772250643767502
train:913,0.6606060169772436,0.10840010893492831
train:914,-1.0262990329949395,0.3136960049135457
train:915,7.064837974535344,7.550544178602781
train:916,1.779609309645577,4.123438919704632
train:917,5.279782779157018,11.995189648378219
train:918,-12.121844891221993,-8.458065573908641
train:919,-0.14759967864354318,-0.22445937417017625
train:920,-0.6226357637168591,0.3238399018090368
train:921,1.5129706422071694,0.36100504006699297
train:922,1.6679303271151098,-0.6085665077365818
train:923,0.1348305744297847,-0.06702118682028996
train:924,-1.330181229853281,0.23667414689524638
train:925,-0.4145791298621576,-0.3588370122257997
train:926,-1.254906834953685,0.21548516476745497
train:927,31.140069281441487,17.72933020178901
train:928,2.867796775695136,0.3719077498109071
train:929,-0.4703904936803208,-1.7835483298231964
train:930,13.519498492900373,3.22609158254405
train:931,-2.32323074437386,-2.215844965397205
train:932,1.5481167009253256,2.6222922583440735
train:933,0.22096042046170702,0.0940616989036348
train:934,-0.17909870003041317,-0.4980421494312231
train:935,-0.47981283976150435,0.23851012018962123
train:936,23.539986591403682,7.716609921098602
train:937,0.7496325251409244,-0.35564098209923073
train:938,-0.1794915544564361,0.7734125831487841
train:939,-2.691857907681422,-0.17022501265578782
train:940,31.661125356795385,10.649292186898812
train:941,-0.04325824046657528,-0.02826138602808448
train:942,0.3030726907273843,0.15202963647669557
train:943,7.04757516069788,0.23744836711115005
train:944,0.040400690700607006,-0.05978764177933041
train:945,5.058489973102468,4.513576290044797
train:946,0.3619666832695061,0.9164256226948932
train:947,-10.557306091375782,-4.895827430626696
train:948,-3.3559701788347667,-0.5520345938770435
train:949,-0.3189190771255756,0.08202126919992121
train:950,-3.0719606044771783,0.008368631531538398
train:951,-5.942154576084182,-4.4065964350481215
train:952,-1.306076937547012,0.3186804309543525
train:953,-0.28201354198696527,-0.6724630005910703
train:954,0.20679964561126235,0.061443303321386374
train:955,28.487332090008426,18.58403622283874
train:956,-1.5798409149655699,-0.49963738260871254
train:957,6.616291668229745,11.73445476300552
train:958,6.101630054148651,2.530149923734027
train:959,-1.5818479594118906,-0.9278053073455341
train:960,6.5682681203764455,0.31511961713659764
train:961,5.229696396879738,8.969260282655274
train:962,-3.581256152540336,0.170804797699182
train:963,0.552937404007574,-2.656751180855088
train:964,0.6424724145718022,-0.23059279037477298
train:965,-26.47129679694817,-9.937022202237594
train:966,13.83720753834704,4.6892157141785145
train:967,0.5648053270053103,0.46142676611615485
train:968,-1.8061706261698633,0.35640950739426314
train:969,0.21566327831200444,-0.35893116836040384
train:970,-24.96230435852624,-17.267851073399818
train:971,1.1182298175646146,-0.3750877904152264
train:972,-0.24909861745873096,-0.562738149130189
train:973,-0.06348036393154524,0.20427851616782264
train:974,-6.392431301530203,-0.81410934957732
train:975,-7.284662747421287,-0.29724206621914123
train:976,-28.77483893920915,-8.70776136580306
train:977,6.866943485111422,6.761815928964722
train:978,-3.649200441750121,-0.19316144704534527
train:979,-0.3248800037803128,-0.3481605625265555
train:980,-0.9913593971941254,0.24736229478091115
train:981,-3.0267307397552066,-5.604638806428999
train:982,-6.038111013077082,-9.586480625036272
train:983,-0.2528660681584668,-3.2326052496261894
train:984,0.9157782167988271,0.6018286848567203
train:985,-1.6194875976732113,-2.092767918084603
train:986,1.0594392689394043,-0.08564041977743964
train:987,6.767566192654998,12.792847323436185
train:988,0.48301721975566203,-0.12388064989960254
train:989,1.5167790055571895,3.199567799426077
train:990,-4.6270653191010735,-10.956603033341212
train:991,-0.7741271716802659,0.140035428875424
train:992,-11.483168665633313,-0.9230181812049658
train:993,1.3152772291610644,-0.19275814493545773
train:994,-0.018456108523074777,0.32568878590671724
train:995,0.1481381113093908,1.14355233178552
train:996,-0.500357847722182,-0.4118811546023064
train:997,1.9284533669398938,0.6616705434996175
train:998,-3.8622628313503715,-0.08128798112496036
train:999,0.06382341544646254,-0.08571531670269289
train:1000,-19.512209335903787,-11.483794073211097
train:1001,-0.6383966648640664,-1.6313843126192396
train:1002,2.6664198293740253,-0.14095771950058514
train:1003,14.112640798388835,3.9709556276078812
train:1004,5.43662932760107,-0.04929016006623893
train:1005,-5.098074994995015,-6.810446776341754
train:1006,-0.09518476217367633,-0.1915713496570161
train:1007,-9.011505285359664,-4.099230581351936
train:1008,-0.38327700060477954,-0.5483673550950241
train:1009,-3.2451089843934997,-5.862774411843384
train:1010,-9.857056327109616,-4.140342002936284
train:1011,-1.144100035740637,0.1675344412905998
train:1012,1.5700430919786905,8.85947936549606
train:1013,11.21864542756261,2.610846010914036
train:1014,-2.5710874833747677,-6.087931403130256
train:1015,0.5740064890708958,0.07625748715405058
train:1016,-20.630281400861676,-7.739100742936577
train:1017,-2.0294239850226847,-4.454329030146477
train:1018,4.295730328367085,2.506946142986518
train:1019,1.291861245704176,3.5313931343194462
train:1020,-1.0296011022976943,0.32405260907675604
train:1021,4.216013888954547,0.5982797832166009
train:1022,-4.335536185587871,-1.4224425769801037
train:1023,2.1120743392668495,4.5767328012777835
train:1024,-1.318086892529541,-2.705659871671135
train:1025,2.168038893065338,3.469560515403318
train:1026,4.156368823838177,-0.2455095473298316
train:1027,-0.17154078526515676,-0.3921319053690976
train:1028,0.7938601461600573,0.7706556629954144
train:1029,-11.005318208645287,-3.940531272441594
train:1030,1.9805796865044898,6.3942691832106595
train:1031,1.9210159817722072,3.9379176665834046
train:1032,3.3233333337433,1.2802135414269127
train:1033,-2.8904669737358732,0.13734541664194702
train:1034,-1.3704085932450676,-1.1511931619275182
train:1035,7.781162691031297,9.331611892352152
train:1036,1.1927680172173383,-0.3693970507040789
train:1037,6.6378758807534615,7.187762303902925
train:1038,-7.329225921910221,-1.0855629122490242
train:1039,-7.2333657226287835,-11.61332209969137
train:1040,4.163648021173373,0.5949408069584057
train:1041,-1.0074466697106441,0.2790044624402871
train:1042,11.006455686196258,10.761229564862079
train:1043,7.999456785786619,7.016619548500603
train:1044,-0.5739950392356954,0.23347519222207228
train:1045,0.9815908639455172,1.8326361427977351
train:1046,-4.472395044702244,-0.1375993413722291
train:1047,2.3135163738952302,3.2081628279073304
train:1048,-2.1790882712177244,0.09421234871900135
train:1049,0.2160910014740649,1.0296341084753162
train:1050,30.87513197586347,17.92196452289715
train:1051,0.62278703718357,-0.18057098858865273
train:1052,-1.1342426440628253,-0.44488551900602663
train:1053,1.4330303455092706,-0.26428827507256825
train:1054,0.2571347582056102,0.058506487886598665
train:1055,-1.1045693496948807,0.35663519679569294
train:1056,-3.0847569656864744,1.373999328568231
train:1057,-3.146923737793079,-4.4896221732555315
train:1058,-16.51865489027726,-4.934378946636293
train:1059,-0.002455775388409742,0.2194273109303564
train:1060,-1.0858597157700989,0.2656451335480662
train:1061,3.087852671453315,4.447292653856475
train:1062,0.1294331265494141,-0.06535112804795234
train:1063,-0.8080481754723032,-0.2418595705058229
train:1064,4.704686671775663,0.055239127355026583
train:1065,-7.155476404984612,-3.8195121073133316
train:1066,-2.330006204702434,-0.46740944966345105
train:1067,-2.631313229175283,0.14525053744601077
train:1068,-3.9524970763012726,-0.31851051041810613
train:1069,-8.678716208951483,-7.671159388135982
train:1070,-0.11398644956159715,0.06876437076928474
train:1071,0.7238016492551964,-0.3156587208260821
train:1072,3.863199464981768,12.07273321697871
train:1073,-0.5983766542225832,0.08351200333408104
train:1074,-0.2531850008640901,-0.5406956273761305
train:1075,8.763698584261837,2.713065049178061
train:1076,-0.5452413496661809,0.10412556308471244
train:1077,11.238752135511294,5.912912208379567
train:1078,-0.32008369290922933,-2.242329802114047
train:1079,0.21418530882049336,1.987604300883174
train:1080,6.691491444034221,0.46605404081911106
train:1081,0.09992522621940764,-0.09798799820509657
train:1082,5.046787095455309,-0.129985391281388
train:1083,0.7462313123987029,1.188876812410971
train:1084,4.096090542475364,8.392486622302874
train:1085,-0.022837016518830994,-0.877508812169747
train:1086,1.1213375517785202,-0.44265608719765465
train:1087,-1.2137838099622145,0.27125213136374005
train:1088,6.560824807523633,6.265563453639262
train:1089,0.35325345105020595,2.019344333858214
train:1090,2.0862556674387345,-1.2898620371481282
train:1091,0.14304471880726755,-0.01336103506617653
train:1092,3.1815198596962317,-0.1865372776543272
train:1093,-2.5258050830904994,-0.27237757098235
train:1094,0.07144188558330414,0.41867895371063096
train:1095,6.265079346448771,0.14524183513660038
train:1096,-0.7173343691717661,-0.23521799649598407
train:1097,-1.8028806446956014,-1.2950647342282444
train:1098,-0.6870429683429962,0.03828274879930923
train:1099,10.956060599375926,4.2296076651544885
train:1100,-2.3852166639695502,-0.17490557117128136
train:1101,-0.2386028954531919,0.20175135124896776
train:1102,25.170941499988274,11.866101017192765
train:1103,-1.1529136899197252,0.21587933658550212
train:1104,3.951546149021837,0.674580918822749
train:1105,0.23882123312221493,2.3112839888468093
train:1106,-4.705270315035504,0.16022464404669193
train:1107,-0.7162515786886804,-0.16524129991903114
train:1108,0.8634490774196126,-0.07281307304573184
train:1109,2.912489196965649,-0.06741578662076714
train:1110,14.766852673089922,3.2701577948252467
train:1111,-10.389621874854784,-15.614527555362404
train:1112,-9.686344574467597,-7.050072426979455
train:1113,-15.894188371998599,-6.279936875387885
train:1114,-0.8825098963639845,2.241988212316016
train:1115,-1.0175049053080323,-3.313034275769867
train:1116,-0.024725042346143533,0.2938952551279247
train:1117,1.1755444888224762,-0.4607996890142437
train:1118,-3.8868578430018093,-0.026356150910451626
train:1119,3.586830328064725,0.52811834089069
train:1120,0.3027105207890744,0.1731253897651479
train:1121,-1.5526477175628557,-0.3551226953764782
train:1122,-1.02433034415826,0.3010407071187054
train:1123,-3.192040162893809,-0.21324366660910854
train:1124,2.5039728970058643,0.13778951974349632
train:1125,21.14606654499933,5.622492461660778
train:1126,16.78106055254214,3.015515952647913
train:1127,0.04403749986932219,-0.9815614698247817
train:1128,0.23427551223412127,0.6494704763495069
train:1129,-8.695819556436136,-0.24805033635604212
train:1130,0.04772080068608742,0.029802348278895455
train:1131,3.270962816797321,0.02670140158219561
train:1132,0.5874421104408798,-0.18858018045361602
train:1133,1.5570563474706294,0.1254517849117298
train:1134,-1.9793650328177543,-0.7538392945131891
train:1135,-0.7165328531593832,-1.6875487322322018
train:1136,14.404122975337508,3.556470051502337
train:1137,4.986396304304216,10.129979447600709
train:1138,8.161070122905244,0.9195039576532071
train:1139,0.03048530069185268,0.11615800378306568
train:1140,-1.860724855824753,-0.5417879811983479
train:1141,1.2602920219287506,-0.2875417017819594
train:1142,1.5479772259811755,0.8928664738696588
train:1143,0.37478931225995016,0.04886297378220431
train:1144,-4.151090800111867,-0.03151790433809609
train:1145,2.7580423149357007,3.5123761630239994
train:1146,5.444804883910671,0.14447631723010712
train:1147,-14.03634306293423,-20.73482945805146
train:1148,3.134776691830231,1.829344387267652
train:1149,-0.375356683442973,-0.3564307523434251
train:1150,5.435162051188611,0.37631439957118873
train:1151,-6.232161108123745,-2.8057059004771454
train:1152,-8.909714611452962,-4.543274336004285
train:1153,2.514689221881401,0.8192938689156894
train:1154,0.1525466818357368,-0.27915581404817474
train:1155,-2.976986536007575,-7.443782024002175
train:1156,2.3984208163136733,0.994032818016648
train:1157,0.20286993905983186,-0.0401028039018394
train:1158,5.475371282837657,0.2129770450667359
train:1159,0.8347018966808251,-0.06516973482802946
train:1160,-8.797954268538408,-2.653488813451866
train:1161,-2.853715790868789,-0.7044857872915429
train:1162,-0.920578652536807,0.24979765746852706
train:1163,4.350856405292991,4.538993310598742
train:1164,-23.960972821822025,-10.328696885466387
train:1165,0.2674163861718788,-0.02252913202122521
train:1166,18.701176775004743,21.659939099663617
train:1167,-1.4335361152586268,0.20861319354945612
train:1168,0.05311499415109448,0.11303202011420974
train:1169,13.050648818974837,4.993177395626333
train:1170,-0.5103519248452609,-0.7718416621278719
train:1171,-4.819217160157853,-0.029450321218676176
train:1172,-1.1615037192716926,-1.1550631217205565
train:1173,-2.2173985515021672,-0.5493521426664969
train:1174,-1.2303376261669152,-0.07111184288640784
train:1175,-5.129260662674027,-0.0457343393768343
train:1176,-0.5086759009330566,-0.764920900912851
train:1177,1.8946542874948675,6.239171203788115
train:1178,3.7594928702589234,0.07013034802509413
train:1179,6.929617481098253,5.030322276049268
train:1180,-17.522377957357172,-7.788506464014685
train:1181,-1.226795427501982,-0.013704990279101492
train:1182,8.872385829240283,1.8566709227635303
train:1183,-1.4489659958717178,0.18233749758008352
train:1184,1.5812998822628086,-0.37363079556263307
train:1185,6.660845544389069,10.564674924694971
train:1186,-0.2780503614489387,-0.5928578406251788
train:1187,-2.0001877121464107,-0.018608955623064735
train:1188,2.2247238349503613,0.0038307338260510637
train:1189,-2.2070992567096397,-6.668200253327808
train:1190,8.829593986542056,5.003866114155238
train:1191,3.322801004373127,0.16306930059821562
train:1192,0.684908131245966,2.4071723110059993
train:1193,4.958942521214181,0.4598965149376233
train:1194,2.2300262074104698,-0.17534867564716067
train:1195,2.7425840744172993,7.293758144451054
train:1196,1.0059403996952505,-0.2739993390705005
train:1197,-5.911800179072304,-0.7365766231983883
train:1198,-2.8763930220381617,-0.3328493484318296
train:1199,3.713480086183789,8.045306704428537
train:1200,-0.5687187020984952,1.7047340215691034
train:1201,1.1023612882521716,0.32828278741506
train:1202,0.5783561314333383,-0.3617391610837559
train:1203,16.859486383804807,23.142203176211755
train:1204,-28.923299789094415,-12.940767241361334
train:1205,-6.588930111679662,-6.255436878520659
train:1206,1.3881626507256084,1.3097892672533489
train:1207,0.678290742520762,-0.29439027662711725
train:1208,12.015661048414229,1.6561320514945699
train:1209,-2.1200241192437397,-9.025855597733333
train:1210,-2.853295041453936,-0.14923703960929516
train:1211,14.125388808284159,4.559036013118134
train:1212,0.07081064523190458,-0.033170986474042985
train:1213,-4.7352843931836555,-0.1316338369410097
train:1214,4.35565852762008,1.2953982153831631
train:1215,-1.329766059436194,0.07801820687114715
train:1216,-7.859795583204601,-1.3563891953391312
train:1217,-1.8419468791773381,0.15310415769766228
train:1218,-6.05832139740092,-0.6265955529227358
train:1219,3.955671352953318,-0.10867557544752132
train:1220,7.410967364435006,5.98079193371024
train:1221,1.532867440364909,4.816402962088206
train:1222,-13.308678103645908,-5.180596667982759
train:1223,-0.9777259538616884,0.2601947773017792
train:1224,1.3017067820117352,2.0097027456747547
train:1225,-1.6244066464951468,-0.05344558414009962
train:1226,1.7331276572998577,-0.08358981329441045
train:1227,-0.8870346960104555,-0.17173051218378332
train:1228,-9.992493936543099,-0.42214403061334266
train:1229,0.7578135442191716,2.893808306450561
train:1230,-5.873580325043318,-14.111270655300235
train:1231,-0.010025196836558531,0.11806851735066876
train:1232,5.002787864657222,7.867309953070276
train:1233,0.05966892177671006,-0.2673901490645331
train:1234,2.4592390981685868,-0.6462473648227105
train:1235,1.029049305816768,3.284749142472681
train:1236,0.48734257023199845,-0.1189036422209161
train:1237,3.807742135063506,2.4162680789303748
train:1238,0.32286139580340767,-0.1292515440747161
train:1239,0.2012569113307354,0.0037213129847763066
train:1240,11.928184223109177,9.806698639261851
train:1241,1.2165017710886485,-0.2822959211372213
train:1242,-0.13358732837949827,0.059575873318405165
train:1243,0.19430989682085664,-0.23358838206328325
train:1244,0.11905037924863665,0.30092422456733536
train:1245,-4.648717409430943,-0.2729125490198733
train:1246,8.84194216826415,3.3700309187295296
train:1247,2.3169276985709026,0.06769042019155803
train:1248,-0.8317944820885872,-0.07656348307998492
train:1249,-1.390760312178977,-0.2531497470097139
train:1250,0.3108240107485289,-1.2380166735581037
train:1251,-5.12587235136414,-1.6985953867334123
train:1252,-2.7812473993872535,-0.22482915098971235
train:1253,-3.0257479063154284,0.20079195730167604
train:1254,-6.8430915830726375,-6.5419836695694
train:1255,1.0320703331070604,1.8535081326056928
train:1256,-0.050162482660248,0.348679003421647
train:1257,-0.11251429152609227,0.09510982787475038
train:1258,2.2100810579387575,0.331019164411789
train:1259,7.617060655992554,1.381745525229948
train:1260,-0.7945193383479789,0.11096800351503998
train:1261,-14.017445137834846,-3.137760063309765
train:1262,-4.300531229021546,-0.04604448397778779
train:1263,-0.1709266305944156,-0.6639588470457907
train:1264,-16.41919437777083,-5.156639352836797
train:1265,-3.556644403895601,-4.332136907838343
train:1266,-2.3474768362066816,-0.25197650450822284
train:1267,-10.25102655268574,-8.361258230811393
train:1268,8.280658729518466,6.309523526277815
train:1269,-0.6191863158897857,-0.629313384014164
train:1270,-18.568261510554787,-12.317315534618142
train:1271,-1.156735070931199,0.2966210752247132
train:1272,-14.290916450328929,-9.133295165678724
train:1273,0.8891480332539986,-0.39112215215587365
train:1274,-1.2100447191677892,0.26916400508767924
train:1275,-29.8029924375064,-11.134668832531515
train:1276,-0.3025168236935179,-0.4522655766988625
train:1277,6.280450880043559,0.8086739128972076
train:1278,1.3920816641979874,-0.19785313310401925
train:1279,6.215905130306233,3.13202703617998
train:1280,13.889770995632427,11.183882187018858
train:1281,6.857671190824321,0.402881694236214
train:1282,7.520346405136437,1.828997150856097
train:1283,-16.93438320714081,-8.87130315324825
train:1284,-1.4422944443765355,0.22647618155276292
train:1285,-3.900901575128288,-10.46076883951069
train:1286,8.089657091834445,2.858284052829296
train:1287,-2.3897333275776127,0.09316065322763561
train:1288,4.641492434247152,0.04188607553844592
train:1289,5.002741837925652,1.4833178820422148
train:1290,-0.5423342269136112,-0.06416982521069597
train:1291,0.1767644137632482,-0.01943667364272074
train:1292,0.40091192323719227,-0.046644800666293895
train:1293,1.7255597468302706,-0.09917208292814808
train:1294,-0.9714037871016022,0.18468840506817574
train:1295,0.31609058463963857,2.513349616104456
train:1296,-9.154296013848745,-17.210025511315145
train:1297,11.639632879653579,15.347744933113047
train:1298,2.6200960161734357,4.34599891360615
train:1299,-8.844618865519204,-17.104320698819425
train:1300,14.324198253341706,6.757112116737198
train:1301,0.5071978745938535,-0.2731943041196355
train:1302,1.6851666407131858,2.393253181095314
train:1303,2.8568066150125846,0.8789944220262755
train:1304,-1.0872907286970794,-1.6279560306939804
train:1305,-1.4624941356213212,-2.498273852165117
train:1306,-3.1028133919561527,-9.372023194499866
train:1307,1.9581814052234172,0.8282699444204698
train:1308,-4.408562476846006,0.06641945503521277
train:1309,-32.896637822386914,-13.85773386375721
train:1310,-0.6448752760198408,-0.8768726876179294
train:1311,1.4648022728701942,3.9371187660473694
train:1312,1.0612756890373811,7.0239460370592814
train:1313,9.5819329932835,1.1915855132105588
train:1314,0.24163711601548635,0.10205755198286251
train:1315,-4.722431777080219,-5.002720322348145
train:1316,-0.127775872373242,-0.15253050706909838
train:1317,19.87210798412962,7.290604199263437
train:1318,-0.21842993690603485,0.049092586355909296
train:1319,11.245151245948904,14.579575818126601
train:1320,-4.615956139799514,-1.541436671910328
train:1321,9.774914245341494,13.237605523425046
train:1322,5.09116151385316,0.1595062042075007
train:1323,0.8283962344557968,0.1704848095023381
train:1324,4.258029321130338,2.2040330184922454
train:1325,30.79603666486888,10.662038074308006
train:1326,2.112417912545939,0.38654617552564363
train:1327,-2.8017283651027425,-0.19316758146017549
train:1328,-0.6427664148642906,-0.5739043533901846
train:1329,-0.029795189024241747,0.1498874417536424
train:1330,-6.0275927426222395,-0.29389752618935583
train:1331,0.8597669388940486,1.0916584635200932
train:1332,10.786831000473743,1.3466462581616916
train:1333,1.6323323695779073,-0.4734434312834735
train:1334,-12.356075393095912,-5.334727407113462
train:1335,1.3846325398891683,-0.42990805987631026
train:1336,3.0672092174278918,5.569660027926321
train:1337,1.1060699270171241,0.8420866438695704
train:1338,-0.4761938136481684,-1.0715135330188033
train:1339,-0.2558317703875795,0.11136559919252727
train:1340,-4.035821267602495,-3.3103839232415715
train:1341,-2.3695438644953977,0.18892700039427007
train:1342,-0.5211572812268134,0.17317952954254529
train:1343,1.6982624081359239,-0.448046525903739
train:1344,1.4699502930587762,7.0965820737955605
train:1345,7.07183822198224,1.1961228402728061
train:1346,0.4535804516471721,-0.06230453511986486
train:1347,-1.7566312181318922,-0.08156402979232238
train:1348,-1.662162746334833,-2.083846339009245
train:1349,-4.833770905663441,-0.45005519010862644
train:1350,-4.997053292947061,-0.08821159555618144
train:1351,-5.646304043884726,-0.16010964792229798
train:1352,-1.017341254706896,-0.6440111566258633
train:1353,7.296109747927358,0.29823613825479345
train:1354,-0.7618403589335987,-2.9453414453463576
train:1355,6.615578021432177,0.36814507094699345
train:1356,0.04649272380284533,-0.09235717603415172
train:1357,-3.7188044827952926,-3.8795785854015836
train:1358,-0.2312286226977332,5.927826540100856
train:1359,7.278084471061873,10.027086764991834
train:1360,-1.6397932898755512,-0.6539129581267737
train:1361,-4.976423089041331,-0.9939922195046722
train:1362,0.046121952909646186,-0.11015083088379549
train:1363,0.7603942956024299,0.09999153813235266
train:1364,-10.379815856448067,-19.45852422226604
train:1365,-1.9018690345160865,-2.47328196082499
train:1366,-2.349875107871344,-7.833019489952822
train:1367,11.37293633011335,10.187353060239284
train:1368,20.594102822021757,5.42222635786055
train:1369,-3.558663071253934,-1.5725927941900129
train:1370,6.651314756538809,3.3158705981755343
train:1371,0.841472475386354,-0.003766096967589283
train:1372,3.0880934981902146,0.20763981884278382
train:1373,-31.099694712602194,-12.828310578049644
train:1374,0.7380034529850452,0.16522269419485427
train:1375,2.869611112260289,3.291689305557863
train:1376,-1.6298933583397734,0.3925688869416755
train:1377,-4.943314526798969,-0.010951066002741733
train:1378,-0.33580647090503557,-0.4938965689532529
train:1379,5.8005877996114465,0.36706384466795644
train:1380,-2.5233154553374195,-0.002122359114697811
train:1381,3.0685488742664537,10.645406106434242
train:1382,-9.200079129182512,-6.712322388646527
train:1383,-0.1916725987037895,0.2429135600816777
train:1384,1.4527720940207631,-0.24246067182878406
train:1385,38.36153886708706,13.27591280412791
train:1386,12.540138909064611,14.971458215494764
train:1387,8.317585185898698,0.6803153127417583
train:1388,-22.073670404553145,-9.655481664333593
train:1389,-0.4401533718506493,0.3062150860280354
train:1390,1.637484574014814,-0.16501775042975142
train:1391,-3.056336156316998,-0.24329573688015538
train:1392,-3.9598706516820106,-8.520974996618698
train:1393,5.328001591932128,0.47307423661870635
train:1394,-2.1696458174987594,0.08280219447389517
train:1395,4.210423733193009,1.5130128723058163
train:1396,-1.6009697417966362,-0.264627094496333
train:1397,-10.153994763873442,-5.959441376703587
train:1398,-1.0543060666967703,0.23166261530053844
train:1399,5.957788149497159,1.4335205570406393
train:1400,21.016332530948624,14.012305079650334
train:1401,-1.2013579871878775,-1.2236441675932188
train:1402,10.240055745418557,1.3729509142754954
train:1403,3.091728680151248,0.23478702970048432
train:1404,7.925920016232895,7.738677836476842
train:1405,-0.09864095128971706,-0.03584266679343415
train:1406,-1.875969932136845,-8.28627856228833
train:1407,-0.7935978738836269,0.04937148823947143
train:1408,-12.523116165207899,-12.499547029460627
train:1409,0.12062656234665348,0.10062095762610003
train:1410,2.230528782125891,0.488564989342825
train:1411,-2.8170394595550654,0.18610516957234735
train:1412,0.048113306424749966,-0.2523759547762402
train:1413,-11.674896502859875,-3.072313560754559
train:1414,-0.4875926359170797,-0.44015196199961576
train:1415,-2.774832016872827,-7.566756783514003
train:1416,-0.5655058967599965,-0.013576381558880898
train:1417,0.9428010223114383,0.16349706903701922
train:1418,4.395433062359859,1.4894324670198908
train:1419,4.421495815340236,10.521019575546594
train:1420,2.218591121656079,8.159410814774178
train:1421,-4.276952989712963,-0.556369057267462
train:1422,25.443213327962663,7.47970281485638
train:1423,-0.9338057588652865,0.25572150494322465
train:1424,3.2150349914007923,0.03387681234307763
train:1425,2.141213909515179,0.07865162086757468
train:1426,2.9093777434198995,-0.22627844215856535
train:1427,1.979025935626657,4.730430992832547
train:1428,2.0507439519086645,-0.47430809845292105
train:1429,0.19577043194434895,-0.00516388758403008
train:1430,-2.7781199062229267,-3.7812584670750278
train:1431,1.694249016618003,0.32597696074292976
train:1432,6.954918700883571,3.4820022499655785
train:1433,5.104071314683697,0.22134210432225965
train:1434,-1.8043676800584825,-0.12402060015421862
train:1435,4.184451638926329,5.253734240308143
train:1436,26.578779270248827,7.613365722253873
train:1437,-0.4677950974279268,-2.1905798786059165
train:1438,-0.9941242555036619,-6.493809967246505
train:1439,-0.8018987251847232,-0.20055384489824668
train:1440,-3.753132985882489,-1.8482561347041904
train:1441,1.8228587463897368,0.3644209105017815
train:1442,-2.672044562031932,0.6808184774186503
train:1443,-0.03626775626576975,-0.9288107807344577
train:1444,8.33292278059041,6.836397859149486
train:1445,-9.106232948094602,-4.9651976761003125
train:1446,-3.164537098656841,-4.656057121927649
train:1447,-10.962451049477218,-0.5378983342135288
train:1448,12.649786671491771,19.206919568914866
train:1449,5.031796328458051,1.202449419214151
train:1450,0.3350094309806455,0.35446703780521865
train:1451,0.1874554006905975,-0.06466856740247767
train:1452,-7.658880996323348,-5.564720599859543
train:1453,1.166387261364298,0.4061840066662376
train:1454,1.388950684160057,0.6913483788008157
train:1455,-5.9634221804846765,-0.17626612731631053
train:1456,-5.655551697598361,-0.7993799062657994
train:1457,-8.974713654758776,-0.3540918283633734
train:1458,-1.1232859573668699,0.15366238944721655
train:1459,0.4103080015372275,4.206307731021035
train:1460,27.2704671326101,10.663680385552798
train:1461,3.182476192896621,0.8638583954062373
train:1462,33.59004523773275,10.811511223313625
train:1463,25.58908366321858,8.997467178009702
train:1464,0.9100234806031919,-0.1770407755146442
train:1465,3.4750074538835434,-0.09357093420568449
train:1466,-2.9763774954181192,-0.20689668717193255
train:1467,-5.284335879327372,-0.6388382756550381
train:1468,0.288935510388325,0.2731212019660363
train:1469,12.993097737686641,1.7543028039530488
train:1470,-0.7122347002971561,0.07859983499354244
train:1471,6.481329203439333,13.957616914099315
train:1472,0.13019954136751918,-1.9953174600558454
train:1473,0.9041448441655033,-0.13841208000683444
train:1474,-11.471644315914666,-6.890105148789778
train:1475,2.690964862503809,-0.13767338233262233
train:1476,-0.9361607932972619,0.16966008735969224
train:1477,7.411713090469729,0.30079319061334464
train:1478,0.1338221705835791,-1.2035212896986036
train:1479,2.3375104809956206,3.646645949507258
train:1480,7.113126059866048,4.913815757663121
train:1481,-1.8746588676618336,-0.11649231787978626
train:1482,1.6432367531698064,1.0799370233875536
train:1483,0.7806181625042017,-0.0860927972059693
train:1484,-2.7845724820557933,0.15702761529445292
train:1485,0.40903459529713665,-0.05740599088668186
train:1486,8.344713992368863,4.190541999585629
train:1487,10.589252654256562,2.40167387806674
train:1488,5.320406251390191,10.92613975479685
train:1489,0.9988362434149625,1.1413777530585953
train:1490,2.4584494375264567,0.479850482433191
train:1491,-1.7129920651479527,-0.2709799230267192
train:1492,0.6585949045117186,-0.16291749798484007
train:1493,0.03574676050167687,0.17587603284287753
train:1494,8.132633971291911,2.24415209148219
train:1495,-4.367516395532058,-2.7173552048754437
train:1496,0.843857032014841,-2.789455407609339
train:1497,-1.025864103627431,0.2945058433947512
train:1498,-6.117310000446824,-4.589917002514193
train:1499,-3.0280022863293756,-2.1263024813887115
train:1500,-0.1649304865162805,0.14040670363346514
train:1501,6.266549877276594,8.180501218282254
train:1502,-2.082637395547811,0.5164646646429032
train:1503,0.27259602068113487,0.14569192999216996
train:1504,-22.097217494457535,-4.9422464049865145
train:1505,0.30022042811951366,2.4188836222210286
train:1506,-7.065840507544116,-1.104439077324995
train:1507,-1.8333519682023254,-3.410814565591359
train:1508,2.7903726069897057,0.4252387830763362
train:1509,20.488977767116907,6.494062702382959
train:1510,-9.673059121120815,-7.119337103453667
train:1511,-2.9690048498703425,0.030690768473209083
train:1512,-6.025544785525635,-1.1209684720763637
train:1513,-0.27132883143210274,-0.18969136550275434
train:1514,13.810030380562903,3.735792121785555
train:1515,13.892197859660639,4.664684902576328
train:1516,-5.787421073044005,-0.20350349980593496
train:1517,-22.535823421493554,-13.073943960718326
train:1518,-0.736687912422041,-6.562769920230544
train:1519,0.3891064152769631,-0.9644066500823456
train:1520,-0.029463587344524783,0.005046061266493915
train:1521,-5.902909581215693,-0.363971945421163
train:1522,-1.6281396933753256,-3.0360591691076824
train:1523,-2.721087206810489,-0.5141444533826358
train:1524,3.4951780878482976,-0.18989151861919307
train:1525,0.2418496990761952,0.07154696986845574
train:1526,-0.3271706472797387,0.03567804773021596
train:1527,-0.9266104789548205,-0.2106211329387645
train:1528,-10.71699932342994,-8.047523142591668
train:1529,-14.830993188733064,-5.819575577287026
train:1530,11.304069181689771,3.3533595764722044
train:1531,-0.03322650510857572,-0.06992947009307643
train:1532,-2.309225832773503,-0.11797178180995557
train:1533,-4.775239780434349,-1.4603893538160837
train:1534,-1.7985127543612993,-0.002411960559010398
train:1535,2.4162422273024586,0.546883658517286
train:1536,-2.343635928703027,-1.5261023467643813
train:1537,-1.967457127002695,-0.44515364999843327
train:1538,8.825168911480652,0.9491796887074575
train:1539,1.6415688652960108,-0.002094540256746602
train:1540,-6.79587838464485,-0.25653180683253096
train:1541,19.37694589707368,4.526880266542736
train:1542,2.0347601233090575,0.9156230129777982
train:1543,-1.4330323782520047,0.017291066571756386
train:1544,-0.7220755874399102,0.09592720298568093
train:1545,14.18045537590056,10.161251838440549
train:1546,25.633245149868362,10.52853494701772
train:1547,-3.9980835319637884,-0.5727472315602242
train:1548,3.2515337246189646,3.0000914658700424
train:1549,7.038681308425905,0.2103214140884704
train:1550,-0.26497156347773887,0.310230345856065
train:1551,12.283443642852909,4.725132570348916
train:1552,-0.09243989527280136,0.19967506582013744
train:1553,-2.3079361544565944,0.14820761071581937
train:1554,0.849876305687881,-0.03849729914602959
train:1555,-13.622811011524565,-3.522692026014424
train:1556,5.789438637492564,0.17058267481800235
train:1557,-9.603059436150737,-16.974573545334984
train:1558,1.669390629780362,0.16908987210209744
train:1559,7.405438112732414,7.289922851234848
train:1560,10.292213795532948,2.328611000186923
train:1561,3.6116340872159074,-0.1603105143427867
train:1562,-2.352934258313037,-0.7114049792376538
train:1563,-1.8843856178086251,-0.05551074202574943
train:1564,-4.260962652282629,-2.6406365010784074
train:1565,19.32871174205471,8.230213374780256
train:1566,14.278409559010171,9.391637854770362
train:1567,13.28730804454289,2.9137197610247467
train:1568,9.049964398299295,3.102208929637343
train:1569,5.573050700307293,2.5915693969443776
train:1570,5.3779708152563215,2.7556164889786112
train:1571,-1.696945472823478,0.053346589049484285
train:1572,0.1941908782018485,0.6206397252729232
train:1573,0.18583086627860862,-0.1673681586050086
train:1574,0.16579424448935837,0.019446386089330123
train:1575,8.544040424552726,9.560003860166724
train:1576,2.1112904900807257,0.6508686236179728
train:1577,-0.16381364090099815,-0.2459570742908211
train:1578,3.5185896545986215,0.059955779055451686
train:1579,-2.653531122861922,-0.3702610045694765
train:1580,9.186400648332894,1.9065472818538491
train:1581,-1.9520337552203308,-3.1036527168534818
train:1582,3.5061440728738633,4.87308324319015
train:1583,-2.1540220667132997,-0.3082125398478083
train:1584,2.0951962438169995,-0.33863581354649125
train:1585,0.04728145461201444,0.005030368577393224
train:1586,0.03428657406554492,-0.0955282405189696
train:1587,-1.6744035323499307,0.4045265733755855
train:1588,0.9355348426376959,-0.08864400047131024
train:1589,3.6442170613770646,0.077831035888419
train:1590,-1.7006345850962497,0.43806206397495884
train:1591,-4.38081068229197,-8.238454093628333
train:1592,-1.9477832562973552,0.6847843052760128
train:1593,-9.657099468178194,-0.15375739003515174
train:1594,-1.5733881066744635,-0.1774517813082721
train:1595,4.619727369212521,1.8477068307667905
train:1596,-0.49325973535614054,0.04272392247561235
train:1597,-2.002391416263983,0.00038076745767104403
train:1598,-16.689219729311443,-7.92242330765399
train:1599,7.117806838991727,1.4102334623800867
train:1600,-1.7726968720320673,-0.028718185941724345
train:1601,0.044326910378433754,-0.047134341235830185
train:1602,-8.304605355756417,-11.615107071746166
train:1603,-2.542699683075407,0.9622605436985463
train:1604,0.21130154812106886,-0.15147952488178268
train:1605,-3.9229414058028946,-0.4532532174865355
train:1606,-22.393956946967705,-6.133186835923663
train:1607,-0.8343133995799389,-6.586042463488476
train:1608,-7.127743207089797,-2.010181004528772
train:1609,0.2828891553302959,-0.014017631444230086
train:1610,23.86135545938485,8.254594677853557
train:1611,0.6543057012917411,-0.1622651814310867
train:1612,4.28927914728366,-0.08921478637214508
train:1613,-0.5971653143326392,-1.581446894702238
train:1614,-1.7502718580533658,-0.20215307257841625
train:1615,-2.3258870446851994,-1.291649149115076
train:1616,0.6976910098773272,-0.2577390739372084
train:1617,8.766393240182818,10.4218349327114
train:1618,-10.195359312976532,-1.027010921319798
train:1619,-0.509039465620808,-0.9445131707702206
train:1620,3.9701318827045653,5.978198930827567
train:1621,3.602685607257474,0.2891035638414363
train:1622,-1.13745173006948,-0.07984867621280778
train:1623,-0.954661912180539,0.017435011329052647
train:1624,0.6117332991723101,-0.18605565475974623
train:1625,2.6790390574042506,0.12079091358801713
train:1626,-4.890671103878936,-3.4294597628159296
train:1627,0.6984955478468333,-0.3771038729822341
train:1628,1.6155712006229033,-0.24145655371755537
train:1629,3.1491447032018587,-0.35672349232555783
train:1630,-4.053606647564042,-0.3953938447898894
train:1631,-4.409134789033502,-1.4133809049893196
train:1632,1.240121620422236,1.9855233076476135
train:1633,1.706858713860378,0.3059229880195477
train:1634,-0.4990606145124654,0.2169898083305904
train:1635,-1.1027017801927101,-0.29413120459614595
train:1636,0.17602868343285616,-0.2385595406487594
train:1637,-12.967074210767437,-3.8349377353776823
train:1638,10.983434881747796,15.03394707413692
train:1639,-0.03166868621153865,1.234223833444403
train:1640,-1.1670713265839265,0.44022851103571303
train:1641,-4.239018129486524,-0.11925672772568147
train:1642,1.3536932779448207,-0.47533939344845594
train:1643,0.7682373203993532,-0.16704938302504974
train:1644,-0.1936738316941039,-6.610846042559395
train:1645,21.449292512245442,12.764854989940007
train:1646,-1.7273403175691593,-0.5193719734436932
train:1647,-1.1535727090308345,-0.38493252759213453
train:1648,1.7847364085925363,6.333177259220083
train:1649,-1.7283019973090745,-4.449575286635451
train:1650,-0.9939866402254337,0.3625138207936186
train:1651,-2.747182039028021,0.22264103099736615
train:1652,-0.4658287331736499,0.41174121585921925
train:1653,-1.7077164253854735,-0.48276110809781364
train:1654,4.74971662241102,5.554631567557028
train:1655,-0.5640760461242172,0.11276617169476318
train:1656,9.410287688348637,6.453672573854003
train:1657,-1.6873258859254423,0.250371153924752
train:1658,-5.261450365574735,-7.288540242483144
train:1659,-6.8236078632078225,-4.139298867093518
train:1660,-0.1307931803316903,0.29548963234055403
train:1661,-3.9885411212015156,-5.147461697607478
train:1662,-7.598525073908292,-0.8238453792170033
train:1663,-1.9416570518338,-3.310247254185586
train:1664,0.42693620437880847,1.2453249843750356
train:1665,-1.7437476850825027,0.18572141199343067
train:1666,0.09177314819207158,0.14661173556468496
train:1667,-0.8322521923636399,0.07351868492355149
train:1668,13.444239672702874,6.612327372591622
train:1669,-0.05358543024793294,-0.02623460390032635
train:1670,0.22506784133780883,-0.08100993520625827
train:1671,-4.446642391014361,-3.942848654639335
train:1672,-2.358419807866462,-0.4453408209811614
train:1673,2.641776466408616,-0.3483552945322139
train:1674,1.6835287399523824,5.342019597258862
train:1675,-0.3694978059557057,0.2783590649358191
train:1676,-1.692512726640146,-0.7215065058725731
train:1677,0.49904591279563754,-0.028456546016172965
train:1678,-4.151382767661621,-0.8607103591307064
train:1679,0.4384417249799946,-0.29072082660254267
train:1680,-1.407359690198767,-3.3152763330599244
train:1681,30.109148600252297,10.726625758786975
train:1682,3.187089094216147,0.006137273802231363
train:1683,11.048307467770913,4.207206208802454
train:1684,-0.41602432274179335,0.31057601299871007
train:1685,-15.315069807227951,-4.412353654696732
train:1686,-4.3756338372815975,-5.576572859954858
train:1687,-17.766552092916033,-3.3486686635364564
train:1688,5.7613079360069195,9.329643173174066
train:1689,2.7671637438248804,-0.13530264499193922
train:1690,0.05932302391521768,-0.018684137869938014
train:1691,3.737386324069365,-0.002933243158773066
train:1692,0.5983444019086165,0.1473691931354129
train:1693,6.19183500936128,0.6215936981094348
train:1694,8.885437894513855,7.397410923855642
train:1695,1.6344103137875043,0.6202916328965082
train:1696,0.5527969992304629,-5.629771076006172
train:1697,-3.8875584721379233,-1.352821533802496
train:1698,3.795712653588796,-0.21678279598374245
train:1699,-14.437856093489996,-2.7476689150720417
train:1700,0.3156838989483208,0.411804343267647
train:1701,-1.0677716751797464,0.3506211876890714
train:1702,12.647114331561855,5.310586285025335
train:1703,-0.32845451414064086,0.12285435954394687
train:1704,-7.653070935066534,-0.7163690047826297
train:1705,0.7177628490899753,-0.0030264006677071242
train:1706,0.9736252174268618,2.89309814093835
train:1707,0.15569753705320882,0.04421494193139219
train:1708,1.0983667258517111,-0.3473693656742611
train:1709,-4.564097030982086,-0.7763436093092377
train:1710,29.396221493395842,12.072280126246131
train:1711,0.42013680085148863,0.6555133742701549
train:1712,0.39303519199543263,-0.08176803475063124
train:1713,-4.017934070931719,-0.7613406852249354
train:1714,1.2271172090879165,1.5531593361712819
train:1715,2.294904604889594,-0.3089324062950996
train:1716,-13.333813348247688,-8.965928356595647
train:1717,-0.29010355366415447,-0.2007047800352333
train:1718,-1.8036182346919154,-4.665673316486927
train:1719,14.933465722039847,8.531872510754575
train:1720,2.828506916386279,9.65283039602156
train:1721,-1.3846494499592783,-0.6407873076413431
train:1722,3.6113655979484185,3.5758354004958193
train:1723,1.6352132245493287,-0.04254886615020578
train:1724,0.7422169910478212,0.07775756557126581
train:1725,-1.6738646941490307,0.06168382944705683
train:1726,-1.2088066465802165,-2.5498794029335206
train:1727,0.7080328445278207,0.01829539867420006
train:1728,-0.49287129763668236,-0.09274364416845851
train:1729,-7.0043190395124455,-0.42163344757433047
train:1730,7.481443588797597,8.863227350296544
train:1731,-0.871369335199991,-3.9601808017686086
train:1732,-0.5837152805517596,-0.638393601910249
train:1733,0.13216172137347154,0.06986214570228247
train:1734,0.5010975892240863,0.15801497076050586
train:1735,3.0965075566543123,0.9892572474016903
train:1736,-12.527199991572616,-9.985279218473533
train:1737,27.222404066855958,7.589004391693973
train:1738,-1.7063983871632544,0.0018580201452852718
train:1739,0.5228924089134692,2.870705814878156
train:1740,-4.78270866369359,-0.299397528397525
train:1741,-0.7991322396675049,0.31325475502819655
train:1742,33.68174536434667,16.637763867242747
train:1743,-0.6637192708074873,0.1578709546728046
train:1744,0.08521770958789437,-0.2956636670172326
train:1745,-10.960905667096034,-3.9985417229360363
train:1746,-0.3251952171540921,0.15679579147819284
train:1747,-3.35644718314376,-3.0835734931667287
train:1748,-0.0761052871886565,0.11691182350313845
train:1749,-0.5427273137978744,0.16235086075902438
train:1750,-2.257876969793424,-0.011767085835977215
train:1751,8.874549550540534,5.840952954525958
train:1752,-4.691727762875005,-5.5181983390732805
train:1753,7.5123586750849585,1.3769274416936084
train:1754,0.912077365384923,0.4786178930347374
train:1755,-8.726980118625201,-3.3186579649003116
train:1756,41.01187522981482,17.400792627923046
train:1757,-4.438770890083007,-1.4625712082443185
train:1758,-0.6156936308300257,-0.7248051091215366
train:1759,-1.3596183466491314,0.022666811214410165
train:1760,-4.225364462287186,-8.529647061937354
train:1761,0.6028394469003355,-0.15685698145415652
train:1762,5.2274331834526615,6.831838419661688
train:1763,9.946230389408163,3.956238738447641
train:1764,1.3816419646283489,0.022167213057768434
train:1765,8.016894873137232,11.476052667198044
train:1766,0.49881996338611434,-0.5016419096501097
train:1767,-2.112371361516461,-2.0422097829832646
train:1768,0.7730437432038876,0.03947781840473119
train:1769,1.0020653208302788,-0.028704490503963745
train:1770,0.2631359001359107,0.1229402413515706
train:1771,0.7526527388273758,1.5210540915226258
train:1772,0.7008659245226652,-0.10420715355650703
train:1773,0.2967293702674354,-0.20148328007543714
train:1774,-11.547448018227312,-5.373199033069454
train:1775,-1.4626103647414466,0.1600003812533622
train:1776,-5.310756153081255,-0.6821689287998425
train:1777,-0.003620856088544011,-0.07284688365770331
train:1778,-11.84025427731245,-0.5952518316778928
train:1779,-1.548233103122263,0.08053517154208659
train:1780,0.6671924887564943,-0.24719465681762492
train:1781,-0.29180816993990955,-0.5845462791734073
train:1782,-3.0840158888165563,0.41548962864213224
train:1783,-5.570637027017347,-1.3333073895841776
train:1784,2.2904458233833536,-0.012248566069748154
train:1785,-0.20111528488099495,0.16904607523342552
train:1786,-1.1341222306943757,-0.6936976341780638
train:1787,0.23005500042413773,0.190857415144869
train:1788,0.6992903225702489,-0.7715248124688481
train:1789,0.3457569052603756,0.07913702427362079
train:1790,-0.11120252967636013,0.08093861631278414
train:1791,-0.8612557745414234,0.09113529770797754
train:1792,-4.983668812389932,-0.12412788108334327
train:1793,0.5100979073700955,0.08592211505832585
train:1794,3.179616724083303,6.654303318684607
train:1795,-2.98980986237274,-10.92780951673604
train:1796,-3.31161854134446,-1.1350839032616176
train:1797,2.708123535049641,0.2194712504598383
train:1798,-6.489753198226334,-2.5238657748721294
train:1799,-6.703965326282862,-14.372856940387049
train:1800,-2.2965635999688314,0.5567433750792448
train:1801,-1.043867064501852,-6.525306050236435
train:1802,0.294248808385725,0.12516739058698245
train:1803,-11.130274740942367,-1.847649683600854
train:1804,-13.930957654800299,-3.4756364991203577
train:1805,1.6210741845443475,-0.21230695573060782
train:1806,-8.06866582090018,-6.822566668116641
train:1807,2.762654518880506,0.10790707317554687
train:1808,2.3198115754994473,0.015598681382652801
train:1809,1.1876055846178604,5.627837106246851
train:1810,-0.41193863671115494,-0.8746865533653942
train:1811,0.13328542450684128,0.1778204283528571
train:1812,10.350889974703955,7.310557881437385
train:1813,-0.958799203940513,-0.3345468694100935
train:1814,1.3298611942378846,-0.4260470877143024
train:1815,-1.4884862212966627,2.1928855027983607
train:1816,-0.2827483424843963,0.018113934123872175
train:1817,1.8520228409824133,-0.23991453302219834
train:1818,8.306901405176797,1.1398644071860495
train:1819,0.22841303164413007,0.16398775089303558
train:1820,-0.6492368899816564,0.44234873599402524
train:1821,-7.864712539902374,-4.424876135277456
train:1822,7.605347550182825,7.963330949782771
train:1823,5.640789031516216,8.98617072443017
train:1824,0.17835094125295617,-1.8447495319942377
train:1825,-11.755340071647916,-4.537695727689802
train:1826,-2.4748362893332296,0.3131066731074101
train:1827,11.234805924424807,12.100892178300976
train:1828,-8.442774814429322,-8.707736257500498
train:1829,-3.667184805965322,-0.21344881285389744
train:1830,-0.5526969828057272,-2.0754018176825477
train:1831,-1.7147898971780484,-0.04423197838665896
train:1832,2.0371107410344678,3.5137842252187608
train:1833,20.661013601895387,10.664160867160899
train:1834,-0.6127737228742423,-2.5939570280795174
train:1835,0.7177607569658131,-0.022152507482808836
train:1836,0.05757331074085405,-0.5455829014053231
train:1837,-2.6280606734777017,-0.358567811277318
train:1838,22.068881126810698,8.183067971575886
train:1839,-0.8169108783400844,-1.0171988534683813
train:1840,-0.8577914493869739,0.41402250487202846
train:1841,-14.718077993280946,-4.454489095575304
train:1842,-13.491619019391011,-4.468754605932684
train:1843,3.595938971750691,0.35284569769949814
train:1844,-0.10157631771847711,-0.06344275439249936
train:1845,-0.42215668734871514,-0.18102015614895728
train:1846,-16.859862674314346,-9.397355759854287
train:1847,7.595033842979402,0.28768893924941474
train:1848,-0.23533244047111113,-0.8259611816902053
train:1849,1.1390908525029124,-0.4386691455404113
train:1850,0.2915083581914148,0.12323497858504341
train:1851,1.2172579577441827,-0.3256757922614777
train:1852,1.2439316109799377,-0.2500672748879098
train:1853,-2.648070213881963,-3.0035156704506876
train:1854,1.7223355510379994,3.416930374697449
train:1855,6.312103323868994,4.030819527345924
train:1856,38.37608145459711,16.18531682023779
train:1857,0.8185195487440441,-0.4361964057205738
train:1858,-0.8151830162403042,-0.009646004912804984
train:1859,-1.0672672407984032,0.34066403379387844
train:1860,-1.0261618826331915,-0.309700634756983
train:1861,-7.7624848445040024,-2.026060008647322
train:1862,39.209248980972454,17.40640319225897
train:1863,-1.8337755071160613,0.051044899540844194
train:1864,-0.8194123614634173,0.42741264849921073
train:1865,-0.7843471982128682,-0.09285306500973328
train:1866,4.907915612896848,4.890660196269394
train:1867,3.928923777997163,0.7162299933348075
train:1868,-29.791443912130767,-9.060588369180683
train:1869,-4.585418100777838,-0.04130015608022147
train:1870,0.7540649226368961,-0.3181072083082186
train:1871,0.6747880617566713,1.6035628269545739
train:1872,2.1278749907731394,0.8801728003169267
train:1873,-7.025758198094246,-3.448489002941037
train:1874,-4.467809108538588,-5.293176019591055
train:1875,0.6818136471517546,-0.2531419006651635
train:1876,8.55444618521929,4.918289600664916
train:1877,-28.898869357877075,-14.83442400765408
train:1878,-0.2862189440113325,-0.5426255428138944
train:1879,0.2327675556296179,0.0658062988738061
train:1880,-2.026693530532705,-0.011657237012272434
train:1881,1.152835410874189,-0.393131244343191
train:1882,-2.757541308046533,0.0484510406933114
train:1883,0.11016931217987581,0.15007903522148075
train:1884,-0.7142859118091244,0.1702830871169893
train:1885,-0.8688990014808516,-0.06956896622619077
train:1886,5.069451308963227,11.926544690462674
train:1887,16.766015855233142,6.133400196676556
train:1888,-6.38117939286913,-12.093697568149619
train:1889,6.442529133642683,0.48129249790073375
train:1890,1.7907073309516046,-3.386328834805134
train:1891,-0.4479659446180999,0.06421591616385694
train:1892,-0.47852920535884247,0.037206087666192406
train:1893,6.206992681375038,1.5232562037858817
train:1894,-0.23769421619205366,0.035176167000614135
train:1895,3.150526202523666,2.0700790830423403
train:1896,-11.804325531699371,-10.551961053126096
train:1897,0.38690863884451715,-0.08844356203325154
train:1898,-0.4918273276797185,1.4271339178982816
train:1899,0.45684335173644475,0.15865202260758854
train:1900,13.068447681514318,6.0071282605238645
train:1901,-13.266605021826535,-15.52636203349209
train:1902,-18.82952783560277,-7.896324368428214
train:1903,-0.3863408002112778,-0.07182971208235908
train:1904,0.7322419755004428,2.9063276484934653
train:1905,-2.8712366333529307,-0.0475743785042943
train:1906,7.582235157187704,2.8805354300092034
train:1907,-2.405982623487586,-0.3155480160375173
train:1908,-2.4944376330676112,0.07877630641552011
train:1909,9.388412438108128,2.3577674458927507
train:1910,2.109013096700994,1.3476053667873633
train:1911,-0.5468167191603568,0.09761587899372436
train:1912,-0.7309980320754356,-0.09331214749633324
train:1913,0.6478373182985376,-0.04754427707338302
train:1914,-0.8755012804204393,-0.00035850085978110513
train:1915,0.5609744152059861,0.5286430473498929
train:1916,-6.848433473433588,-11.294200139285813
train:1917,-10.277755530982676,-7.39835939273944
train:1918,0.23294550241252948,0.19714412038981738
train:1919,-3.0286661870635303,-0.18280626949023493
train:1920,0.9345292282903733,5.603865525019889
train:1921,4.237814752558177,4.7399327734222
train:1922,-1.9828347045117294,-0.6504615651502936
train:1923,-21.7621503272949,-10.450530358498165
train:1924,0.30808053859709544,-0.12609075116821863
train:1925,1.3797783469162623,-0.33501094502504364
train:1926,10.732052681075253,1.1134841408429426
train:1927,-0.14722309629433777,-2.0071397613810595
train:1928,-33.529285011056466,-12.421664498775561
train:1929,4.243291003781992,0.4486517045713143
train:1930,-2.7407517791862186,0.925895589923915
train:1931,0.7882627841930715,-0.663854561993676
train:1932,-10.209892602156978,-12.076952612914331
train:1933,2.2869563927389573,-0.04177507391673213
train:1934,-7.80533340701285,-3.0447320903911996
train:1935,6.207742126741604,5.397248161958184
train:1936,-1.3292825462964735,1.065938859388125
train:1937,-1.0445444478139412,0.3624343587224451
train:1938,-0.960241839779506,0.2851475795799643
train:1939,-6.971783254374059,-4.7783348407217865
train:1940,-0.5811508012453189,-0.3237387437832135
train:1941,7.207634746938671,13.94645399103795
train:1942,-3.0881364435832324,-2.9103444660788758
train:1943,-1.9649305383894147,0.32730420558882245
train:1944,12.444090883525051,5.326742907080158
train:1945,-5.036695791406378,-0.4113768486389345
train:1946,-6.575873397241286,-0.42840883742395514
train:1947,0.46229972778071876,-0.26416929595702304
train:1948,3.333590553594342,0.02825654707207323
train:1949,-0.21653912157983934,-0.12526503039990272
train:1950,0.08767897743566405,0.7566246870096842
train:1951,1.2926548581363906,-0.3712425109423192
train:1952,1.6237548929709131,0.37312821304051014
train:1953,-1.9606198327822142,-0.09503520475958818
train:1954,0.8169704470310165,-0.23117242124582815
train:1955,-3.2238190640019404,0.0708192570766141
train:1956,-3.905208561403644,-5.416111404719321
train:1957,-1.1689960808131987,-1.6636071097753407
train:1958,11.35365345416811,1.1520895826387212
train:1959,0.9199975663176094,1.8603920873317321
train:1960,-4.345866164868111,-0.2859929760285321
train:1961,13.607421638026706,16.149082115782694
train:1962,-0.03835197684785349,-0.1593886401885266
train:1963,-0.9807539548991883,2.7300990352144217
train:1964,0.5651456458690367,5.663770511071213
train:1965,0.8198610652485283,2.6026484354494595
train:1966,-16.119836515642476,-6.006930307138453
train:1967,-0.07348362315511417,0.28443969664071345
train:1968,-15.299528579117782,-4.20811273540811
train:1969,-0.0858226227767176,-0.03636929917357207
train:1970,0.9770586256353581,-0.02536522892414854
train:1971,1.0192735069812842,-0.25364406671638534
train:1972,-2.8375673818350844,-0.1828880141343685
train:1973,-0.5410726760437731,0.08967202577974391
train:1974,0.1851641760455709,-0.0562273272744106
train:1975,-8.41498768622277,-1.8273851435219028
train:1976,0.638091506576046,0.9914393871515452
train:1977,0.22115859111152036,0.024294713717390948
train:1978,1.0721375327713143,0.005504858431473858
train:1979,-0.9188189436581126,0.16156779557290035
train:1980,0.3002194982865527,0.24599895675008687
train:1981,0.7590004759938894,-0.3339912055551193
train:1982,-17.750296753091813,-6.418793206912843
train:1983,5.734529676563052,0.13133340478666558
train:1984,1.1112212016210696,-0.2118445920453777
train:1985,1.596882487939744,0.06842654997119005
train:1986,-0.16166747019788774,0.05520517408224511
train:1987,0.3732983251069851,1.2266903440504053
train:1988,-7.9461733459497506,-4.563636884059711
train:1989,0.8485859299962518,0.22132348708655383
train:1990,-1.780606728573063,-2.8636093553640833
train:1991,0.2736052381311813,0.034045009438074945
train:1992,-7.207738596390635,-1.533156210515138
train:1993,-0.4965142669487641,-0.35188258305961734
train:1994,7.092433092235451,1.2082120599735418
train:1995,0.8792715800004862,-0.3257879949885476
train:1996,10.506103271552009,18.430011623350683
train:1997,14.777651753098986,16.773441145277523
train:1998,0.8211514409401575,-0.250186967307505
train:1999,2.1821093578894453,0.6564515830871607
train:2000,-3.9016603188244647,-8.227430978160772
train:2001,-3.9999975931140086,-2.606725741218313
train:2002,-0.18734259906264805,0.033556396163803695
train:2003,-24.842443310855444,-11.692915418810031
train:2004,2.1931952913669797,7.7032911078764235
train:2005,0.32246807646090425,-5.1401043943138385
train:2006,13.79713545705974,16.587487915223598
train:2007,-0.6434040478172971,0.12376325156449638
train:2008,16.986300722357967,4.226313912373065
train:2009,1.1976947371612021,-0.0021357692308383996
train:2010,16.461469525182405,6.098111048070181
train:2011,-6.502562577097084,-4.039006605729437
train:2012,14.759016040894604,2.8222482175433488
train:2013,-1.3414112874397706,-5.308065243009782
train:2014,-0.30757929924968785,-0.9146659614223427
train:2015,0.6685358649269005,-0.1352009278344048
train:2016,1.6841519604944932,2.3526770228701093
train:2017,-3.14845703234577,-0.08677799707642911
train:2018,5.646271326654278,4.614222350217694
train:2019,-3.8793847754942443,-2.189012178964758
train:2020,-0.13443022195864568,-0.40365904147840886
train:2021,-3.0150724940901763,-0.17131294399289515
train:2022,1.0455738322831976,-0.2650141332738798
train:2023,3.071744710153414,-0.4519972317152408
train:2024,-0.12146265525540556,0.25143668751468834
train:2025,-2.799169929710548,-4.751847864092795
train:2026,-1.1190047739561808,-0.010409240246338172
train:2027,-0.00504396543535604,0.9110621468819
train:2028,7.817976172706769,0.592877218341666
train:2029,-3.9544938925850217,-0.7019601203111931
train:2030,-0.32725084537262505,-0.042339440081116675
train:2031,-1.315946881969797,0.019466073281110968
train:2032,-31.057967528644312,-13.67795156970091
train:2033,3.3836976246550043,-0.19821577688305503
train:2034,0.440138205217341,0.2797347431267089
train:2035,1.082746229481615,1.6621919973820134
train:2036,-0.3313703540772199,0.2100012832308165
train:2037,-3.6821202479014006,-0.3528923362728412
train:2038,-1.0216368505284805,0.35070193370753494
train:2039,0.18471657770396904,0.09998725830805248
train:2040,-2.6970700863443136,0.12167027482089537
train:2041,3.959092673333321,0.6154555740981078
train:2042,-1.6490135135168371,-0.6873694859678086
train:2043,5.4272519621893744,0.378091239959816
train:2044,1.7778870265435627,0.6108688863955984
train:2045,-0.0818179484428064,-0.44960966039897704
train:2046,-3.419096538557125,-0.5230841503808645
train:2047,-10.528713727825002,-12.33678131682187
train:2048,-2.0032803365747,0.2069131046766122
train:2049,0.3751621752773116,4.115317525112598
train:2050,-3.579133343890371,-2.868237557362305
train:2051,15.716677042752446,8.881917057693837
train:2052,-2.291195674284973,-8.733132734897803
train:2053,1.9482593901548158,0.0967291707291308
train:2054,-1.1156794588294012,-0.2047733236758002
train:2055,0.3911292668836208,-0.11232826282692018
train:2056,-1.922297929585759,-0.18264449213168793
train:2057,-3.189330164728972,-0.2226434447196073
train:2058,-19.402143148644175,-7.286250821804165
train:2059,3.483470096119854,-0.11109339085550649
train:2060,-0.5906018559191734,0.12197685290159871
train:2061,-0.4468152763288611,0.06339932568738144
train:2062,27.508106402119047,12.90400634402006
train:2063,6.480131113669083,0.49757480412917177
train:2064,2.950388258623089,8.423289944399412
train:2065,-1.2772198040605858,0.27893612791229416
train:2066,4.978977167108389,6.680606548190311
train:2067,6.335330551234799,5.043139493863465
train:2068,-3.823850501898459,-0.5329314554523528
train:2069,0.573574814118751,1.3847048810727167
train:2070,12.919438230182063,10.696793671484958
train:2071,8.35450141411636,0.5403797521891032
train:2072,-8.395572773997067,-0.31616374009350406
train:2073,-11.549119857891192,-4.076925563707466
train:2074,-2.0471396275121565,-2.8144644182466663
train:2075,2.861044328732347,6.037339825580498
train:2076,4.365639819539945,0.6566073686916873
train:2077,-4.324506971920957,-0.2136981839497883
train:2078,-2.6154674807703846,0.07384623414332572
train:2079,5.531244480547727,1.4611027407080488
train:2080,-0.6645045147430526,-0.4194550170055357
train:2081,0.21818266071983666,0.25350291535641317
train:2082,1.7628741760134807,-0.5119600310598209
train:2083,-3.256090776579402,-1.4273906245143588
train:2084,-9.655554085797009,-1.808489719236581
train:2085,2.8462506863228207,1.5743573059301037
train:2086,3.684429314983235,0.579953860884824
train:2087,-1.6076396660841366,-0.8953218688895515
train:2088,1.3134459231443727,-0.4190729713563391
train:2089,8.745185610008308,17.228359077511787
train:2090,-2.547697070324307,-0.388186335346756
train:2091,19.322500457875226,16.318482126729982
train:2092,8.931882121082895,2.194827401744165
train:2093,2.3716465086598895,2.9880420485352985
train:2094,-5.567125512840128,-3.03484541093615
train:2095,-2.7235187200035065,-0.7762714229393746
train:2096,-3.755855071875819,-0.750227122803832
train:2097,-1.0915661006517619,-2.4369414020488698
train:2098,-1.0843292107162914,-2.8158271143038456
train:2099,0.7468539517952132,-0.15840770445892394
train:2100,1.7083248279816363,1.6796426956444022
train:2101,-2.2410646600255646,-3.798528699412759
train:2102,-11.755643197193203,-13.735007904698032
train:2103,2.44611683050646,-0.48418564761613053
train:2104,0.015360521519090231,0.06394086612216499
train:2105,0.6739851509948469,-0.2339804139691803
train:2106,7.219730479011852,3.899626934534499
train:2107,1.1151362633033644,-2.3773959212387603
train:2108,15.102922200184514,21.81033326685864
train:2109,1.036444034897369,5.110666561671802
train:2110,-9.763838713103343,-9.764958428645873
train:2111,-4.054111546861865,-0.47551087174208334
train:2112,-1.004091599929112,-1.8127036342425442
train:2113,2.0914722628081903,-0.22083265105819855
train:2114,-1.6126110180101283,0.478125998561836
train:2115,4.803061604300128,2.713453657224518
train:2116,-1.8308544368690765,-4.096558544380519
train:2117,1.5062588754364241,3.9410430796090203
train:2118,-0.239184505970298,1.005484914539896
train:2119,0.13543357110499382,1.1496358167066145
train:2120,-4.250638252000154,-0.6908504097319601
train:2121,-0.8875268101050654,0.0614368835849361
train:2122,0.4800319910343683,-0.09229625986827908
train:2123,-0.2397444978710609,-0.14962293710036195
train:2124,2.0603935259196926,3.069048850959501
train:2125,-1.2954714952520745,0.07640342916268691
train:2126,15.81456799722071,6.222924420101369
train:2127,-1.6167001909143708,-0.0860007809835153
train:2128,-6.190929060217598,-3.6623212938079956
train:2129,-3.104660970049662,-0.3009576670157528
train:2130,-16.68488112871541,-6.9914068780454635
train:2131,0.4816422292645818,0.4602150765263672
train:2132,-7.57342330329311,-1.8540296176851414
train:2133,-2.196164421088268,-4.0543118280701425
train:2134,2.1753538889695325,-0.21649633307724997
train:2135,-29.9449816499831,-12.770389147900644
train:2136,4.927645273579848,2.3558526525008476
train:2137,2.089497065140784,0.04915878097175218
train:2138,4.633350816840627,11.505222808341632
train:2139,3.461543705066489,-0.11212982164020155
train:2140,0.9047578365450433,-0.13822462370248628
train:2141,1.142165112730222,-0.39545661554629213
train:2142,-0.9784107758374657,0.15961819294335555
train:2143,-3.1072803095008017,0.08131595415525054
train:2144,1.0828573445204546,0.8170395427959714
train:2145,-12.5528429249711,-4.63651487352976
train:2146,10.841473564259928,14.609938603641842
train:2147,0.11513636362842306,0.05597069198873839
train:2148,-3.18656995558424,-12.59896107087831
train:2149,1.6775768791690147,0.17255196463932798
train:2150,-0.2129753042985627,-1.7431397980497494
train:2151,1.2650815915108669,-0.39625408947422686
train:2152,-4.229834634247198,-0.022492325532243604
train:2153,-0.8316231603655228,-4.783101423705714
train:2154,-7.695823259863919,-0.7104625619267528
train:2155,0.44719528870397823,-0.05177859257517714
train:2156,-0.6506853372766557,0.14295683694273104
train:2157,2.568961247232627,-0.17235679313971053
train:2158,10.642258712031385,1.130558642549345
train:2159,-1.56757920770885,0.16237825163454558
train:2160,-10.300847002736175,-5.068411060210081
train:2161,-0.7332024335677287,-2.1845339134778534
train:2162,0.08093966436344889,-0.08555225539685579
train:2163,24.33321779210403,7.529344782235859
train:2164,1.9267353843153243,0.031242152503883062
train:2165,-0.33972106767084975,0.2645159732368671
train:2166,-9.774905585005177,-9.511995704202313
train:2167,0.433243028895038,-0.8792885057745743
train:2168,1.0266208145808737,1.132310374635411
train:2169,-0.9046292277567568,0.1475854669233823
train:2170,-2.6373789944963733,-4.64341138240708
train:2171,-0.9537887990301591,0.33294936517117296
train:2172,1.3467065130758593,-0.46419259105862115
train:2173,-0.23988745968881475,-0.07036087638253519
train:2174,-2.684551745190357,0.084384802169699
train:2175,-8.341307722393049,-2.944632991763867
train:2176,-22.467871228703597,-10.296886948694445
train:2177,-0.7739295821760532,0.3061115856103759
train:2178,14.796560836193903,9.152977732494783
train:2179,4.445313486636278,0.2987825291571172
train:2180,-15.880884321992596,-9.933091611600304
train:2181,15.108311512026475,2.891855565283196
train:2182,-0.4498423475333999,-0.2241378167044223
train:2183,-0.08286877591785766,0.11436447207966768
train:2184,15.288072399044955,9.27613566848666
train:2185,-0.9672381354363179,0.2565362408291701
train:2186,-4.534699897003558,-0.798314372675863
train:2187,1.2248593422003657,-0.4519856761896303
train:2188,2.0339169972716697,-0.17415831384846886
train:2189,2.5164201059383045,-0.2539550672821989
train:2190,-5.860808604407489,-0.3004253995336197
train:2191,-1.132247222528517,0.1854507844368489
train:2192,3.893477615690844,0.5786299685679666
train:2193,-15.042368396425578,-5.160793635624178
train:2194,-2.4321027936533053,-2.3715445454555457
train:2195,0.44008822669568715,-0.0724855951563626
train:2196,9.610943781666732,4.0862115813335125
train:2197,1.3916820684829974,0.20774973899689358
train:2198,0.29450544228296127,-0.31698746361047986
train:2199,-4.506848145406215,-2.077470827410068
train:2200,-7.175876940148974,-0.8252493042482745
train:2201,-0.9730486616096131,-2.1756056293444255
train:2202,3.3716142128685562,0.5745211945789779
train:2203,0.10828779518329029,0.25505649157738075
train:2204,11.750381564306565,7.565675925398518
train:2205,-2.10622098139592,0.3282220139099974
train:2206,-5.210849785670022,-0.8951181492528626
train:2207,-1.7664760570647307,-0.23989570179527753
train:2208,3.8120091385215398,0.5389087765771292
train:2209,-2.012568438022139,-3.5117271161573473
train:2210,-32.939934564382966,-12.37680965753665
train:2211,0.21276452405608381,0.018189687013985475
train:2212,-4.857152020384292,-3.4155891375806466
train:2213,-1.7093310803222517,0.2788610883262309
train:2214,-8.16608999922202,-8.197275336141661
train:2215,7.31862890749336,0.2513860429271361
train:2216,-0.571784826287396,-1.8800791962706542
train:2217,2.5882148334395945,10.77665747549939
train:2218,0.42928194048117374,0.35640315898821784
train:2219,0.033727511997743057,-3.3767243384322767
train:2220,-1.156954046593515,0.14088554464225095
train:2221,-15.944098086013287,-5.927831165065653
train:2222,-0.5935817381009413,-1.4035331719354014
train:2223,-0.8457029235192401,0.1878123914856916
train:2224,-18.5661917023836,-8.852348667387588
train:2225,25.12681534699101,8.674177239379002
train:2226,0.21476436229695672,-0.28077472892012517
train:2227,1.384480047283564,-3.3774770168658694
train:2228,0.04249816140238502,-0.4875129256879052
train:2229,-0.4604074583236537,-0.18577261571269393
train:2230,7.708799835590836,14.235994947167102
train:2231,12.673951170482265,9.09265788880796
train:2232,-1.368342271947483,-0.28430929314883885
train:2233,6.033976802655659,9.299092075389618
train:2234,-1.0356942976911339,0.3617705579734863
train:2235,-0.5326432753358186,-0.355324275101017
train:2236,-2.863289815951736,0.3537571576146278
train:2237,-0.28903308346780204,0.06094099460935453
train:2238,-1.2568099705666138,0.25685979554626415
train:2239,0.621662171758999,-0.3748414151963457
train:2240,-1.390396282574745,-4.87685183096615
train:2241,3.629923901558797,2.62266602966629
train:2242,2.638769619070979,-0.3380841441941973
train:2243,0.37622113879077157,0.7221808037025963
train:2244,-0.9581185662130604,-0.032851354929224086
train:2245,-1.810097543222411,-0.3528506793163194
train:2246,4.6986799508475965,7.875676724255519
train:2247,-14.10893512219958,-6.986534726062131
train:2248,-1.0569660863399535,0.19425794954258188
train:2249,1.3471051789578885,-0.29806792964826717
train:2250,6.5654939637373,3.809915540126958
train:2251,-1.5177840956066033,0.05511815098814132
train:2252,-10.05369182270434,-3.603215208292706
train:2253,4.873495521262993,2.888527003264131
train:2254,-3.1764980049506772,-1.511652803962093
train:2255,-4.552553619687739,-0.5081752397703563
train:2256,-0.9377880009790135,0.2884176506669265
train:2257,-3.0235153773760652,-0.07216082782238348
train:2258,-6.409665755462356,-0.7066141439160254
train:2259,1.4739097542649588,-0.46903749482724183
train:2260,2.767116322343869,0.2051533835851857
train:2261,30.680348707527056,10.153823204741906
train:2262,1.4447746007231936,-3.4012334655913423
train:2263,12.56545082192898,7.526362030020249
train:2264,1.4455286952545654,0.23319229583582995
train:2265,9.493810863903514,2.2063535392278064
train:2266,1.050633285882244,0.23669411940864724
train:2267,10.695069504884398,3.9907672196150625
train:2268,4.56375979345691,1.0980967458756734
train:2269,0.26278233115249006,0.31671156911545684
train:2270,-1.7641665844478442,0.021366457931203606
train:2271,-1.927216513491214,-0.08150668014669987
train:2272,-2.4493184184679984,0.283969058628503
train:2273,0.7674935702596726,-0.44887524254906513
train:2274,0.9459798887468605,0.2677743461374088
train:2275,1.36291675600147,-0.47248660523076186
train:2276,-1.5985733297978961,-7.338979398468938
train:2277,-0.6913306605844121,0.11678942052815312
train:2278,4.6983856587154404,2.516283007679804
train:2279,-0.09977813700102128,2.1404877265415734e-05
train:2280,6.030606623088511,9.884472747731312
train:2281,0.7074356593086177,-0.08386415003205239
train:2282,-1.604924786296254,0.130813976777433
train:2283,2.175563333843998,0.4985801348572855
train:2284,0.6480746581618332,0.07979590322463445
train:2285,9.78604062655283,11.067914926494536
train:2286,0.9511685891274864,0.14031033625630596
train:2287,-2.3207687791513694,-4.66250967036423
train:2288,-17.651544773301666,-16.599733978973404
train:2289,-10.09616845202879,-8.683118708125829
train:2290,3.336547189952085,0.17373048559078924
train:2291,-1.5217860966707515,-3.640641701154593
train:2292,-2.829714942479431,-8.779343995118253
train:2293,1.442379351015655,-0.542637526321935
train:2294,0.07639522199567661,0.04181866830571799
train:2295,17.36592362534585,4.559984422183055
train:2296,-4.9248275878683465,-0.07656990281643519
train:2297,1.219744098623659,-0.12138679627988408
train:2298,-3.431801311219762,-0.1091880130770636
train:2299,-0.3602998983054837,0.10427478629197892
train:2300,0.8382313101425447,-0.02437587620675552
train:2301,-1.2330936510633221,0.16023191974800224
train:2302,-7.450124663165494,-3.611082095999688
train:2303,6.604624124235104,0.6743339729606281
train:2304,-0.21103729994959636,2.3478351149784986
train:2305,-0.10801994390909392,0.7445614315763696
train:2306,-0.6182502065562979,-0.05199586498881659
train:2307,1.337722002090187,0.8772258559646287
train:2308,-9.464253971732507,-7.60281572985117
train:2309,0.5435288891916853,0.04158506122933283
train:2310,-1.0354750895705775,-0.19793830160759296
train:2311,-19.263376737210308,-12.294549151914113
train:2312,0.6547660848365567,-0.09246160374707627
train:2313,-23.524514808925918,-8.829690706899163
train:2314,2.099909334638073,0.16231861941596298
train:2315,0.7191748004412554,-0.20361106605667967
train:2316,-7.302251467711582,-13.658704914501355
train:2317,-0.5720019422837898,-0.44016551477656635
train:2318,1.767597727455366,0.5855261921236664
train:2319,-16.665302565888574,-4.106615560842717
train:2320,5.5399505065615795,4.082564315064894
train:2321,0.49860552065948344,-0.1148328160073891
train:2322,-7.899330221040442,-1.7885377489923535
train:2323,-2.0035760234562985,-6.828488803661619
train:2324,0.6933317204979143,0.10468835998018691
train:2325,-1.3064233003249845,0.28321609487329025
train:2326,-0.9633505038263727,0.357003832328749
train:2327,0.016977501038270976,-0.05862274493522476
train:2328,-22.404955011230427,-7.046231427330848
train:2329,0.6784927487315395,2.979776851846779
train:2330,-0.47505848760278613,-0.2742890831756231
train:2331,-0.24445107986140768,-0.44713877516966954
train:2332,-2.0677428662620168,-8.99545343783453
train:2333,-5.824824998649711,-11.162670296319533
train:2334,-3.150447339798793,-10.643012888504455
train:2335,-0.01096514173101043,-0.32624786210960255
train:2336,-3.333588169630511,-3.371124330996293
train:2337,0.11156080720601383,0.00045338180996419564
train:2338,-0.18082075067418701,-0.8349348319612155
train:2339,5.801358631136116,4.816082831230552
train:2340,14.83109483236548,5.703074134871163
train:2341,-1.4765815698969673,-6.3619930907304925
train:2342,7.884734459974796,7.569324618275237
train:2343,-7.657618283162309,-1.9266702195673404
train:2344,2.579790314354685,0.6282047427059323
train:2345,-1.2968299812080972,-7.059917164156363
train:2346,6.502365279432539,6.073503199630591
train:2347,-1.094971613871428,0.27512908153646864
train:2348,0.297697791296318,-0.26225336127863974
train:2349,-1.714352875686378,-0.22011035937713713
train:2350,-30.7881281436959,-11.406338383669569
train:2351,0.12571542191309185,0.215462624359474
train:2352,1.4879411661047044,-0.24956482351506798
train:2353,0.5811643432046815,-0.09616793159103743
train:2354,-7.410817834405099,-1.3206227036624758
train:2355,-1.0682754121863685,0.35743552393982775
train:2356,2.002315229342609,0.07011693790895356
train:2357,1.118581294423873,-0.4518789659037457
train:2358,0.640709218819504,2.2524603717353315
train:2359,2.431676757080355,2.986491325530531
train:2360,4.648992466910586,8.354661535137827
train:2361,-3.354778132978763,0.1787731172420785
train:2362,0.21625837140704507,0.037479425778164294
train:2363,0.2972477521431935,0.45514533932117673
train:2364,1.522082540308499,0.32081378070718525
train:2365,-9.117595506878034,-0.5390082353153771
train:2366,0.4303726345444279,0.026131114994195806
train:2367,22.35030623045318,9.164921295508503
train:2368,-2.54205205441807,-1.952904543901811
train:2369,-2.8013169140174994,-0.026815804040291616
train:2370,-33.538062634208316,-13.417735969676636
train:2371,-0.42847129921599303,-0.18341457518410137
train:2372,0.24764441808915344,0.048316868201500565
train:2373,-6.572348400486131,-0.3050757139573919
train:2374,9.707090369500158,5.464929303441327
train:2375,0.44513780081952325,0.13713698919852796
train:2376,3.4813184626480975,3.2779793163946467
train:2377,-13.215955160774888,-13.200664422457676
train:2378,0.2033553118654744,0.12162305409278332
train:2379,2.113064378912075,0.6620936041316909
train:2380,-1.1626541551026914,0.21760538972576715
train:2381,-10.090559699608031,-0.3269063844085912
train:2382,-3.8411035524898325,-1.2701360416269505
train:2383,10.43365998556042,16.931495627326637
train:2384,-0.28414006996877456,-0.007933076567060493
train:2385,-0.7502325567067024,-0.7242033658249303
train:2386,-3.695200673080282,0.01549653624268836
train:2387,0.3452041195650605,-0.13647075170427003
train:2388,6.064444174372299,1.0942136612881144
train:2389,-10.054493338716725,-6.375994393267741
train:2390,3.1257373206998595,0.1892585441167245
train:2391,10.641421862366485,8.547913292231671
train:2392,-1.0240158281592016,-0.02363075879609311
train:2393,-8.945587567088381,-11.054381611232984
train:2394,10.536705933964473,3.629455321901511
train:2395,-1.9352925776739882,-5.311787548864464
train:2396,6.3757322583067735,6.895070826445597
train:2397,1.5553473144883099,-0.11095187133198031
train:2398,-14.921841588354706,-9.598813366739687
train:2399,0.7856711072725214,0.3835766907653645
train:2400,10.002020367068223,10.087180063312367
train:2401,-2.8853315062922644,-0.36216771415701454
train:2402,0.21582995087026385,0.12971905506063539
train:2403,2.9058776196964513,0.36863967597528496
train:2404,-22.803619033593684,-14.29378747176273
train:2405,-6.556793224881545,-1.0095841900734903
train:2406,4.6314037466202915,1.1529435502474183
train:2407,0.7938436416249995,0.12005207325299501
train:2408,0.6065364627532757,-0.094548446075847
train:2409,30.470450074576615,11.161897585553662
train:2410,0.5267430796632147,0.26055428254299484
train:2411,5.415676006741393,7.037308219167702
train:2412,-0.003297041759875413,0.2532862849164188
train:2413,-0.2784704134890709,-2.8179173804920565
train:2414,0.22073667940546615,0.07023206518262856
train:2415,-1.336920194238136,-3.9150666031771064
train:2416,8.518800108826355,8.423438882285058
train:2417,0.4951779239069935,-0.12578246115779523
train:2418,7.07132774368665,1.9944885409308333
train:2419,-15.695923809056197,-6.658502171463587
train:2420,3.4553482280473395,0.7848515548775117
train:2421,0.24920095846586915,0.031644455988100555
train:2422,3.3673142003404073,2.717387671721249
train:2423,0.2826098567546352,-0.0828158784001268
train:2424,-2.177084248728527,-2.672407634110029
train:2425,-0.032131510567876914,-0.05119361192374669
train:2426,-0.04445865481922759,0.37878763870386123
train:2427,-0.8791899277767302,-0.2846716516062546
train:2428,-8.665629739858355,-3.1101269497331834
train:2429,-1.3369187994886942,-3.849810980785689
train:2430,-2.2535044302943166,-0.009962854571828758
train:2431,4.356883582546199,3.2961922513648987
train:2432,9.113278584279774,17.311318050460116
train:2433,3.6673520028214903,-0.41449270339027994
train:2434,-0.03900390598263531,0.08030149313529643
train:2435,-0.08548079293442962,-0.23299947823957762
train:2436,-15.425180626469691,-4.280335341116991
train:2437,-3.257036881617221,-3.804652842664705
train:2438,-0.19399183456676622,0.20481684673438105
train:2439,4.078236819791185,1.6970779865393104
train:2440,-1.1066572896088083,-5.73781552578599
train:2441,-7.079257997171361,0.00041300880073244506
train:2442,15.554687123284618,5.497432571749901
train:2443,-12.516728212765821,-12.037486926434214
train:2444,2.539011327558785,0.6766453634043488
train:2445,-0.518504002872597,-0.6599007176443541
train:2446,-15.414712566994742,-22.801879596685186
train:2447,-16.61279675824677,-12.15924507455831
train:2448,1.2464647084239449,3.393336844617003
train:2449,-0.5694109627379604,0.049620930665767275
train:2450,-0.6973201796027,0.038500021212948675
train:2451,-1.072367374589494,-0.01723270678893489
train:2452,1.7382480149578496,-0.09446013903445316
train:2453,-0.837237724242287,-0.0022125207466217323
train:2454,-12.108801194445071,-13.578237369938975
train:2455,2.6153278327494225,-0.5995908602142315
train:2456,-1.2231769825342464,-1.499488116692864
train:2457,11.225364400538803,1.5909069585164934
train:2458,16.752254327410327,13.278626783377469
train:2459,3.148479175260022,2.7553009232668777
train:2460,17.773607027430817,10.6113135967022
train:2461,-33.90031811715062,-12.966520370783654
train:2462,-0.3068524023324253,0.05911022843454492
train:2463,11.455711919967582,12.25298686235127
train:2464,-11.687237245918281,-14.251814378885946
train:2465,-2.256076813180926,0.0596847235164399
train:2466,-10.76672493051835,-5.777910631759854
train:2467,0.027934652650706812,0.25601410226454735
train:2468,-7.15987730438903,-5.80058514090224
train:2469,-3.9370929985528496,-4.723897187553139
train:2470,-0.750835088465431,-1.5298300737298434
train:2471,3.3860222070575072,0.018018351381168016
train:2472,0.5110819031010748,-5.905180622939348
train:2473,7.462341565363273,0.2707618061597487
train:2474,-0.9758767485604977,0.32060720785429625
train:2475,-12.920690423340863,-2.907546887594654
train:2476,-17.198416715080732,-7.630334429458127
train:2477,4.274239564055949,2.831310317516563
train:2478,-1.3572926019554274,-0.6663673895011253
train:2479,2.7762477469373796,1.1262431530466572
train:2480,1.7450032514195222,1.0918232367556504
train:2481,-5.013624775978021,0.30890959207702756
train:2482,0.4037217622162172,-0.265915535601904
train:2483,-9.95138974066909,-1.6388031027219923
train:2484,0.29084283024957835,-0.17810673708701058
train:2485,3.212220154569602,0.02985606007386278
train:2486,-1.9051973715999897,-1.2321488917817385
train:2487,2.2829197553970118,-0.09641387882748811
train:2488,10.66744602727898,4.477954741751108
train:2489,-4.12445201561215,0.5000699416961802
train:2490,-9.744801313059808,-17.100578420451345
train:2491,2.7326941385858525,0.10904664772587642
train:2492,3.719190655313777,2.471014450091875
train:2493,-0.42553779245315504,-0.3233218888963753
train:2494,6.083568513797687,1.7497473589679307
train:2495,-5.717561792851038,-8.534952332139865
train:2496,11.213518328615649,2.002307637266463
train:2497,-2.9639354005669647,-2.410646161548526
train:2498,-13.37064589149886,-9.66442136133182
train:2499,2.0542233868487303,3.8502400446833116
train:2500,1.8818058556397559,0.04983727578414168
train:2501,-3.589260154668633,-8.009520585378976
train:2502,-3.2371272982562673,0.002549639752195354
train:2503,6.193366444248049,0.40932411375528416
train:2504,2.5384638884029953,-0.01280936571388254
train:2505,-7.177127565481521,-6.375068809932421
train:2506,-9.947469564905509,-13.403464182243615
train:2507,-1.7331610719050254,-3.3294428368151605
train:2508,4.0035475222822985,1.8169903891035448
train:2509,-1.658552204947266,-0.06155742045786239
train:2510,-5.294101914916766,-3.7817295330696683
train:2511,1.9596491465523571,-0.16048085134993412
train:2512,4.827351165823877,8.141995353731861
train:2513,-3.1480153616892945,-1.963645761608798
train:2514,0.4011600724086594,0.20637869728232897
train:2515,1.3503691251092422,-0.29366242117446556
train:2516,-0.8551439824887639,-0.6749598500877989
train:2517,5.804289929545671,0.6192189662660714
train:2518,-1.3614845214018603,0.18316521559973953
train:2519,-1.9361443046662652,-0.11422365434866258
train:2520,4.914259398273277,9.360432799832845
train:2521,3.5809135684756357,1.6858097798001603
train:2522,-4.416040193518376,-0.16560066249943672
train:2523,-0.767738289405228,-5.395335425636497
train:2524,-0.45501291617128625,0.05823400573948682
train:2525,-7.429181105551907,-3.3577892544417733
train:2526,1.9438475652131064,-0.06779112721189345
train:2527,1.816169876755656,2.1392789915088097
train:2528,2.001014625488409,0.3575289667703818
train:2529,-1.7833829773363714,-3.318664812619192
train:2530,-0.503100971186255,0.3645920321433839
train:2531,-5.989576986928194,-9.62185023433949
train:2532,0.20159223234229637,-0.236526695436576
train:2533,0.9412124026975681,5.757909526378107
train:2534,1.069685795711395,2.738686074690315
train:2535,-9.616755875666282,-16.295964604297474
train:2536,2.5461247821686825,6.483206785384727
train:2537,0.7650071969219558,0.13982757207524496
train:2538,0.16649975524851787,-0.06806061348199516
train:2539,-0.5347670138187448,-0.12314480544159054
train:2540,-4.745678066021725,-11.567724280953946
train:2541,0.2077125091207251,-0.13658930283738518
train:2542,3.351318283912307,9.040391533167607
train:2543,-1.1248789936873047,0.2513248414396435
train:2544,17.478115410754306,17.084140411460314
train:2545,-0.49342466447759803,0.19440624545458335
train:2546,-18.01859633465681,-11.419612686719026
train:2547,-4.454712411282888,-0.32504009569209
train:2548,-3.535837531727281,0.08152552288514966
train:2549,-25.664848950540158,-7.938482349714768
train:2550,-9.781747295932222,-2.463791878421757
train:2551,1.8362572906704009,0.24301870109865228
train:2552,-1.2146369317039327,0.6876552114165775
train:2553,1.351296633487841,0.2867430980790736
train:2554,4.392717485197256,-0.21931773591674264
train:2555,-7.51426175131646,-0.6753307681938152
train:2556,-0.5891178425134157,-0.05867766934707716
train:2557,-0.8900659514633188,0.11445877087508177
train:2558,0.5434376493323871,-0.05990483763475052
train:2559,-1.1867354340431757,-2.1524509239155583
train:2560,-0.15398170340049366,-0.09350145839121149
train:2561,-4.793839229153252,-4.974516280209918
train:2562,-0.6650036025848699,-0.4939775289629314
train:2563,0.2230198842412041,-0.13917417405388757
train:2564,1.4986147186640348,3.4111209411923764
train:2565,0.584320312503439,-0.18946553344051453
train:2566,-1.1011977753782909,-3.4906783696057917
train:2567,-3.7992880344006568,-5.387959861759176
train:2568,0.015197335834434555,0.10744385352545673
train:2569,-0.9889185856714978,0.10252747669102294
train:2570,0.6713411709702405,-0.07714882038344037
train:2571,1.9721093731462513,-0.10093294530605465
train:2572,-1.2743842784460133,-0.2711036099489946
train:2573,1.1458510868167502,0.4289254950589215
train:2574,8.016341622525438,10.23259251502197
train:2575,0.8011295802491631,0.2997814401487806
train:2576,-0.9235643461745812,1.2385537316889013
train:2577,0.2070920780774972,0.6337692276002242
train:2578,25.138311801720825,13.366080142484233
train:2579,0.2010636223039673,-0.18039144995925993
train:2580,0.5871320111483859,0.4539305825239739
train:2581,2.4166490292228966,0.14677907669482224
train:2582,-1.3212731976286514,0.12992020680274413
train:2583,0.4468797266428385,-0.14125473930701804
train:2584,-2.409389298998453,0.12908592638582783
train:2585,1.8791681519876362,-0.4193132121603896
train:2586,-16.351736856116126,-10.963107224991015
train:2587,10.767867987067088,7.19936633418883
train:2588,0.23233146397090843,0.0757430522731682
train:2589,-1.009736383377109,0.061720350614418426
train:2590,-1.1128062749799081,2.6789902293864594
train:2591,-31.440091682297286,-13.691607062434706
train:2592,-0.10674607275252257,-0.38163378168236106
train:2593,-4.091109600380095,-0.8858912760440913
train:2594,2.754834856136728,0.5875106039908526
train:2595,-2.9606754062056955,-2.9460110951885268
train:2596,-0.9833140174990641,0.14439300331706348
train:2597,-4.320208354142249,-3.5301728735695295
train:2598,2.7116759618771455,-0.0016042150527552784
train:2599,1.366535665885686,3.5025034643283304
train:2600,-0.13269596725725868,-0.10530649775841483
train:2601,-21.52036400277989,-7.392433262691782
train:2602,12.211221657106039,3.8248723847696287
train:2603,-0.1209474115658909,-0.18267701879636933
train:2604,-18.462757083801847,-7.962630259702898
train:2605,-2.795341807410107,-0.7234690906358285
train:2606,4.4017917250636645,0.6982280537025547
train:2607,0.1335802977845987,-0.27620416188914637
train:2608,0.7967605276236597,-0.11111607392429745
train:2609,-1.2812471430729215,-1.8060311028369342
train:2610,-0.3265359200547354,-0.03785061769427148
train:2611,-1.9568291362584533,-0.055290759056719874
train:2612,-1.7451168641175765,-7.066145735121233
train:2613,14.47382139442822,16.137116868325855
train:2614,-0.792271467164759,-0.06969407975656619
train:2615,0.22816674213858493,-0.12014828645781522
train:2616,-13.276941045021022,-6.656334868437972
train:2617,5.472146157212426,0.20130938805956852
train:2618,1.6441872749141897,7.297192846112764
train:2619,1.901932554997103,6.480372971054764
train:2620,-7.7721718442917105,-3.983363183394616
train:2621,-4.1951039784043695,-1.6525538928768702
train:2622,-6.358460319216512,-4.957524807094939
train:2623,-0.7319267027452354,0.10856174363266534
train:2624,2.2745008153098683,0.056919243714469644
train:2625,-3.2865623325443662,0.005915293581861714
train:2626,8.563298195008018,0.6634403935085544
train:2627,-1.588429549568096,-0.4399687855195678
train:2628,1.3719331137660569,1.8873298721203435
train:2629,-1.3088531863103205,0.3043016479138272
train:2630,0.14922090179247646,-0.2923353903197879
train:2631,0.9098151980199277,1.1181149107357438
train:2632,-1.9415252480115779,-4.861377127583157
train:2633,0.4359865010464715,-0.2926551645254168
train:2634,0.39060205159473327,0.1138083802422635
train:2635,-14.639328580147849,-11.08281448131046
train:2636,-0.12451262359660897,-0.17388868491755716
train:2637,4.0816697630832,1.1636573770788843
train:2638,-1.534505746660765,-0.08862545456600945
train:2639,-4.296947652789848,-12.980720257168432
train:2640,4.510401793906348,0.1541373072837272
train:2641,-4.061056934164062,-0.7454501255807744
train:2642,6.292154222607198,0.8839765654941221
train:2643,23.846193603122767,9.585541286444315
train:2644,0.15707706047997394,0.04741910372413152
train:2645,2.416422847355133,0.05813813767516265
train:2646,-1.725729381964225,-4.350721902201092
train:2647,0.10918950069722101,0.014922968456058408
train:2648,-1.845535104573841,-0.021425365334207205
train:2649,-3.765827530382555,-1.6993852996384167
train:2650,-4.019609629927443,-0.46789948954582233
train:2651,-0.08479945783225612,0.174920419407051
train:2652,-13.041380882012872,-6.097223757650819
train:2653,0.07010327480682307,-0.037944773828875566
train:2654,0.43557319029530656,-1.0286035866027072
train:2655,-1.3981085496115275,-0.41003754895459626
train:2656,1.031213492033498,-0.2404617798893821
train:2657,0.16145866585045093,-0.1215067740210993
train:2658,32.943480309302934,13.676325176647964
train:2659,-23.932066174730426,-13.385994510093495
train:2660,-1.2245893988020073,-3.6209371047549164
train:2661,2.9329717898888195,9.317417712399774
train:2662,-0.23086598784294277,0.2635464503720649
train:2663,-0.550961682042259,-0.022561516025096623
train:2664,3.2123352213985257,0.23864700323682217
train:2665,-10.99411744079707,-6.679201684352247
train:2666,-0.6818080087725605,-4.552110746576069
train:2667,-1.1180505328799537,0.3408874406223481
train:2668,-3.416159661149803,-2.494552116953675
train:2669,0.09519202776055215,-0.04492645120976918
train:2670,12.871393761087141,5.121852310462768
train:2671,13.711812124892367,1.8927034768508473
train:2672,0.899477780075999,-0.39139534760703554
train:2673,0.46202205641273986,-0.13074020962713082
train:2674,0.7167356161263095,0.34199762704581643
train:2675,11.449238422893092,2.3942258424979364
train:2676,0.5644043365408786,-0.018162498618150322
train:2677,-1.2545053795727727,0.0687887657677958
train:2678,-1.1387360618468625,0.15957625066521375
train:2679,10.502709381244355,0.952365019273276
train:2680,-12.86949568017407,-2.066544150650073
train:2681,-0.32735103487417294,0.2169508619294587
train:2682,3.866541517101846,-0.12640003980431208
train:2683,17.90495523150182,6.095963146914728
train:2684,37.19407779457264,21.51240043124168
train:2685,1.220836419894595,0.15159395036293663
train:2686,0.4748584004393587,0.03916952839430779
train:2687,-1.1380572837853316,0.28208664924047117
train:2688,-3.407029631305734,-0.1987969770230203
train:2689,2.1579211481584455,0.12617264998469116
train:2690,0.4876277964927855,0.49725224803774776
train:2691,-0.7897588260458941,0.25450532153792177
train:2692,-13.809194168891295,-5.304281307685177
train:2693,-0.16312684303017877,0.11214324326787109
train:2694,-0.13238772763068685,0.012084089667339967
train:2695,1.3179853676599795,-0.46761045874474977
train:2696,-2.8010272710501476,-9.268810381033337
train:2697,1.783715916917838,-0.045501374274094175
train:2698,-5.978362736502041,-0.2988878013233728
train:2699,-2.0628658923815664,-0.10613535706455088
train:2700,0.6549317113327351,0.40504457477671807
train:2701,-0.6349344318337792,-0.12088784009688738
train:2702,0.37446084876647656,0.7349309709360907
train:2703,-0.5023421112609581,-0.6840173849150928
train:2704,0.2769685601802421,0.008943697256673405
train:2705,-12.194688005386812,-8.032725792734585
train:2706,36.07458122551849,12.876429438802619
train:2707,26.882256292394413,16.22349741814137
train:2708,0.45241595209263846,-0.3797853255671107
train:2709,0.12357378414566628,-0.6886291809201635
train:2710,-0.7276685327003313,0.13413868695462758
train:2711,1.8915691017302665,4.326346531062935
train:2712,-16.611909697601973,-7.405209394192697
train:2713,2.2356644820277394,-0.22947504292837434
train:2714,-2.071288784258794,-0.041011267939958906
train:2715,-13.664242508600848,-14.36275427246565
train:2716,4.6062252647858255,4.832471134440824
train:2717,4.279214635313785,5.899326904764297
train:2718,0.16038831188321864,0.08142516100531029
train:2719,6.0710339005669125,0.8210428904463654
train:2720,-0.24561197631321746,0.09281698333633068
train:2721,11.159781422133479,4.183022062968583
train:2722,3.0423331637639914,2.3591192997283694
train:2723,-5.39312680068097,-2.5894301152564005
train:2724,-12.297657707488064,-12.486903857834637
train:2725,-3.960355559571173,-4.879999499078128
train:2726,0.9736325398614297,0.018171997073544693
train:2727,0.17083975059399006,0.18404165228601263
train:2728,-9.169253306859407,-10.497041206419627
train:2729,8.488918066958664,6.611735044908476
train:2730,0.786889420909673,-0.3114817549699105
train:2731,0.9544439257326124,-0.0368116190149963
train:2732,0.1578911292373303,0.1282039972583695
train:2733,1.4242187834543443,-0.5141296166583953
train:2734,10.842832980048911,4.2780632652379555
train:2735,-3.9374491245769128,-9.094218087245066
train:2736,-2.793548159628336,0.09426941304300383
train:2737,-0.5861909608104248,-0.41883030531851856
train:2738,-3.638603600410073,0.26084431196973745
train:2739,-0.24947636209913765,-3.607173189805518
train:2740,-7.924097251789664,-0.7124026062820272
train:2741,5.063605914053895,4.754997184315615
train:2742,11.939920574742931,8.912025906967266
train:2743,-1.2429259372511874,-0.015936775990838536
train:2744,0.7386408534798115,-0.3238822605580797
train:2745,-9.420741508489504,-2.773061683288286
train:2746,0.19539617417754607,0.04446096049824789
train:2747,4.742329564452348,0.43582093398016636
train:2748,-4.872449167342199,-8.317923012520668
train:2749,-0.8296637698584534,0.20951138600925517
train:2750,-16.99718784465866,-13.594599994203447
train:2751,1.1965082703029646,0.7220957778598327
train:2752,-1.1487082878953578,-0.758390031691577
train:2753,0.45491011278140353,0.003978530425217494
train:2754,5.51736067969054,0.9790742614442576
train:2755,-2.1430219103264174,-0.29365700006368534
train:2756,6.357209055890672,2.6879944090708108
train:2757,-2.2761677139692744,-10.164393859939002
train:2758,2.882140146493297,4.138839439466421
train:2759,-1.2386666049150818,0.24439252469901201
train:2760,2.2076509394951818,4.408317149919539
train:2761,-0.5803783425129673,-0.14299491586747373
train:2762,2.1998703297357656,0.2809991458857939
train:2763,-1.3675993354116431,0.6825923219302674
train:2764,-10.871989460367352,-8.790161679019404
train:2765,0.3174076930288965,-0.046245921041516536
train:2766,0.6751802188079734,-0.2927546704403961
train:2767,-0.6011821927241635,0.12692689768719395
train:2768,-13.966395448609969,-3.8497978559911683
train:2769,-0.1717400019770512,-0.42324209086796044
train:2770,-3.6388379183162454,-0.13530507022570934
train:2771,0.12615639519484656,-0.3486353377022561
train:2772,1.0263711544308451,0.9941393856417227
train:2773,8.058295685725803,10.32062793023356
train:2774,7.324126544875279,10.361965326540957
train:2775,-12.891847004890613,-2.664546738157067
train:2776,-2.866766926309399,-0.06487114575268646
train:2777,-0.8230554470046192,0.20202925450685982
train:2778,-1.0764981575187407,0.368134014734218
train:2779,-2.5888858809977684,-1.0815605632243002
train:2780,-0.6414246659015662,0.2690393195397338
train:2781,4.25429697162488,0.6449094675927987
train:2782,-0.565996848563405,-0.335203251796932
train:2783,-11.111159234930108,-0.6727032413951208
train:2784,-0.32285343284181106,-0.5599258765825368
train:2785,-2.1483419496127847,-6.419951042046853
train:2786,0.28424264343415295,-0.11705789666105584
train:2787,-1.703759753678174,-0.025690638231772686
train:2788,-3.5841776877038014,0.2083385714901942
train:2789,-0.9615033906493441,0.08022381432424805
train:2790,-0.4386088030733065,0.17034792645513713
train:2791,4.440514618724551,7.234260027029867
train:2792,-1.2277626862396631,-0.2736752137101664
train:2793,0.5428080361886694,-0.6535688602530387
train:2794,0.734701848598771,-0.12399492120841751
train:2795,-0.3201931807403872,0.9139321970576049
train:2796,-6.597496662749364,-1.632818481742232
train:2797,-3.3275303078895897,-0.1503028585208515
train:2798,-14.78236292487271,-14.50671272519967
train:2799,-5.235381568680111,-4.848336217618871
train:2800,-0.4954580929341871,0.11752426636049508
train:2801,7.095149599231015,4.721566620742001
train:2802,-12.200242827495833,-9.318674899276425
train:2803,9.660397877530531,1.4581589348935708
train:2804,1.401894191435431,-0.2900178654612371
train:2805,10.494551026844531,14.270549677923563
train:2806,0.8838940121078624,-0.0352573294899787
train:2807,1.5288724130479685,-0.015392525000664875
train:2808,1.8546047546568727,-0.20705133148997923
train:2809,0.1439664157298598,-0.02761170869931623
train:2810,0.11299902633844212,-0.02851789016447563
train:2811,6.0820942636380195,3.151533619375368
train:2812,-6.17570629989657,-0.1207366909686858
train:2813,0.09476546688969295,-0.07694952323186172
train:2814,38.052960781317424,13.355118085843356
train:2815,0.0650125555744627,0.10338929064427041
train:2816,-23.631787777970683,-6.146065112564544
train:2817,-8.040305915589649,-2.8492394172937785
train:2818,-0.4092839636074971,-4.227393629202068
train:2819,-8.930189533254204,-4.272657051000837
train:2820,3.2970074380349588,0.5262135337554872
train:2821,4.257540228992852,0.12137354033608247
train:2822,0.7279287128525993,0.4789026440115098
train:2823,-3.9973852274100765,-0.4423275393522103
train:2824,12.346789443154064,10.480510753223712
train:2825,-11.875522841523217,-7.58485986966055
train:2826,3.838579812756864,0.627394500635502
train:2827,-1.1903903749546303,-0.22024260594801287
train:2828,-15.948061034093072,-5.760696037138025
train:2829,-14.013082361581828,-6.372408471147426
train:2830,-4.885254826881106,-2.191956983404906
train:2831,7.7789492236676345,9.073917394162306
train:2832,0.22284089139621144,0.5166357149541007
train:2833,-3.2796071819960786,-0.08941137296833362
train:2834,-2.518191610805823,-0.7156960737418305
train:2835,-0.505115802983624,-0.32362632706492855
train:2836,6.934979362867866,1.818975086292351
train:2837,0.4957047905085207,-0.15654769281806308
train:2838,0.5431249929992505,-0.01127647531036588
train:2839,-1.1099372753787393,-0.19202358442473577
train:2840,-25.82794537123158,-10.993062571232878
train:2841,-3.7986841078924862,-2.6818925807241016
train:2842,-0.638329484432634,-0.6821443911405214
train:2843,-0.3716579241532312,0.17106101651395317
train:2844,0.5738687575635475,-0.2749361926098113
train:2845,2.88135304289181,-0.4206727696797487
train:2846,5.535841574706916,6.3712397339729785
train:2847,4.0219791361517405,10.15184763784494
train:2848,-4.7222151260003065,-12.045821741598017
train:2849,2.2617295595905196,1.2664309379114034
train:2850,-12.559550739951762,-3.198622018074612
train:2851,-2.2275555818516617,-1.0607594758389156
train:2852,-0.05881597311180384,0.046867862354267556
train:2853,0.709568696121154,-0.07255079114653543
train:2854,-4.724928843496988,-0.6325960092524068
train:2855,3.727938523810874,0.15428053873697345
train:2856,5.812054964602991,3.0945489001048703
train:2857,-2.008945808806079,-0.03494483098566012
train:2858,0.604291613527179,0.44142778913503017
train:2859,-3.252090635181176,0.056156008380936456
train:2860,-0.4609755862628253,0.1865156047227352
train:2861,0.2785625263336381,-0.3160604536670596
train:2862,1.216720514292724,-0.07999105170119397
train:2863,-0.3821342358957093,-2.447204991363956
train:2864,-37.71347010691963,-12.520693926649468
train:2865,-3.7084982142555574,-2.8976302493695028
train:2866,3.965950656337184,1.2776611968750917
train:2867,-5.317025551820804,-6.9920545581228915
train:2868,-0.11152657646326897,-0.5578724168833074
train:2869,-0.3509839018692147,0.048653476382710205
train:2870,0.008239976932864684,0.06577420019155471
train:2871,1.9770937427336972,6.756027894581151
train:2872,8.123849839309335,1.3232749936232353
train:2873,-2.368967135601337,-2.1381430432976063
train:2874,1.802084767062413,-0.17579720123382014
train:2875,0.7923944969552794,-0.13024938511030448
train:2876,-1.300069984160705,-0.25363935890965517
train:2877,-28.649755949629373,-13.068817301849943
train:2878,6.034889433706882,1.8058958005701724
train:2879,2.435482795847972,5.149172426222196
train:2880,2.5736496974802345,2.3743215209642505
train:2881,-2.560931847774715,-0.6314020809334648
train:2882,-1.2152038973519033,-0.3547870144905336
train:2883,3.7027370286106236,1.9830705403411768
train:2884,0.5361556624983077,-0.10308912078848839
train:2885,-2.613627341340564,-6.915273939534313
train:2886,-3.305843348823683,-0.174896583540251
train:2887,1.89892919453307,2.950639522689492
train:2888,0.5981670362713055,0.22518267598843666
train:2889,0.7126885181635526,0.0029886070645844393
train:2890,1.4709280124172688,-0.1901571530474246
train:2891,-1.989509510422275,1.5729421106948422
train:2892,0.678786808405456,-0.17295710982821666
train:2893,-4.000960435145125,-0.2031725267267206
train:2894,3.0088991599852783,0.4223166617049791
train:2895,2.494075057594249,-0.10253245830784419
train:2896,-0.2872680280495819,0.12241639085722782
train:2897,-2.660577861956868,-0.3586643926456922
train:2898,-7.933702426276804,-0.9761028392515143
train:2899,-1.9058561582528588,-1.3284067054388444
train:2900,-0.6140294622880741,-0.48699192840976263
train:2901,6.5075249225331335,6.1601040177367565
train:2902,42.94133441386956,16.81326291313942
train:2903,-13.746281670749967,-2.6110923032909827
train:2904,-2.0948537734476824,-0.3033097157903251
train:2905,-3.9628131080870976,-7.072072435812131
train:2906,0.7525274438358809,-1.611253731040884
train:2907,-2.1518313802571813,-2.3111045813666977
train:2908,1.1722561345558962,-0.06547203308443261
train:2909,0.5249299053892628,2.236073780454779
train:2910,-6.792442651853952,-3.3907513199153265
train:2911,3.04387366452213,3.83249075734558
train:2912,5.753031027904569,7.096287051240467
train:2913,9.242482593542709,8.956377440868474
train:2914,-0.014804654485223834,0.17285283628763107
train:2915,3.48862183564028,0.8791770278630835
train:2916,-5.6581989320383315,-2.9057804614451572
train:2917,1.7783575220218295,3.366791377055909
train:2918,2.4652434945142505,1.699116752175109
train:2919,3.493608064893648,0.48267958895642404
train:2920,-0.03408962255462489,-0.04187978695127667
train:2921,2.771896128679895,0.045545895958345066
train:2922,-3.536165297846034,-0.32611861141573695
train:2923,0.7265225729573256,0.2598828494407006
train:2924,-1.89150558124925,0.282243861453098
train:2925,-15.284567566775275,-12.671121191152409
train:2926,-3.309916482109348,-0.11511200321257123
train:2927,-26.68186862896238,-8.24944525307445
train:2928,0.9827315365304251,-0.04865517680090131
train:2929,1.5409474563377676,-0.12880259050562656
train:2930,6.154858342001154,4.157055512974493
train:2931,11.14847651299363,12.3934837931913
train:2932,-4.141688794126706,-2.591825390256405
train:2933,-1.722907338927587,0.18435500675519126
train:2934,2.840637052279017,0.20161767806999192
train:2935,-2.026711662275445,0.05462126338688971
train:2936,-0.5636513449192799,-0.041378048882484864
train:2937,20.25066343887827,15.839658807884597
train:2938,14.107363066502193,3.829663505412877
train:2939,-7.538376969160021,-13.695792159957048
train:2940,1.4930915108756886,-0.3929074095322913
train:2941,0.2611709306310753,0.24831163114109744
train:2942,0.19729187112678687,0.1416589802236996
train:2943,8.538443759960462,15.17537187088523
train:2944,-0.27651706689624805,-0.3378453299982469
train:2945,2.5910954559527757,-0.10531049226109501
train:2946,-0.210458246473133,-0.004042430956571308
train:2947,-15.416722865856427,-5.484521257619976
train:2948,-14.00803894760136,-1.601683045279998
train:2949,-4.22561970143498,-0.423485184888211
train:2950,-6.454819373881526,-0.2879809544159685
train:2951,-0.6228312610969096,-0.000273047034587387
train:2952,-14.581308863047308,-19.528982684398386
train:2953,5.598864258054123,10.2801636180834
train:2954,3.9211403787388637,8.109197633511434
train:2955,-0.11950454326865756,-0.4062683076934223
train:2956,-0.9321704151451261,0.039808363501515565
train:2957,-2.116529109601577,0.13406707122800446
train:2958,-8.877235546125197,-10.158445474804983
train:2959,0.845139852813662,-0.021745496191861127
train:2960,4.754104504153983,3.518646676267012
train:2961,-0.7917321640473785,0.1191185009123144
train:2962,-13.878887008984242,-10.796722492924019
train:2963,1.21228614090171,-0.14162294685764407
train:2964,-11.786093367000063,-6.66477297002822
train:2965,1.1559517460429838,-0.23097512134558956
train:2966,-2.1206740724834794,-1.298844675050169
train:2967,-1.1018672551102116,-0.2206784347225818
train:2968,11.288046300105803,2.918990221989616
train:2969,-0.402015226893112,-0.25295144848380524
train:2970,5.140396169138163,0.056361011964915365
train:2971,-4.618754007179166,-13.147834271296178
train:2972,3.737438394715181,5.680482368998581
train:2973,-0.8232121238585479,0.2594107134899851
train:2974,21.273518748963735,8.89555828434663
train:2975,-14.570253149141006,-6.989175092333726
train:2976,-7.221989216350936,-8.0914672372195
train:2977,0.8302517161294743,-0.12595251284332262
train:2978,-2.1957766807435304,0.2603201761537747
train:2979,-6.5182972104631425,-8.085766511251652
train:2980,-1.348062382609811,-0.054831248587689896
train:2981,-0.8677901756748579,0.05216935204531309
train:2982,-0.17141374683686,-0.2931360027855427
train:2983,-1.8863868507989392,0.31034033734057975
train:2984,2.6699490103775045,0.039148842576856885
train:2985,0.4091784869478516,-0.11586254173401386
train:2986,0.006627065432888296,0.6225821948619679
train:2987,-0.08195602863751505,-0.09808771811129091
train:2988,10.852518120170698,9.146349140618655
train:2989,-16.436550639820872,-6.954292812357489
train:2990,1.8643175573092488,5.131472784846347
train:2991,-7.050411789222226,-3.794598394097088
train:2992,-0.8190232263692384,-4.264263174261692
train:2993,-8.534898944873458,-8.797496156583442
train:2994,2.7711301787782703,0.16143269578582448
train:2995,-2.1831002679862035,0.12878605336319482
train:2996,5.639469598544556,-0.04198564127230128
train:2997,16.701256708831266,12.404847582673153
train:2998,-11.183602520921697,-9.467980849812719
train:2999,-21.5244980401245,-18.600356679322324
train:3000,14.225987436334858,2.5589514293445594
train:3001,-0.32473006821535133,-0.5501580335822218
train:3002,3.346482455140381,1.8913794418731795
train:3003,-17.268040747534567,-2.8194295850781224
train:3004,-2.805645286450959,-9.9136988717313
train:3005,-4.447314660245165,-0.0672129229489383
train:3006,-4.703886723589535,-0.0012163203103484066
train:3007,2.8479418200206412,-0.09031541452134292
train:3008,2.272964266341814,-0.3380881386968774
train:3009,-19.18098609820193,-4.429415031608614
train:3010,2.122780435979815,0.47444934416635615
train:3011,-40.95847928018966,-17.174670738736165
train:3012,-1.5920710079016165,0.33281540667057713
train:3013,2.505323944298199,0.18312926507561794
train:3014,2.6213247904313985,-0.08822543365475205
train:3015,-0.5241101982527123,-0.3923537429286572
train:3016,-14.737492905506647,-4.957838090233713
train:3017,-0.24474606936828525,-0.13381497806519452
train:3018,-6.864506565997451,-6.917295728533721
train:3019,-5.29753392837582,-5.130220282753369
train:3020,-3.9477735248593873,0.08335386382618917
train:3021,3.8546833573502,0.8400809755416934
train:3022,-2.5329536388946754,-0.37823474522315326
train:3023,1.2447693904777997,-0.36407394790031744
train:3024,-7.580639736903438,-7.45632476241792
train:3025,3.187762293279912,0.08772313645424917
train:3026,-2.9582271560193796,-7.838550164235142
train:3027,0.2262666284827794,0.17013343592729283
train:3028,0.22554391581384137,-0.05121279980269253
train:3029,-4.876757083450517,-4.133315387400238
train:3030,-0.1892992000708344,-0.1315354009821054
train:3031,12.471431691910325,3.2910162318562537
train:3032,0.283339775629021,-2.1455130434033367
train:3033,4.543024518426588,1.6726120856056763
train:3034,-4.291554621616043,-0.031582957667458916
train:3035,1.002962144721164,-0.21713516818445777
train:3036,10.33936748465123,1.8441808261866772
train:3037,1.7059126088225596,-0.5660951006504449
train:3038,-4.112684979490682,0.02549477645116313
train:3039,-4.153762210208823,-2.646766065441134
train:3040,1.1668026642396252,-0.06475872903440158
train:3041,3.2999887149661684,0.36869873755062754
train:3042,-2.287221103293174,-1.9206582077120586
train:3043,-0.2611132216060652,-0.6438108608486144
train:3044,-4.986647997196979,-0.9196462502996592
train:3045,5.494403568799906,0.06009301875467766
train:3046,4.71797630937077,4.706906225262524
train:3047,-0.6096827256536347,0.014512889957695577
train:3048,-1.5573933525375643,-0.13714468137073932
train:3049,-5.285179237823001,-11.91529394816122
train:3050,-1.126244685848775,0.23573115894110536
train:3051,-3.733772003968526,-0.6051942915096551
train:3052,9.157068137745156,3.9276657754547384
train:3053,1.4838608266135918,3.9658586421879796
train:3054,-20.228035661932644,-5.351840427238566
train:3055,13.197554988149307,7.487909235291177
train:3056,5.321089213700046,8.499369242446
train:3057,0.8424211374648152,0.0861648524265514
train:3058,6.364104232212975,3.968241363036703
train:3059,-2.395275596941659,-0.41867437705318183
train:3060,-1.9223434914008481,-0.6401623106327059
train:3061,-1.7533133416688003,-0.08320890893169389
train:3062,22.424795148958975,10.25258328900652
train:3063,-0.07821438080244703,-0.23746076709009162
train:3064,-0.6855438451516223,0.08432381467342134
train:3065,16.29141981360862,5.865758245526597
train:3066,-0.20612243537598535,-0.0492156911234157
train:3067,4.048717412778285,0.8111366664603448
train:3068,0.3616654173901418,1.0404683410304272
train:3069,-0.5673490581469407,0.18607699406237113
train:3070,-30.27675720846379,-11.454962894152084
train:3071,10.503570406566242,16.442025246908873
train:3072,4.672610224120012,0.7365059462785593
train:3073,-22.197771490526105,-8.283277549489041
train:3074,-4.0721967979533344,-0.10951199577658771
train:3075,-0.10535597247582607,0.14839150049991737
train:3076,0.31026029951592204,0.10548262403989644
train:3077,-1.228692054284184,0.1768777257203361
train:3078,4.2622237976174135,0.0014845341446890342
train:3079,-7.123769101014478,-3.088479598422842
train:3080,0.01642959696600113,-0.237791026865256
train:3081,-0.291515969931915,-0.4289088635630269
train:3082,-0.0002934488376019062,-0.0003856064136822934
train:3083,0.17025488566152042,0.0547313975322145
train:3084,5.557207741401277,0.5838800290370048
train:3085,0.06259812806210346,-0.9969057812274289
train:3086,23.109936987274796,7.663872784785229
train:3087,-3.1222013390259846,-4.386938060750887
train:3088,-3.259418648746825,-0.8373844607298322
train:3089,1.0746785337954898,0.1704023515541545
train:3090,0.47981255045557203,2.5919722710718354
train:3091,1.9702469177253663,7.95319004876429
train:3092,-10.64971847003783,-5.448133050133313
train:3093,-0.38671273339567824,-0.3348197795396353
train:3094,-17.37789493287907,-6.088147106274985
train:3095,2.396224318401549,-0.27925610459760913
train:3096,3.753879933589841,6.923688584932842
train:3097,0.07906779438383375,0.26643675838279063
train:3098,0.8157890942540647,3.0818620742710183
train:3099,-1.290564301800392,0.2846378525058121
train:3100,4.411867395029072,5.012934776525712
train:3101,-0.8310645632142014,0.6053534768199487
train:3102,-3.297450211601207,-3.05025934081408
train:3103,-21.908427929387734,-6.070401813439933
train:3104,22.847482335702654,8.631149597794652
train:3105,6.140106077158392,2.389049252346051
train:3106,2.7635069432475037,0.32803227503268917
train:3107,-0.13119556554556344,0.2049887530104385
train:3108,-0.7156443977651468,0.21918029373783066
train:3109,-9.902969619057922,-3.8888692279924273
train:3110,-3.840971981125851,-0.2853721161833851
train:3111,-2.3688320773637517,-0.014560669817518704
train:3112,0.8269492981393591,-0.2745150578986729
train:3113,17.297433989104437,9.497328971828317
train:3114,0.20975930392612857,0.0473678171629343
train:3115,-1.1581904919734058,0.11900950805346967
train:3116,-8.475136720804002,-2.218171335225976
train:3117,-1.246786371247023,-0.4448175411300586
train:3118,0.2833699952002535,0.07026915699323016
train:3119,-0.5215719867274198,-0.3583328489232378
train:3120,3.865751159084995,7.128413695010624
train:3121,2.35579983042203,-0.05495650477887534
train:3122,2.9763608178062495,3.499641973801226
train:3123,2.8575023625256537,-0.14232826190231473
train:3124,-0.8797492223027724,0.47874742905022305
train:3125,7.193293933181152,9.948768262871388
train:3126,1.31043372926721,-0.22585959002038714
train:3127,-4.2734405457027815,0.1381293377929311
train:3128,0.9342953753006816,-0.10836157900469767
train:3129,14.484477280161292,8.038371106489274
train:3130,-0.5403088182663108,0.290084784892659
train:3131,0.09598982444109101,0.41394147353194494
train:3132,-6.591961367132526,-7.046958426818639
train:3133,0.2696372921992297,1.3976912946075815
train:3134,0.8009429162822421,0.24545449176869819
train:3135,8.52904221889178,10.780497904504758
train:3136,-3.483155985655847,0.1610151275949363
train:3137,-3.050885940416091,-4.9037776322467215
train:3138,1.320320643141534,0.048528719504359774
train:3139,0.5005299262013951,0.06175016672370972
train:3140,2.879314616583055,-0.04107204144502155
train:3141,-0.5522957598830552,0.17527165032128628
train:3142,1.0373882802692653,0.5119239137212157
train:3143,-0.7370310207846503,-0.5895695089545356
train:3144,4.233040990136398,4.366313242307793
train:3145,1.4619439663480773,-0.06483234201236479
train:3146,1.515102981644985,0.12632244383519767
train:3147,9.788759458130798,2.6489130508128516
train:3148,-0.29167892315833044,0.05178616510963643
train:3149,2.157223076062974,1.0894098438327755
train:3150,-4.236795363793251,-0.5631136323821253
train:3151,1.4900314306010345,0.15696619981574522
train:3152,0.24425633923750606,0.08738396037845941
train:3153,-0.8766672909535346,-0.0039348647058266295
train:3154,0.09275423819504777,0.09911945260078474
train:3155,-3.049507927967887,-5.612707701842949
train:3156,-0.9147774246931216,-0.18823251605963093
train:3157,-5.345247841853107,-0.2862974141970853
train:3158,1.512753758669016,6.2294605677726125
train:3159,11.934523824237282,5.259784199938886
train:3160,-3.7039755067332485,-6.422231903077233
train:3161,-8.073852429156643,-0.3231776588174591
train:3162,0.47149333495349605,-0.30688693560123065
train:3163,-1.1312815909985172,0.2394752918997182
train:3164,1.398014928322135,-0.0015860971298844867
train:3165,-0.7913228050862977,0.13786413134712958
train:3166,-0.48867240444304205,-0.3469687741197636
train:3167,-1.8730193396933488,-0.6278936236329824
train:3168,-0.8799998122857623,0.33881308111445296
train:3169,3.872726765958425,-0.3184805516480048
train:3170,25.931621108389898,8.208816535852286
train:3171,0.3014872092997575,-0.252301771155037
train:3172,-15.112879489524206,-3.556456986526692
train:3173,-18.744572717287955,-12.170813154320092
train:3174,0.12737982291328365,0.02769317953335873
train:3175,-12.311515937938822,-3.3211682245131806
train:3176,-0.24831546564732787,0.17297595256666642
train:3177,1.627104151296439,0.9644419701443512
train:3178,6.367033206040128,10.96454404485052
train:3179,3.7290229415016416,-0.1096288349799828
train:3180,-0.5249189204705429,0.19956921149911283
train:3181,-5.514321693734321,-0.16439874517513448
train:3182,1.6971721789891498,-0.0631194136666203
train:3183,1.4221564139468441,-0.504316229194486
train:3184,3.5478689322493415,0.12182934162405229
train:3185,-7.564588030497678,-4.253889165479661
train:3186,0.0881871311488511,0.15921638877197308
train:3187,-3.960587552894942,-0.0843494821076935
train:3188,-2.142824320822205,0.2862322297184414
train:3189,1.922343085865796,0.5543381138225402
train:3190,2.3401326099456434,-0.4601555754570656
train:3191,0.24794138349107314,0.024709999335319005
train:3192,-0.5281354451408856,-0.4173365039769436
train:3193,0.49197825245906895,0.1158116233363706
train:3194,1.1928582110145554,0.07908045926245333
train:3195,0.7682592877030568,-0.4645931826131186
train:3196,-1.0253787308217888,0.3406360722751172
train:3197,0.24688172260289237,-0.32066155011137965
train:3198,-8.417260197979456,-0.12428723320812021
train:3199,-3.0444984528904944,-2.384318965026741
train:3200,0.927976462955959,-0.02142365340448714
train:3201,0.20376350853535385,-1.1649141359731048
train:3202,0.7990153725540871,0.20936002288983863
train:3203,0.35306074316903846,-0.2960839457635109
train:3204,3.7593273599918655,0.37606773903068796
train:3205,0.12782056373679812,0.044603478647444086
train:3206,5.933400490596025,11.455328046006823
train:3207,-2.4436431829905287,-0.249266377100535
train:3208,-5.910139962320437,-0.0832180392235343
train:3209,0.16095725342623113,0.15505033646776692
train:3210,-18.560521580987416,-4.24122545069703
train:3211,-1.109151101610213,0.30312013108535585
train:3212,0.02841816579042733,-0.9949113831035421
train:3213,-14.094072672150938,-6.933998456169247
train:3214,4.995202752277856,-0.15015748715545518
train:3215,5.409930103958887,1.5806472210432774
train:3216,3.0423759360801976,-0.06735001998735426
train:3217,-0.15936752836885176,-0.031496505216595166
train:3218,-1.0035441607733229,-0.42188781179857154
train:3219,-0.08177424629363936,0.09536590402871152
train:3220,-0.3947797317070827,0.4502236840367727
train:3221,-0.6225327847164283,0.7005993616864779
train:3222,-9.4417873477288,-3.9082000530698884
train:3223,0.5476959356064113,4.57114905717414
train:3224,4.43850710936175,0.29604158701446803
train:3225,-0.3977948313122486,-0.5380778015125165
train:3226,-1.5915723849762795,-0.04263146675919938
train:3227,0.6134144371658,-0.2330568278852001
train:3228,-17.874479664365342,-5.218756722729698
train:3229,1.84134673138244,0.25538660869173513
train:3230,-0.6632683018214017,-1.0214237533567152
train:3231,-1.9358367624144144,-0.91253546488571
train:3232,-1.7008417053883123,-4.328239985152214
train:3233,6.149126386713062,9.369967107087179
train:3234,-0.8528133561720148,0.2712133276234183
train:3235,-2.742790437953213,0.467892368016851
train:3236,0.008143274304920567,0.09845786309438097
train:3237,0.4813707180399695,0.38991026008639995
train:3238,-18.046113811304675,-6.3437091106768575
train:3239,9.80261954824748,18.339972109080126
train:3240,-3.6703164833779733,-6.069735872778824
train:3241,2.429858003808637,0.24776445560431865
train:3242,0.08855743712556974,1.9841915689862055
train:3243,-1.151499878902523,-3.084266539381739
train:3244,0.5739488394273137,0.2614845736850453
train:3245,-0.16602036697569378,-0.9890079361246755
train:3246,-2.138163765563428,0.04193515085708805
train:3247,-5.01963428640497,-0.19401584263647237
train:3248,6.4568871493099795,12.062249359372975
train:3249,1.2141207013337652,0.011820595151258509
train:3250,-1.2010062778703787,-0.4140401833009402
train:3251,1.0234063820346933,-0.1949816563202144
train:3252,1.830722227511802,0.016061615711122926
train:3253,-1.6563659351977122,0.01521920362803629
train:3254,2.4319812773750824,3.212908297091377
train:3255,0.3145266055992349,0.09841898802365429
train:3256,1.4954430584340601,2.8095708073229577
train:3257,0.7956626273549577,-0.0011857908970070857
train:3258,-3.4502296706738407,0.18284437143803556
train:3259,0.11978169287246394,-0.08718286845522671
train:3260,0.1886767362848723,-0.2696005356547692
train:3261,-7.253405482604277,-11.302918426706912
train:3262,-2.900001945834458,0.2805286505343934
train:3263,3.79412821822325,-0.07661954877831736
train:3264,0.11261186713930532,-0.19131698543277503
train:3265,-1.1944409597909913,0.2363873986671339
train:3266,-1.0399547923184405,1.783678091341426
train:3267,0.41269046604155235,-0.023767998495319076
train:3268,1.129516130045245,-0.3935829084676707
train:3269,1.9573973235790532,-0.18512621958255582
train:3270,-0.7130608568830055,0.3038200250192462
train:3271,-2.2142199175249853,-2.7847162155009326
train:3272,-3.200877760271643,-1.0518093646015565
train:3273,-12.134049878668092,-2.9616818145244683
train:3274,16.962296154636768,5.757786267438262
train:3275,6.230934950287852,0.6820647622548643
train:3276,-1.1021601524929272,0.41866597157692037
train:3277,-8.178012317447974,-6.630794018300942
train:3278,-2.120248441445581,-0.010253739963431402
train:3279,-0.2885041247421126,0.09844552293431544
train:3280,28.3171522018201,8.239981645763
train:3281,-0.10986264037955767,0.12664414396176166
train:3282,-0.06963946123609577,-0.2513496529090556
train:3283,2.631663835583009,6.511131782978581
train:3284,8.42297059403263,3.170847610477248
train:3285,-4.9857758138795605,-5.682704513594114
train:3286,-6.468571603374731,-1.3198172407291808
train:3287,-0.05857212441778131,-0.6768016011449791
train:3288,-0.9269549820668713,0.42806753294754424
train:3289,-4.04622051943833,-3.921161928945432
train:3290,6.968848063555847,0.5719514454083361
train:3291,-1.2156953140717923,-0.008848958967300327
train:3292,6.093959862053353,3.056188834902302
train:3293,-0.8310659579636429,0.29968471611959646
train:3294,2.2732794797155935,0.4717601878977392
train:3295,0.3145617067935127,0.1163911115466158
train:3296,-0.08160606275681831,0.17617940105535573
train:3297,-3.3799050090838936,-1.0353152070702591
train:3298,9.98461947303605,14.829880486358126
train:3299,4.432959725916418,7.885213314082814
train:3300,3.449338020245669,7.144587436362648
train:3301,-22.04695258425174,-12.066739240204367
train:3302,-1.2434605912037626,0.2393740027246138
train:3303,-0.7835156950874931,0.2567449535942091
train:3304,-0.07401014106928097,-0.3228910532501566
train:3305,-1.6698368902202145,-4.013500279508428
train:3306,-0.050489086487799595,0.13096048942930938
train:3307,-0.6041588204905679,-0.2692150661461325
train:3308,-0.3502944307286324,-2.9332517976631918
train:3309,-1.8004814431979788,-6.3743811848281915
train:3310,25.82977092517369,8.414573368908034
train:3311,-0.10759745105743912,-0.06998838900760901
train:3312,2.255342072064923,9.525826895235157
train:3313,-3.2341504380316226,-0.15078248416409237
train:3314,-0.075642230374078,0.15505811148191226
train:3315,0.6294942710186306,-2.4830371070132142
train:3316,3.9686783213282806,0.08203681922821189
train:3317,4.493805670301922,9.36030155188764
train:3318,12.550543739898213,5.836024879505104
train:3319,0.522842895308296,0.30862897826374536
train:3320,11.016628058789609,5.937845894109212
train:3321,-0.015425782903172508,0.14961281969438048
train:3322,0.8885131897998751,0.24010485405427556
train:3323,1.2024722189148251,-0.054176007487331396
train:3324,1.5296567271505728,2.6125322616883095
train:3325,-0.4905350923221673,0.34872715144502403
train:3326,7.404137741336454,1.466580773151477
train:3327,0.08232755628686302,-0.6926253955300572
train:3328,1.5235435403484718,-0.5255768627141031
train:3329,-0.41302468160960415,-0.1551822862054937
train:3330,-11.011363982557715,-3.7723133489660188
train:3331,0.7407808640395552,1.5714066523967454
train:3332,6.572756424079198,8.435799014863997
train:3333,0.2455639168389137,-1.9958502981812187
train:3334,-10.201574316487863,-8.533123991198826
train:3335,-7.152961206825105,-1.2212554549904748
train:3336,3.7573226401279474,-0.25659914273485385
train:3337,-3.6488382718118113,-5.89579924807334
train:3338,0.9913434169569761,-0.24232264749510302
train:3339,0.3303413208290601,-0.043980110726593025
train:3340,-1.1899689281650567,-0.9344434574959326
train:3341,1.095466576846349,0.2213068671021881
train:3342,2.543399674218229,5.947787640636924
train:3343,-11.668010159950702,-3.911493520529691
train:3344,1.2348871257682812,-0.3640703813800673
train:3345,0.03560763424488708,0.3049334213109397
train:3346,-0.45461715601726016,-0.14123027297810198
train:3347,-11.15818088776793,-3.667204573334508
train:3348,-0.8990065278415836,-6.317157651361743
train:3349,-2.831519748256734,-0.32624743412717255
train:3350,0.3951740402639752,-0.18044737299678237
train:3351,4.660203462921375,1.4740697523727526
train:3352,5.150581094476487,0.2580668486597266
train:3353,13.831916788798944,3.991834322473909
train:3354,-2.4314047215578336,-8.192806058285786
train:3355,0.9590626385081445,0.38768282552936806
train:3356,13.313711581303474,10.3491600922348
train:3357,4.538277256244196,0.20120595897231403
train:3358,4.311651393241824,0.21534763974660898
train:3359,6.161130995156066,0.27168482160048885
train:3360,-11.259430398891329,-5.599672498311063
train:3361,-0.3513356111867133,0.06957040434581979
train:3362,-1.45422559601562,-6.325660235638113
train:3363,1.2947023503165145,-1.5900862906954036
train:3364,-3.4562289529382193,0.11870535520653644
train:3365,-15.368289726583805,-8.891217461038638
train:3366,0.6793286685634794,-0.5192233208796666
train:3367,-19.969960523606815,-11.189015753424998
train:3368,2.719946593607009,-0.43814015925690825
train:3369,-2.423278911311646,-0.451448415579147
train:3370,1.1806885572209742,0.21051814334546898
train:3371,-4.279378458991734,-0.07303733583906158
train:3372,0.029916824065320702,-0.24468939033310594
train:3373,-1.2694361723440464,0.48133415485725556
train:3374,1.6730260441996356,1.8869924793046788
train:3375,5.094741370753013,11.553482107150531
train:3376,4.323333349647361,0.6264134935754944
train:3377,2.7147785820097656,5.25159261622833
train:3378,7.533411952987943,4.691352773112407
train:3379,2.937126283558572,-0.27309886403774136
train:3380,1.0349934954782074,-0.2455436432634231
train:3381,-8.81024480061692,-0.6312044957116063
train:3382,0.36261221980268105,-0.14833577994208097
train:3383,14.677599866829357,7.1465013737896905
train:3384,-2.3910085934836256,-0.05491242258858342
train:3385,36.56967636460124,11.886575696644856
train:3386,-0.07933064527212871,0.05425234253221367
train:3387,3.1672287920021267,0.44218303546320303
train:3388,-3.480692393225675,-0.33660189837823284
train:3389,-18.283771677472842,-7.465084136152301
train:3390,-3.2834752871138426,-0.3753927992270197
train:3391,0.7049979859722335,0.08978372919397877
train:3392,16.309380467083315,11.808183010903207
train:3393,-19.812718331237857,-7.575261650363332
train:3394,-0.5005275422375646,-0.41893259311929304
train:3395,0.9018930211921992,0.523634796953815
train:3396,-0.4210972589187746,-0.6955542219594846
train:3397,0.9380611987927356,-0.2929013257530825
train:3398,-4.800381533866855,-7.53014716645021
train:3399,4.4990155243824095,2.919845616206413
train:3400,2.1509825021452156,-0.11990084128285947
train:3401,3.0830868126117044,-0.028420310170431395
train:3402,3.308754250289525,0.2690060795710023
train:3403,5.233419448055586,9.241774385788565
train:3404,-1.0337551310509663,0.1543784040526377
train:3405,12.142109032780755,2.4199695563067958
train:3406,-11.677498175484756,-2.311807899160028
train:3407,31.948283810475402,12.698596462054246
train:3408,-0.20996729466972447,0.15620146654370698
train:3409,-1.9255121296736992,-3.7206926761517543
train:3410,-0.549479993218904,-0.23481983017525676
train:3411,-2.5995273543199446,-3.408652968998145
train:3412,4.988937537786631,0.5324552295148786
train:3413,-2.060886278007595,-3.2998732454035546
train:3414,-5.339918504237129,-0.08682521780454117
train:3415,-0.5065054383438401,-0.1723537972627004
train:3416,16.55644452348497,11.006452084397942
train:3417,0.17787579660988465,0.2274600418289707
train:3418,-0.05528562981712326,0.08341934513798202
train:3419,0.4691596866796238,2.0403482849154275
train:3420,0.7853684466437156,0.00931490068430954
train:3421,1.8189358973563938,-0.1445767389288225
train:3422,-0.33870882826368004,0.211875560952678
train:3423,8.529562925349941,1.4946183301244262
train:3424,-12.13283923615287,-3.966362579987797
train:3425,-0.8782191821654454,0.3168091491095011
train:3426,0.9623282118671801,3.1950089305815186
train:3427,-8.64045172294037,-11.165690140345744
train:3428,-1.516820556200766,1.0645977051132565
train:3429,2.3029153483068576,2.7152660201548366
train:3430,-8.545301916041137,-3.38370444654426
train:3431,1.882041103378889,0.2572989055194632
train:3432,1.6261617655904645,3.68761870478428
train:3433,3.947798457272522,1.2166935304500306
train:3434,1.2906984895864442,0.17263998635910183
train:3435,-21.55707752741205,-8.561429607833777
train:3436,1.2366577601842672,0.13449626627490813
train:3437,0.7589221375669251,-0.15167675345161627
train:3438,0.3285068766261252,0.43168177323864637
train:3439,12.683219745437524,2.2274416601629237
train:3440,2.1804412375574094,3.219140577237308
train:3441,0.02795324930992682,-0.2787202705952258
train:3442,0.5252925402440531,0.37120642926891656
train:3443,-2.1531122251609602,-0.2406793376246416
train:3444,-0.3519909109659788,-3.3848628523215103
train:3445,-2.5135071123483,-0.21940504433246644
train:3446,-0.1970979415729901,-2.6354188246132404
train:3447,-3.011883631950423,0.1251434949013064
train:3448,9.936151000110911,5.382638553727069
train:3449,-0.09645747103904645,1.1940381378561853
train:3450,-1.8696389319636295,0.12603969010976537
train:3451,-0.4927113663673902,-0.427211199923953
train:3452,-4.979875558825528,-0.09035721413867476
train:3453,1.6559740699860788,-0.13188106812475042
train:3454,2.3761108691638957,1.8173680122676312
train:3455,0.6769408575196288,0.2564006417292592
train:3456,0.27895049913661574,1.1801231451089902
train:3457,0.1424024366894561,0.3455102928401942
train:3458,-0.7078059059039084,-0.795140882957275
train:3459,-0.08657846074489128,-0.02455990865166352
train:3460,2.658369800514159,2.538986904949051
train:3461,-3.2954464215702504,-7.25235461334669
train:3462,4.821598289294164,0.9267188854584609
train:3463,0.49070984407114343,-0.29462766421496756
train:3464,-3.702781136294843,0.026678861174214627
train:3465,-10.161664026135778,-4.947515154021664
train:3466,-1.9595240246376746,-0.33123770926118956
train:3467,1.149524740616545,0.26644760060435113
train:3468,4.648158406744568,3.4907108364515973
train:3469,27.67311827871013,12.110691264018682
train:3470,1.2761210333403512,-0.46137418409613856
train:3471,1.4197144401330153,0.45615794575060076
train:3472,1.1327984403975784,-0.2638893954477909
train:3473,5.09243492009325,0.9828590527337222
train:3474,-3.0587597659298473,-0.9774321526791521
train:3475,-0.6951199623587314,0.11566140150343407
train:3476,2.5573532125474907,0.027042646239730447
train:3477,-4.382523434606134,-7.658669148898319
train:3478,4.719568648316485,-0.16720388468228647
train:3479,17.899517568345885,9.584643093984514
train:3480,-0.0671375131962823,-0.2728815916241019
train:3481,0.20195661063388864,0.04903780460486692
train:3482,-0.514321149297534,-0.5041926849330205
train:3483,0.7310562060169262,0.8867771398553539
train:3484,1.961762191956232,-0.06164472887358616
train:3485,0.5683170736407708,-0.3038491163129586
train:3486,-1.8973433050366544,-0.6310929349581813
train:3487,-0.7202796150757368,-4.858571274771956
train:3488,7.31914868411856,4.403668690086297
train:3489,21.87223633288636,10.992950665338956
train:3490,4.646325705978436,-0.12678807720752897
train:3491,1.1245373394555649,-0.37749191038545094
train:3492,-1.465830376285393,-7.387767112918099
train:3493,8.72819756181082,12.078818556490335
train:3494,1.2111196654521343,-0.3151937892462719
train:3495,0.3987841167350616,0.1826517793445272
train:3496,-4.436166892875724,-3.7528064804490104
train:3497,2.0478677461020482,0.17215194372807058
train:3498,-0.020230229812664674,0.16721431043294588
train:3499,1.3285836037494692,0.9156552543208598
train:3500,0.0830121458044,0.22379422965505127
train:3501,0.14121713212242007,0.8886337276367746
train:3502,0.21526995896950102,-0.30749138945322696
train:3503,1.5006136270719468,-0.0758593093217943
train:3504,-7.883967520858784,-6.69652127733024
train:3505,-0.03371606216254275,0.16150331288677755
train:3506,0.6334540809121736,0.28346589395161115
train:3507,0.5077651889291842,0.11872190386049716
train:3508,-2.6988460672998253,-2.824800764574856
train:3509,-3.119420673556111,-0.2980667883617871
train:3510,0.8804531652356782,-0.01652510917130412
train:3511,4.329634827624065,4.658650350313065
train:3512,13.118258833235142,1.7847925575891948
train:3513,15.635638380869365,3.5343590525594752
train:3514,1.589953837630845,0.5056795787368392
train:3515,-8.26633715041346,-7.214078147378786
train:3516,-1.8623964630303926,-0.03666681829283999
train:3517,1.8268834121323096,-0.5122226696110423
train:3518,0.8515662770945003,3.3274355393994974
train:3519,0.45205261986312734,0.6167201195180028
train:3520,-4.145883270613781,-4.230951019160384
train:3521,3.957808574014179,7.241831892181756
train:3522,4.409806885187493,4.363438341664548
train:3523,1.907043149409005,-0.42697680821311285
train:3524,3.9138918658913804,0.4964874434353045
train:3525,-0.009484150282376091,-3.9160441150472693
train:3526,2.4848643647408135,0.39995985818647695
train:3527,4.32494010100397,0.5723149451522319
train:3528,20.232263904245983,8.57661550591844
train:3529,0.18600951043624092,-1.4942177983888048
train:3530,-0.5973022322361465,-0.26280774118632383
train:3531,-2.6366081629717035,-0.04277412756920557
train:3532,2.468036015354377,0.3685423813028607
train:3533,-5.963256205301138,-11.771398266183603
train:3534,-0.7619231140671278,0.36210138839189066
train:3535,3.519744739594425,1.0444544267228106
train:3536,2.805106275173247,-0.09008487465237291
train:3537,0.6336343522774877,0.8048959693266233
train:3538,6.223506979678897,1.2123767570000528
train:3539,-9.164029505284503,-8.695664870401014
train:3540,-2.098298572109951,-0.16517710255452833
train:3541,2.4830860592028987,0.11927157596145106
train:3542,-27.57231944473315,-9.323520231027477
train:3543,-0.5452346083772136,-0.3193878743996443
train:3544,-0.6004985330395876,-0.5366005488249024
train:3545,-3.2157290523247513,-0.121707069798348
train:3546,17.439283726636983,14.222040437375535
train:3547,0.6431000518204778,-1.343044845831961
train:3548,-13.839374687139465,-9.037079008978141
train:3549,2.046435803342107,-0.06419807205107719
train:3550,-2.0926514640795517,-0.43998597614717355
train:3551,1.1706965722220573,-0.19534872258436037
train:3552,-0.5434779214556424,-0.5870864975563779
train:3553,-2.3433283864511756,0.11894844922678702
train:3554,0.9835514167437878,-0.09863525030009473
train:3555,4.760687721517871,0.19731360143210475
train:3556,-0.2754298597065976,-0.0015644840171685492
train:3557,-5.294374355974339,-0.2413399998357803
train:3558,-17.709380383475928,-11.51102174476564
train:3559,-7.844550041976029,-3.3395460753797996
train:3560,-0.9393821995906498,-2.754230741689087
train:3561,-2.068507188955959,-9.555969472278624
train:3562,0.0018735268780109282,0.013286862956502263
train:3563,0.05681015033811247,0.2511712670776718
train:3564,-23.614790431443584,-10.942398581810513
train:3565,-1.658681451728845,-0.13010922086447338
train:3566,-0.30668991402249035,-1.4270643592418746
train:3567,-1.9453543001449805,1.2484549625465717
train:3568,-1.9460305211658682,0.22640071398426964
train:3569,0.5218747067376537,-0.13094956436581492
train:3570,-0.5976037305737512,-2.1708093729120166
train:3571,-2.4148915855451767,0.013143488842446038
train:3572,-1.9042526613116126,-1.1362455902374982
train:3573,-2.070004220023171,-0.15867205493986547
train:3574,-1.199413474008184,-1.7198029147665044
train:3575,2.2910048854511555,-0.016075727619784583
train:3576,-7.847717053041198,-8.173242125444776
train:3577,-0.3822339604807766,-0.4113122232920016
train:3578,-3.196879478539339,-0.1916792012293808
train:3579,-1.165284420091123,-0.022400023988169593
train:3580,5.340305606588574,0.6581834853206359
train:3581,4.575220914534208,1.6966632715646224
train:3582,-10.590692673673486,-2.100847227737684
train:3583,1.5463300268907623,0.5001980511035659
train:3584,1.3278704218683814,0.09132118474341563
train:3585,1.0744783872506343,0.7186632161102735
train:3586,-1.4747816457427096,-0.07850509670416936
train:3587,-4.043256211958659,-3.858366064240141
train:3588,1.2724161139072425,-0.41808718515919624
train:3589,0.40790856758136446,-0.24275505241023182
train:3590,17.677826793784025,6.494284111960089
train:3591,10.41098507897345,4.063668034814713
train:3592,1.5987846937197117,9.390068585860293
train:3593,-4.854622874730369,-0.1947034677407023
train:3594,1.9275831595175168,6.640535979875769
train:3595,36.99199905682421,19.137616088700334
train:3596,23.928065395338905,6.332830308130148
train:3597,-10.185067921764173,-3.767596697265594
train:3598,-5.960171949369498,-1.5118860543864532
train:3599,5.51976569264417,1.231695883891093
train:3600,-8.915977966278266,-0.8165271649853052
train:3601,0.3215496339536755,-0.032400261447984455
train:3602,-0.6962862053500669,0.2273653863815316
train:3603,-1.1422963922545355,-1.6484505399986618
train:3604,6.0113460631343365,3.517838074795897
train:3605,-0.500716530786888,-0.3563665549789223
train:3606,2.8027707672334525,0.04399460231033761
train:3607,0.5225953272824295,0.4065787491275248
train:3608,2.1071708651470105,4.33244157150964
train:3609,1.7159729365441097,0.13921527187869834
train:3610,-3.1856708071109523,0.3564876855181465
train:3611,-2.768023779932378,-0.8712007791337026
train:3612,-3.9286659224272973,-0.7012174281343009
train:3613,-1.2111935277911061,-0.38726731440869605
train:3614,6.942007505303592,2.542222737441612
train:3615,2.997223479952229,2.0200602058028254
train:3616,1.4202209666385204,-0.16889798180111015
train:3617,-0.6765260926375943,-0.1296842343114649
train:3618,0.7241754421055188,-0.1050412913126133
train:3619,17.965552445570253,6.606752188136579
train:3620,-1.9306338820811333,-2.6459566080051586
train:3621,-0.10906019453421384,0.09237730271989156
train:3622,11.624906185217245,18.180071025506294
train:3623,1.5026915712815434,3.1538475777136687
train:3624,-7.005324188943288,-3.7648116729326526
train:3625,9.601241904551648,9.452833635830622
train:3626,17.561277811120316,4.32899545698313
train:3627,0.5335982731681945,-0.11486833854908063
train:3628,0.8112231494990693,1.6243516455102978
train:3629,-2.2260757526942285,-0.1643582295050927
train:3630,-0.23185509765520762,-0.4565218619653976
train:3631,-0.8391878164197464,0.12054724892452653
train:3632,-0.13998016244462042,0.013511125749832015
train:3633,22.05283220990382,10.956371292366885
train:3634,0.8180081406154935,0.3347924001756431
train:3635,8.994540774825868,4.982344304357701
train:3636,-28.297975964825707,-18.614601075879822
train:3637,0.7722278147806092,-0.14593629644818162
train:3638,-1.8718289210450272,-0.26904758235518517
train:3639,23.48813166683458,9.522597054496616
train:3640,-0.7742945416132461,-0.6831833898197965
train:3641,-3.4448171130078538,-0.19039240072312485
train:3642,-1.6782995324565246,-0.03941532145841953
train:3643,-4.943794785523326,-0.09662359021819725
train:3644,5.339409712530649,0.2596130065185739
train:3645,0.8482983791530623,3.622567943316031
train:3646,-0.7947959636538767,-1.1187456739956572
train:3647,2.8424920690362145,0.22917689334699035
train:3648,0.4421213064649159,-0.10808010922655545
train:3649,8.711305286408313,4.677175712457231
train:3650,10.326450245157003,10.66582600413529
train:3651,3.266700230045852,0.2983401379852879
train:3652,0.16482535854399533,0.28604698465664835
train:3653,0.2016598776902092,0.06824180422223201
train:3654,-4.673064155681793,-0.6217112747705535
train:3655,2.398727196274323,0.1555389497420382
train:3656,0.3024516785385557,0.2523742543580491
train:3657,-0.5800979978752255,0.13587265776984797
train:3658,5.526743159183521,0.1265392882664071
train:3659,-13.794934250601383,-7.75066425755244
train:3660,10.952705762052634,7.796954206721136
train:3661,-0.8793833330326185,0.3875159837120658
train:3662,5.523647745256349,1.0987954985230837
train:3663,-0.5772861830011584,0.1327988166270493
train:3664,0.5030318742412085,0.007418367876087073
train:3665,-1.4394705416739755,-0.007452737619769612
train:3666,6.633158373225823,13.483230917088367
train:3667,-14.535800978269997,-6.7992935542154695
train:3668,7.021447784326712,12.078163458050787
train:3669,-1.38811586723789,0.28146307883993404
train:3670,-0.9459426360469924,0.24518686008912655
train:3671,-4.399597957268996,-2.3898747476116227
train:3672,-6.977633763364677,-0.44837393246270324
train:3673,3.795817724713389,2.558648988427346
train:3674,4.373494118561521,0.6893052263451094
train:3675,0.13045059626698946,0.2164332885107562
train:3676,5.590503664985282,5.530909928069196
train:3677,6.820210545407992,0.1921795242016015
train:3678,-0.10971863249972263,0.12004465489087468
train:3679,-0.14965728275711826,-0.1326022185193318
train:3680,13.864291712835078,4.024842324728284
train:3681,-16.7357374126844,-8.189701759060052
train:3682,1.3713961352310786,0.22983855418379912
train:3683,5.667922487151187,4.892244872546943
train:3684,0.9801698467228673,0.2040041080997757
train:3685,1.4493510060990005,3.89136116720274
train:3686,27.957894500344064,9.04708460772986
train:3687,-0.9341030729545666,-0.4215340129897562
train:3688,-3.434005480253815,0.26143079055967294
train:3689,9.42866490698986,0.7719005212235284
train:3690,-4.114294055429694,-0.7905403571561951
train:3691,-3.916664103483177,-2.100718119704629
train:3692,0.10238196113149242,0.205758836062852
train:3693,-2.7800702308586263,-2.1522484882261597
train:3694,-2.268452889891849,0.30183789572502007
train:3695,-1.2706407709450231,-1.2025797283525628
train:3696,20.542617970971133,18.25270706224257
train:3697,-0.22856104816174144,-0.28968874697255276
train:3698,-1.0357591535401633,0.3507471571843069
train:3699,-0.6465954669976928,0.250233200921476
train:3700,-3.5929450826930798,-0.5088220638829244
train:3701,6.804270418957552,6.401296084068325
train:3702,-0.3231758524210382,0.06982505389168087
train:3703,2.2176533851149096,-0.3189493350696852
train:3704,-13.179386690084641,-4.9899784294416305
train:3705,0.9439846996707926,-0.2913698619576659
train:3706,1.3851792816702369,-0.469315826067564
train:3707,3.6919405056422008,0.9857854539293793
train:3708,3.495502599551687,-0.2916982671423002
train:3709,-1.0968828855227657,-0.024541077424742694
train:3710,-0.30838616180159645,-0.4448062709260681
train:3711,-0.572715589081358,-1.9757054505218625
train:3712,-2.014729834739986,-2.0210078187217624
train:3713,-2.5369482012951354,-3.381961987410844
train:3714,-1.12447521372399,-4.4665108367129065
train:3715,-1.151559155753787,-0.22118473793729387
train:3716,-9.862852905788495,-4.514519623139434
train:3717,0.00698272654047119,-0.20694062670141444
train:3718,8.34896518866656,10.570266087160736
train:3719,3.7473987653934238,-0.2115960769143469
train:3720,-5.8165555292110485,0.04052138222992657
train:3721,0.0194080843983276,-0.30205986443386074
train:3722,1.1369561884826944,-0.3366772232859161
train:3723,-3.8664298777650976,0.43308940745097757
train:3724,-0.8518565580551448,0.20260403491037482
train:3725,0.763451353919961,0.2291138372689676
train:3726,-9.210372380060793,-5.773584014713986
train:3727,-0.13082305121556242,-0.08217718595372903
train:3728,-0.08547730606082585,-0.28425394075455646
train:3729,11.049832393826955,19.82560412203089
train:3730,4.261481790914535,9.905286389267978
train:3731,0.17861617610508168,-0.07777210546235747
train:3732,-1.562026245265752,-0.33928977069955973
train:3733,7.89751036485895,1.4596721381053066
train:3734,4.028004918655507,0.46708405186735585
train:3735,-11.622007604038139,-2.9396298771569493
train:3736,0.6739279662677453,-0.31082123541958173
train:3737,-16.470586245525354,-5.368878122455987
train:3738,2.5469028198988,0.7592256788977172
train:3739,1.5412852181608514,0.4004011080718261
train:3740,0.8485766316666419,-0.3317661249014525
train:3741,11.869316498348203,8.41267655077819
train:3742,-8.084205189344427,-10.423318664954342
train:3743,5.011523180409346,-0.03597320143458982
train:3744,7.1478269610541245,2.005793411498155
train:3745,-7.66194758542873,-6.712136929593519
train:3746,0.31544202614934036,-0.3693409850057465
train:3747,-2.0004550391226985,-0.01596958797713996
train:3748,-0.8949254909757504,0.21912415670909322
train:3749,6.88961606711599,2.580237278162345
train:3750,7.548241858882948,0.5170161913343871
train:3751,0.357017414876338,0.46262461760737195
train:3752,-4.777183596239322,-0.4014282543923418
train:3753,0.9773429220631841,5.613850640433843
train:3754,-12.624012339806118,-2.513417867790515
train:3755,3.9193048884738477,6.959944403187818
train:3756,8.456825812142677,3.168230640578494
train:3757,-7.619655527947041,-3.410399422634241
train:3758,-13.12576880222148,-4.192075948433693
train:3759,-0.1483580736523596,0.010705843581870031
train:3760,4.3679941565972,0.7691657134957095
train:3761,-0.7305133566445139,0.33056728629609433
train:3762,-1.0499839706357972,0.3280603792122604
train:3763,1.7941839763927874,1.9123384547752411
train:3764,-0.7328848956115469,-4.754796377714003
train:3765,1.1732959202645357,0.20173437461257698
train:3766,-0.7234405822266597,0.25383609967818266
train:3767,3.4197611960474283,0.6130711413196641
train:3768,6.477270947481044,5.223791448217561
train:3769,-3.5676480471560867,-9.981857641606345
train:3770,-5.2472243861879,-2.3854054697557485
train:3771,0.8581299679662064,4.0523770023459615
train:3772,-1.3840576112796015,0.28607473218419455
train:3773,0.3075168273644886,-0.1206740628730931
train:3774,-12.452945390972998,-17.12721832946866
train:3775,8.158043516617186,5.898093174079363
train:3776,-1.6079899806521936,-0.22879226829168464
train:3777,2.6584881217584466,-0.29948940195916895
train:3778,3.751387283879638,1.5145106681500713
train:3779,-0.6671333849820427,-0.16256041797739457
train:3780,-0.3854338643869415,0.046388878684671724
train:3781,-16.82422217691918,-4.884003132050141
train:3782,-1.5971367378731496,-0.01701885823473559
train:3783,1.3478027861368793,-0.43857584537066724
train:3784,-0.34364937947283875,0.07312879292980452
train:3785,0.5067467893786479,-0.4501643256282812
train:3786,-30.61776786791314,-14.161461010833376
train:3787,3.1381780208015724,0.04244416462719019
train:3788,0.32520503978161064,2.483213661277126
train:3789,-33.286341974337965,-16.24941609392217
train:3790,0.6165053181572875,-0.0018645710310166014
train:3791,0.5523876402693821,-0.08836167472830797
train:3792,0.5656691418260802,1.8464432839725655
train:3793,2.074402389310134,3.8176631633967752
train:3794,23.96148173229136,9.297178137962574
train:3795,-1.4425287622827079,-8.24715126724955
train:3796,-6.148126059523838,-11.194828325467892
train:3797,-0.3062445240341709,-0.2963301783215816
train:3798,11.567288155955858,5.546970682059694
train:3799,2.3565018543075857,4.854713096007271
train:3800,24.6134415515609,6.781190408250045
train:3801,-0.11140709292778034,0.27135627375504456
train:3802,-1.851212897091953,0.09606636860584197
train:3803,0.6215984782011705,-0.016971494845813534
train:3804,-3.88913407409034,-0.009571678630791752
train:3805,0.6711842616580717,-0.19288596902122324
train:3806,5.364991276953709,1.4673270318486196
train:3807,-3.652869562614231,-0.24004563830659403
train:3808,-8.684414225336498,-3.8164808504223195
train:3809,2.732253630220578,-0.10189376586144641
train:3810,-1.0843526889985564,0.4324825283652112
train:3811,-2.4375197680258567,-9.992889316722504
train:3812,0.26231485763134677,0.08675832139617722
train:3813,18.02280598031093,23.484897267576255
train:3814,-4.787548909172081,-0.9751460131988028
train:3815,5.425496437559005,4.482940737060825
train:3816,0.22205309042000332,1.0698299329810441
train:3817,-2.3199442497732017,-0.8782286786170381
train:3818,-2.282918301266142,-6.6653749986464454
train:3819,-21.86624512727896,-12.490735156548164
train:3820,-1.1814488687434044,0.09653244147213225
train:3821,-2.562104367138537,-0.3387101398285045
train:3822,-0.548829807520924,0.33320558398594413
train:3823,-0.012595720057245824,0.07677270666938799
train:3824,-0.8820954233216182,-0.7036191228707553
train:3825,3.1042777057929176,4.786990297567606
train:3826,0.027924192029895545,0.013333370380564286
train:3827,0.45574649752982394,-0.36532964834999204
train:3828,1.3556993925581806,-0.024885032637667656
train:3829,8.320962339213054,0.5329268661527591
train:3830,8.528341124839185,11.866719594464952
train:3831,0.3260246875367331,0.06282911042978664
train:3832,2.9877452276642655,-0.02987816098788479
train:3833,20.58101821259455,5.828157991798122
train:3834,-11.187013148222649,-9.652856705429478
train:3835,-2.1448413609728565,-0.6695859600356753
train:3836,0.4037361746271127,-0.24768027421488603
train:3837,-3.888761211072978,-11.134501063418949
train:3838,0.049484693813106315,-0.10078101154339802
train:3839,2.1775833959517725,-0.2084228725173789
train:3840,-11.325729348676623,-4.646377015325489
train:3841,15.552749351393892,6.380491572823501
train:3842,-2.4136607191630515,0.8347311951664607
train:3843,1.7853598615928878,-0.008541952904166969
train:3844,3.0864105005308025,3.539090826305761
train:3845,0.22096193144026866,0.08963521929076232
train:3846,-0.5489327865213548,0.8262030746050999
train:3847,20.970900892474116,20.091035401268993
train:3848,2.3770153641767093,5.662364446127793
train:3849,4.305984526261004,0.2447163647377261
train:3850,-0.8089887015123558,0.2319719039366319
train:3851,3.2374070049007164,-0.46369755804789964
train:3852,-7.791597914512944,-4.734653241984367
train:3853,17.932569410777628,7.292628270835805
train:3854,2.8950434384931083,0.24111460726749948
train:3855,1.0580145323849104,0.3827434089741183
train:3856,-0.28215231955639464,0.01962000429510767
train:3857,1.093329123327248,0.029224500667965322
train:3858,-1.6894068520921621,-0.5998400886493123
train:3859,0.10001483887102411,-0.08647555615921595
train:3860,0.26592377181123195,0.1814930882456568
train:3861,0.8067494906654532,-0.22435166525862155
train:3862,0.04773009901569743,-0.19153810968828466
train:3863,-5.305251541952129,-14.002202471547811
train:3864,0.15421852149961662,-0.11366128543561813
train:3865,-1.4267787866727923,-1.8205758003994967
train:3866,9.571048368642023,10.647289229126324
train:3867,-1.4516285725555442,-0.9634511079769241
train:3868,-1.3029768744550343,-3.202284121067471
train:3869,0.2845652954716203,0.11144277869074062
train:3870,5.734050812588136,0.06107395448428031
train:3871,-5.738142715609834,-0.4540531166482403
train:3872,-1.1861342970338886,0.33520668716790114
train:3873,17.53324706667798,8.540319742636662
train:3874,-1.2003870091183524,0.24047192031842152
train:3875,-5.892120729369198,-0.4890821945979735
train:3876,-0.013825075460809272,2.210526938563728
train:3877,-0.7574557316059984,-0.028991524053696233
train:3878,9.183427042523613,3.8720634394332007
train:3879,1.194033984793741,0.6985085248550269
train:3880,-16.59893108913232,-2.1987032704492897
train:3881,6.808867978033222,3.606507759968773
train:3882,6.5094757120853135,5.094140733440683
train:3883,-8.390321077433335,-3.8189879714973687
train:3884,2.4805162333569326,0.36925853856909185
train:3885,-0.9510120853503697,-3.8766449085046157
train:3886,-1.6618019711459646,-9.681580603559366
train:3887,-7.547288488258254,-2.9226378333987304
train:3888,0.30393348359103095,-0.013074286838064067
train:3889,-0.02536128054970846,0.16717650531829426
train:3890,13.643432208940352,2.4575618210299104
train:3891,0.49861667865501547,-0.3249834593505176
train:3892,-2.4339647841577094,-0.03889403885865686
train:3893,-2.303562452666286,-11.110130031923967
train:3894,21.51737488164994,9.381419916914478
train:3895,-4.807590528813496,-2.917224711623855
train:3896,9.014885520012571,3.193525543479074
train:3897,-0.1957115606281376,0.1951387373835602
train:3898,0.5535119245483524,0.04029148433460158
train:3899,21.187899729914765,6.5509700994944335
train:3900,-10.114428511716927,-11.218787352543574
train:3901,1.9919575875317785,3.975645459076025
train:3902,0.39577889660510635,-0.16924307830051516
train:3903,-3.855513638802946,-0.025658539549521298
train:3904,8.769690427862528,2.288458544567437
train:3905,1.3414483076813988,6.579872608958451
train:3906,0.5489244774061339,0.18760196679093244
train:3907,3.3720579756491937,-0.09605694148085261
train:3908,-1.187994427872371,-0.948936939827703
train:3909,-0.8701105738290361,-0.25713968454396735
train:3910,1.293724630958022,-0.4945707839413422
train:3911,3.10585911920134,1.5033855502033575
train:3912,4.3907885467196595,0.4714021092646236
train:3913,-0.30644002141422133,-0.10723841044751883
train:3914,-0.359997353905798,-0.16094421366083428
train:3915,-7.510431769350097,-4.0024646098895875
train:3916,3.3069203872321906,0.37053635144431746
train:3917,6.283474696832734,0.1147834668786559
train:3918,7.897726086105902,14.355830027572312
train:3919,1.0660031922693505,1.1106805706047005
train:3920,-2.7198960907874463,-1.9927213186353523
train:3921,1.05458647071594,-0.0993294378015849
train:3922,2.20377586063021,1.1360904581181455
train:3923,14.287587010335251,4.912772051177116
train:3924,-9.609596161866573,-9.325051837483702
train:3925,4.522355726452977,0.12753406209458035
train:3926,2.169365764700686,1.8132793534528535
train:3927,0.6223559433770258,-0.24818971596741818
train:3928,-3.2276490459683034,-3.243542197964505
train:3929,-20.216109624374845,-8.040000352758423
train:3930,3.760278114194489,0.16003376388290363
train:3931,-0.015503423955416068,-0.03521538721183687
train:3932,-13.498293360385077,-1.8056472025972075
train:3933,0.2851875861807702,-0.05220900023896585
train:3934,1.1982333429038619,2.471906650797654
train:3935,-0.6068981083936769,0.3385519405017366
train:3936,7.167952265662031,2.4755944327363144
train:3937,-4.408151490677244,-1.5677377615038819
train:3938,-3.934003163623443,-0.1742571777898032
train:3939,-1.8167142345728942,-0.3245151039112672
train:3940,-1.449619203526821,-0.44848263999992805
train:3941,-5.21332918526053,0.09029573884109103
train:3942,-23.6891714893259,-6.837124918456154
train:3943,-0.6721719173394669,0.20583159307595517
train:3944,1.5846544871278603,0.13522590498768483
train:3945,-3.3916418256341285,-0.9438878884399633
train:3946,-0.25102197693856154,0.12668765550881356
train:3947,-5.754173035857492,-1.220134854327876
train:3948,-5.534569736293079,-0.6120956508545152
train:3949,0.18834664558371694,0.1376350180862596
train:3950,0.19808990026556597,-3.665889240666251
train:3951,0.9653187871279996,1.070288302163594
train:3952,2.0651263756911877,-0.03292054542207709
train:3953,0.9289674324341458,-0.49162797675253417
train:3954,-19.489071372502238,-9.90771738928936
train:3955,-1.9666811813967393,-8.750383280043753
train:3956,10.134382089066715,0.7635942382217273
train:3957,1.3880461891472433,-0.05988087061866948
train:3958,1.2888748546916813,0.3885405736495304
train:3959,-6.374870476228738,-5.284175834409384
train:3960,2.035224109956597,-0.10871823102971317
train:3961,0.15121748561798587,-0.6982251176444207
train:3962,3.4600150596786032,9.460998399308897
train:3963,12.108179428033829,4.184874370925703
train:3964,-0.44025879166260284,0.1342729307768434
train:3965,1.052937876876085,-0.08840761150912996
train:3966,3.0495705186159427,0.11475151085721451
train:3967,3.1112816725716574,1.8289024240782528
train:3968,-0.8129246844362731,-0.6399076610868448
train:3969,-4.893293697745439,-0.5048293801280783
train:3970,0.21172752784632742,0.24677831275515075
train:3971,0.7198791489092137,-0.06914540628128235
train:3972,0.002588800883260939,-0.22668402684141298
train:3973,-0.2253413853051553,0.27530954746112646
train:3974,-4.479344616252766,-3.1337221917433493
train:3975,6.442066076828104,0.09080175673418305
train:3976,0.714607925853299,2.111714640442651
train:3977,9.90846801319599,1.0199645587730957
train:3978,-15.320685998312399,-8.459264495355933
train:3979,-11.493515846823332,-11.027314861072126
train:3980,-1.3771191977246118,0.06928522538661738
train:3981,-2.477611375805337,0.00809386681146644
train:3982,-6.602064932086762,-6.4886439339945605
train:3983,1.2550145225003488,2.003474888013934
train:3984,3.009492393414397,-0.6194010256133129
train:3985,-0.09429584186295939,-0.39990977273063577
train:3986,0.2616886151321126,0.03340061055927692
train:3987,-29.96739062434322,-8.88690168621433
train:3988,-2.853872002806237,-11.466317553342098
train:3989,-10.141354614601594,-1.0020706731928934
train:3990,1.7087476695206516,-0.08934089852819055
train:3991,-3.1501990743982056,-0.06399620700491843
train:3992,0.48515908998132784,-0.028476233207953824
train:3993,18.455645083322818,10.845386888614458
train:3994,10.612641672557581,2.1755008564910048
train:3995,-1.427569842064364,-0.7305329406432857
train:3996,-0.40927931444269205,-0.050611056506086355
train:3997,6.274211235958761,13.580993516969418
train:3998,8.57243101435097,3.5517947714368137
train:3999,1.0437083549051893,0.9760022035615838
train:4000,7.221357221777123,1.0467642478976211
train:4001,-2.479653753904176,-1.4164204362073116
train:4002,-3.7951014614937497,-3.1202458809869236
train:4003,-3.8390263056549565,-6.122571730372721
train:4004,1.1109266770306725,4.0064022737485026
train:4005,1.2487018865281132,0.4895452830987826
train:4006,3.807180748413302,0.1296592801812428
train:4007,1.9020973678894406,2.9666771656287696
train:4008,3.3838889377867303,0.20489516751907444
train:4009,-0.1736638263733623,-0.21445043440095102
train:4010,3.5397370780889075,-0.29521428546571304
train:4011,7.1355266657295235,3.3015394638455513
train:4012,7.033639754111357,0.8949955437981914
train:4013,-0.9230733943711728,0.21069276017691657
train:4014,-2.0656558561810496,-0.7842728397901926
train:4015,-0.4229060164861618,0.5732958808818345
train:4016,-1.248473088238279,-0.187958892626039
train:4017,-3.39554479948793,-9.753512466537455
train:4018,-2.0934715767511545,-1.1445939581782512
train:4019,-0.4861269867123018,0.10221290960495927
train:4020,0.16854538776272007,1.7750692247616018
train:4021,0.4627875413978839,-0.054790590256838106
train:4022,-0.2010336920386671,2.8099719695206953
train:4023,6.781280298996802,0.5489105833058541
train:4024,0.15003868988167685,-0.28031464780785514
train:4025,32.965985986291,11.691956678347912
train:4026,3.693557020244901,6.578762137213363
train:4027,22.78871689256739,7.243739552533159
train:4028,3.136564295697755,-0.006315017659970126
train:4029,8.22466883777179,5.520333055615336
train:4030,1.3065256413321227,-0.8764706694553317
train:4031,-1.4283429981714364,-0.18107051541488944
train:4032,-5.924211589435745,-0.35504979570256506
train:4033,-0.09564735407177433,0.08609751652422848
train:4034,1.2459591117514006,0.8400464516256718
train:4035,-2.601402827402284,-1.3043298405340975
train:4036,1.9074327494196641,0.017095335940427878
train:4037,-12.024171517666604,-1.901781899975278
train:4038,15.163259061023869,12.413957331356908
train:4039,0.370466053907776,-0.07058342724614489
train:4040,-0.20494945109568258,-0.012638172741875092
train:4041,1.5577688319769964,0.8195646391330811
train:4042,2.6985274264338703,0.4887807638179594
train:4043,1.7457722232782702,-0.9105955631912457
train:4044,2.2162690962942193,0.033553114965173554
train:4045,-2.019609598119319,-1.38671588766944
train:4046,0.21391251907555967,0.011044591675229767
train:4047,-4.155438234121028,-3.6856312141981493
train:4048,-0.06511384798578376,0.16498530660700395
train:4049,0.28417778758512313,-0.21915068010822542
train:4050,-0.6326886527747215,-1.801682658687135
train:4051,0.5339414977599242,0.06173226279205394
train:4052,-3.135541652517466,-0.004181382585517354
train:4053,-1.2705984635452978,0.2624881924834389
train:4054,0.4645714259335643,1.6441281429582177
train:4055,-0.38811003987782255,-0.47071618457858483
train:4056,-0.35467533872438867,-1.1706168591922927
train:4057,5.635555001778742,9.269350720362764
train:4058,-8.232576775265436,-2.629774877647775
train:4059,-5.099507867587917,0.1358342106815513
train:4060,2.377096724560797,0.17668299371467763
train:4061,-3.3580027936875148,-7.6685618201073895
train:4062,-2.523445167035479,-0.28737222073967206
train:4063,-1.6290362848079711,-4.002609267950934
train:4064,4.360264455192398,1.343686759658113
train:4065,0.02747647745917356,0.16404196200083793
train:4066,-2.0595026865616255,2.1478785851359836
train:4067,-1.9500343818959385,0.07442586501438092
train:4068,2.0661075819232844,-0.28619840759494103
train:4069,4.5955847212966106,0.386025320908311
train:4070,-0.3758066063669774,0.29088718061853885
train:4071,-2.867620512967598,0.20255403229646765
train:4072,0.18446668509570002,0.24426512859567648
train:4073,4.8024860376972685,1.6317180790957782
train:4074,11.557601156168149,2.012851555073212
train:4075,-1.0740661794092428,1.97739563597994
train:4076,-7.60257263678753,-3.743778904391818
train:4077,5.8575860952043275,1.6668214833275246
train:4078,1.140664129872926,-0.16912053266471982
train:4079,6.1315869475697005,2.569454118177216
train:4080,-6.2699620724038,-2.1853875957649307
train:4081,1.2618192725671946,0.23447674243872083
train:4082,8.040442892874584,0.8009348492759911
train:4083,1.0325989431453895,-1.0978946553267706
train:4084,0.3252343295198822,-0.2837218159332333
train:4085,0.8858059811339207,-0.015991843063500932
train:4086,15.62452315765356,5.552217176008482
train:4087,-4.509159245230783,-0.3438825928168994
train:4088,1.3090585063178897,-0.4239369916735007
train:4089,-7.647741132534076,-3.7259431646032226
train:4090,3.566980718929756,-0.03142560279402208
train:4091,0.7418798103703383,-0.4291027396038252
train:4092,11.551319204683626,7.95365341107519
train:4093,10.337864874586252,2.8351818465785112
train:4094,6.50396412720898,3.5319857473242124
train:4095,11.554326284479504,2.0128452779975716
train:4096,24.536605734661546,15.772384535031591
train:4097,-0.14065870804791092,0.035448221165295966
train:4098,0.06581627994012794,0.03343670374420849
train:4099,-3.3887040183938457,-11.169188183407096
train:4100,2.4225543983582143,0.2353799280268701
train:4101,0.5219561833508615,0.15193926085355663
train:4102,-0.2030109818302357,-0.4925313050014935
train:4103,-1.0085431752299043,-0.2611768428063329
train:4104,1.7163397556472249,0.005689461519621894
train:4105,2.2810791510507102,0.15059753593544828
train:4106,0.37744689109161117,-0.11472995756337462
train:4107,-0.6848457730561508,0.28844846540188784
train:4108,-0.8038383567413713,0.14127101415088772
train:4109,-2.0425918144999002,-2.2266375409957946
train:4110,0.7484024723626402,-0.24599402344061272
train:4111,-0.09555530060863524,-0.1773250985089866
train:4112,13.401381811864415,5.009718060581692
train:4113,-0.6117618321544329,0.3807976581864437
train:4114,10.782808543084453,10.480782379405964
train:4115,1.773656054112768,3.2306952468829504
train:4116,-3.0858123260972103,-2.869669586573147
train:4117,3.515945674574015,0.10056517724938761
train:4118,7.4593939948768995,6.573465426659452
train:4119,1.6084484476833953,2.54402026364769
train:4120,2.1342027365309915,-0.08178415542216194
train:4121,7.604289400273205,7.148823321133352
train:4122,-3.8962672876506583,-0.6027957353110209
train:4123,-5.49798080927769,-12.49270045186681
train:4124,-1.1100330481737224,0.264629103259202
train:4125,-4.592787026993771,-5.092411173599045
train:4126,-29.06664283836233,-10.640086629969607
train:4127,0.1635743845240886,0.12126911262315793
train:4128,2.996052122879608,8.264668813612955
train:4129,-5.570125618888797,-0.4898629772111374
train:4130,-6.862645970242489,-2.6657091384369975
train:4131,-0.6778343676137227,-1.849699862101453
train:4132,-2.6980278142941443,-0.2831878365213801
train:4133,-15.260769421971416,-3.0267479833601976
train:4134,-1.8026237783401249,-0.11639580784181705
train:4135,-8.965216340895113,-2.4753183012270186
train:4136,2.612860985903887,0.5899655112094394
train:4137,-13.98452905101541,-1.308825510639823
train:4138,-5.525748875908543,-1.100578818467037
train:4139,-2.827890610209947,0.11054230365798147
train:4140,-0.3873819806693587,-0.40332350325327426
train:4141,-5.446084507141822,-11.613164602157124
train:4142,0.06239949249580963,0.08495095159420861
train:4143,0.6610780234340718,0.6650140849037329
train:4144,2.7986908926588208,3.119474311507534
train:4145,3.015837573540268,7.887072469758815
train:4146,6.266161672015376,5.92722165826643
train:4147,-2.352852433012469,0.11923705204542956
train:4148,3.990227665115959,0.5795267344196655
train:4149,0.40478316654119983,-0.21149400310478744
train:4150,0.6129237178206317,-0.14941379635289284
train:4151,-2.220422833207823,-0.45979721150233005
train:4152,-2.154724555515336,-3.1228223352156355
train:4153,-0.5216291714545214,-4.25386662507168
train:4154,4.320823730485619,7.815341473201216
train:4155,-5.394906500968326,-14.942080420030683
train:4156,0.2669014911697245,-0.11174692002614489
train:4157,-1.0310676813354331,0.2639941199938644
train:4158,6.6001632506047025,6.458733608749783
train:4159,6.039828706395719,0.16689032773342177
train:4160,15.199340299242552,7.37826812572577
train:4161,-0.2522605144426149,0.018201670522025995
train:4162,3.2866835026689647,-0.16067929253665275
train:4163,-13.24356376105293,-6.630941814900108
train:4164,-3.302185385955105,-0.3240571627111473
train:4165,-1.2885005375434502,0.08673364107604614
train:4166,6.3678449502150825,0.21411419438329535
train:4167,-2.0835693206329746,0.10773659350758946
train:4168,10.039384774773087,1.7432393154762578
train:4169,-1.8229448127863215,0.1011353925069824
train:4170,-3.2682390442148805,-2.1809614014736782
train:4171,5.1701605871362855,6.158821782376421
train:4172,1.754385033537782,0.028174445775914658
train:4173,2.500532515050161,-0.8354907811378098
train:4174,-0.5653606103598401,0.06558652989599155
train:4175,-5.598584551409674,-2.7277517540654554
train:4176,0.3080503190258629,0.12570786106569096
train:4177,-1.984448894532027,-2.012721936215792
train:4178,4.786021950373304,6.988300236427891
train:4179,-1.6263734756659045,0.16811692537785514
train:4180,7.050785408995735,0.6313471323679389
train:4181,7.179696055959473,1.491689789016619
train:4182,-7.078164513609223,-10.908406505288715
train:4183,4.346552673432997,1.4831014655934354
train:4184,0.477928708876584,0.5594823199705539
train:4185,1.0762578550797501,0.9366756113712238
train:4186,4.661808354612063,8.674303922178288
train:4187,0.8608547272292997,-0.33598360642766595
train:4188,-0.47021731229133434,0.988768919449039
train:4189,-1.1086434128135063,-0.3621043727573718
train:4190,0.8890980547323448,0.3071641370666017
train:4191,19.845602165743326,8.09251944353523
train:4192,6.98280346155103,2.2096258928877286
train:4193,-5.895099914176245,-4.997984554099178
train:4194,0.6499394381651207,-0.2513172689051842
train:4195,1.7545772765024692,-0.5130031669025863
train:4196,2.818529111340017,0.034289672727235584
train:4197,21.046589295499597,4.608083940884747
train:4198,-0.9806572522712441,0.2611922616853426
train:4199,-1.3898207159718856,0.3930672011510272
train:4200,-7.3246027924281245,-3.828472062146581
train:4201,-16.66374602551186,-4.4354758334609174
train:4202,-0.9896236315141768,0.8958884578080202
train:4203,-0.7385831444548013,0.5349335331063063
train:4204,1.6758420433220271,-0.1950277357618464
train:4205,-1.009311682172172,-0.337939628793661
train:4206,-4.028449086971198,-2.3496201468521725
train:4207,8.921415921273868,2.6721159755955
train:4208,-6.3735092007738325,-4.682019106775819
train:4209,0.36733112207976115,0.30196158264729545
train:4210,3.081249695139007,0.32830646910952105
train:4211,0.23060894841065405,0.1693996600510259
train:4212,-42.17371888957216,-16.768191287288168
train:4213,8.401192046420064,5.541736742262187
train:4214,-4.213763401349257,0.08737119223596386
train:4215,4.09582646991444,0.025404757480049223
train:4216,36.30689069249499,15.165819303047215
train:4217,-0.1068174374322794,-0.2145114932276337
train:4218,23.90765370217901,7.417293275624586
train:4219,-0.13874464689769034,-2.561774175950218
train:4220,5.289284742185488,0.2972226758605093
train:4221,0.3645530136505304,0.02180200138415256
train:4222,-1.1492169065250257,-0.40751559115530656
train:4223,0.058116100731838385,-0.059102941221705646
train:4224,-0.36744612952725697,-0.017708765911925592
train:4225,0.755186068729623,0.6329518524892936
train:4226,-20.63652801869368,-9.383725946066294
train:4227,5.169512958478948,8.835595092684821
train:4228,3.3451667415005644,-0.15286732924152302
train:4229,0.19188698458272826,0.06835293699322684
train:4230,-0.7621165193230159,2.35292182882008
train:4231,11.539601449709092,1.6110582259122996
train:4232,-7.317676466701628,-5.093190101621678
train:4233,0.7549020047600372,0.14116373322176307
train:4234,-1.471807575016948,0.13560837861931146
train:4235,-5.695654463373374,-13.893449282863882
train:4236,1.8844231029667333,2.6482493927247024
train:4237,0.005998963267732138,0.030438544161118117
train:4238,-5.4843945549680235,-0.5932913868267875
train:4239,-4.99888273929783,-0.06606493141081837
train:4240,1.9471749724640484,1.3305984863049038
train:4241,-6.553526721689549,-1.6522630074852676
train:4242,-2.5479499848896996,-1.4080218516614365
train:4243,15.102831076554336,5.259162769450499
train:4244,2.1255592417837663,4.259057992128929
train:4245,0.00745136235281571,-0.13019110816941695
train:4246,-9.088037976713736,-0.10992043367563548
train:4247,-9.255353979382178,-5.4695909478879665
train:4248,0.8510427811374568,5.840846814883314
train:4249,-2.5280013485443837,-0.21493191463472194
train:4250,3.0888190003580354,0.29754052414520316
train:4251,3.4085088224698747,4.188403799365257
train:4252,2.6697067888911636,1.8048834794623683
train:4253,-0.1260831114677397,0.6419221502312689
train:4254,-4.45400759789845,-5.719390026208829
train:4255,-37.521876165639455,-13.614501747842551
train:4256,4.752834352329256,1.0689139079199943
train:4257,2.892195360133562,6.267434022180064
train:4258,11.343875330750224,17.873128874415826
train:4259,-5.991744427560287,-0.13313648325280503
train:4260,6.373088743198648,9.820091636105234
train:4261,4.738957525219277,9.900634505575296
train:4262,-0.1460019931583032,-1.0691850232778821
train:4263,-0.1543314368229502,-0.3726042083738284
train:4264,21.514828999002717,10.329918002181163
train:4265,-3.389360945380793,-0.14357911188444913
train:4266,-0.0053665012437032755,0.02124348431297826
train:4267,-0.4592443535185615,-0.24492948847634638
train:4268,2.65223987671876,6.87235180713049
train:4269,0.273112542890971,-0.08357754446474994
train:4270,7.960851051078819,7.603952391366423
train:4271,7.688220772497961,12.995378880899311
train:4272,2.292326178088738,1.2978312954978188
train:4273,-23.899471810115497,-9.979505450170961
train:4274,-1.728011656967002,-1.1714130491729375
train:4275,11.628432111805362,12.671949705318047
train:4276,1.6965605813590514,2.28645958129763
train:4277,-9.918250493939013,-2.5893088535678954
train:4278,-4.75186889387607,-1.627968156862831
train:4279,-3.6703573960282574,-9.448357570074744
train:4280,-0.5085722245579051,0.029135337661711447
train:4281,1.6207582737958472,-0.03120376523446243
train:4282,2.4834087112403664,-0.31767993918225
train:4283,0.31795524841380596,0.13329634620194594
train:4284,1.2087362711148484,0.5789972488233275
train:4285,1.4435741863705411,-0.25046330129648703
train:4286,-0.06194044431900744,0.06314353485504032
train:4287,3.462374045900663,6.847173886094114
train:4288,-0.7560812060313987,0.21118401267617293
train:4289,-0.7320540898608925,-0.4855307963936791
train:4290,-6.847315814214465,-0.37024559720199585
train:4291,0.7255090550298345,-0.8537624923617844
train:4292,-0.4250291738234875,-0.40465552723630216
train:4293,-3.2138326580007894,0.0756393378642937
train:4294,-7.261166798329753,-12.386128261646256
train:4295,-34.03192295511886,-12.08910274878094
train:4296,2.1948322622948218,0.7857759969263518
train:4297,0.23469114756768872,1.1629075518614918
train:4298,-0.9635074131385416,0.23349309615372804
train:4299,7.601852772998902,7.878610401152487
train:4300,-0.14693961347035256,0.6221891643304007
train:4301,-3.504022367133671,-7.697225230053836
train:4302,12.871626219327391,1.4212637108881465
train:4303,10.17818466019355,3.0818161374901964
train:4304,6.275546476090759,1.9897263804320162
train:4305,1.3289557693921097,3.564948383441006
train:4306,-0.23129347854676302,-0.1481475390032778
train:4307,-1.7328216828742602,-0.13006956115929166
train:4308,0.2562442106872115,0.3290018692278963
train:4309,-0.5897031723623658,-0.5454978755625592
train:4310,0.9859880440180909,-0.2897917480773773
train:4311,1.2670709691309283,0.16084350664049885
train:4312,-0.8086746504297777,0.10483472997125327
train:4313,-0.7840842879431451,-2.1641807810358884
train:4314,-1.3943729456907064,-0.23640835829467588
train:4315,-4.795527805810431,-4.673505394956268
train:4316,35.11013616237719,14.600843691682327
train:4317,-5.763555515350472,-4.799481167267387
train:4318,-5.903745036131152,-0.07696236270476225
train:4319,-0.6503136365504956,0.13874905635159807
train:4320,-0.28453978191288487,0.0036982732639603
train:4321,0.9896818054556674,-0.022566081171016814
train:4322,1.1440789414222023,0.016610574508026804
train:4323,5.330343376244409,11.750181690700604
train:4324,12.063264776685637,1.580089987919393
train:4325,0.07048125190546999,0.13435817061082211
train:4326,0.32925260266084805,0.736223049892317
train:4327,-1.2561981404782752,-1.003805428642569
train:4328,35.259727689143034,16.89544238742187
train:4329,-0.0840439685514428,-0.4237653707190631
train:4330,0.5509980049091661,-0.43713839504904467
train:4331,0.3406997762437314,-0.2970407718162225
train:4332,-8.003296704075886,-13.091163691129314
train:4333,-4.515200834894887,-4.773061526540717
train:4334,0.05684943578071476,0.6569965473813844
train:4335,16.906013365507377,5.515765056478937
train:4336,-3.279679708967037,0.0615658489571817
train:4337,0.9608537292492728,0.4526992770728103
train:4338,-0.2636555011505621,0.3549860378320212
train:4339,-0.35180680403970055,-0.4123914523196986
train:4340,9.299734268617462,3.3120783885239495
train:4341,4.476496364816407,4.529361423350363
train:4342,0.2237535224474339,-0.4237485367434824
train:4343,3.595872023777499,0.4574645761094476
train:4344,-0.9130614179635944,-0.30328061298508385
train:4345,-0.9284366708902264,0.13431829691442537
train:4346,-3.152474375653775,-0.46343306490614816
train:4347,0.9182232125697792,-0.033532702957813715
train:4348,-4.186238950954186,-5.92431200820442
train:4349,3.624020392089402,0.41461312062545413
train:4350,20.2567854590935,5.746254138200601
train:4351,3.368666409923943,0.1774000069457688
train:4352,2.125642461833776,8.35632324825278
train:4353,0.6854279078711655,-0.33487370532581767
train:4354,-3.1393079409260007,-5.83233002434482
train:4355,2.076658628990003,0.04659559419837071
train:4356,-1.9183779862804191,-0.29994891242819893
train:4357,-0.31408882735141563,0.10486369011568453
train:4358,7.724705558221719,10.381022528184825
train:4359,8.841313601182513,9.393050767432664
train:4360,-2.3241991654027423,0.006366672384721342
train:4361,-1.4099929771443218,-0.26479286635756016
train:4362,-1.9372501085151357,-5.23258740293818
train:4363,5.418154476498941,0.9906403439547005
train:4364,13.438508182331264,19.182356801291238
train:4365,-9.26100364445322,-6.669167493619651
train:4366,-2.0690953083037926,-2.3822592282518715
train:4367,-0.17860949166380652,-0.2785747565690195
train:4368,1.5691913649864135,0.6041950710426982
train:4369,2.1380510826983343,0.2740415781817913
train:4370,-1.16080471734326,0.33568174766522174
train:4371,-3.607787076416578,-11.190734530863953
train:4372,-1.3189932472082768,-0.23153078520056375
train:4373,2.338462862405926,-0.3349022374878189
train:4374,1.8287765520409076,0.029564318717400104
train:4375,37.35071745518287,13.620728547058826
train:4376,-3.1612724551307663,-4.085472372834937
train:4377,-0.3059409335724041,-1.0875076644110289
train:4378,6.719521258643596,1.9509156497306386
train:4379,-1.0216740438469203,0.9622755230835971
train:4380,4.032769150289437,0.11894431206329684
train:4381,1.7384930259430735,0.459867412132382
train:4382,-0.04310412065328936,-3.570085373706585
train:4383,-4.445993367607582,-0.7230729215664413
train:4384,-1.1572341587730164,-3.828432402441399
train:4385,0.003159485863075323,-0.243839987870329
train:4386,-0.4308365618105394,0.20203424763521005
train:4387,-10.006751995167088,-11.401628294366404
train:4388,1.089811332777541,4.116547261294852
train:4389,1.024884816442685,-0.16063442571190578
train:4390,0.49128018036359744,3.0302970391726562
train:4391,-17.28638821152104,-9.010113833314009
train:4392,-0.40837551680459916,0.04054805980139774
train:4393,-0.07837698534150206,-0.047593637713645165
train:4394,3.769552035689273,1.7852736098405355
train:4395,6.241493203560019,1.9281646743940892
train:4396,2.737732903401517,1.9892343432983048
train:4397,0.6269412983950822,-0.12240839034033851
train:4398,-4.145638259628558,-7.173867200827198
train:4399,-2.34118651622551,0.1466725804001526
train:4400,13.765448609414749,2.40465748624721
train:4401,-11.364125870968198,-8.12021681429519
train:4402,0.7726036997550938,0.203343873871067
train:4403,11.39539737511929,2.2180634238347356
train:4404,-8.868614134910796,-2.9053758753879797
train:4405,-4.998546139765948,-6.327573031778676
train:4406,-4.497451718418819,-0.12958636899580064
train:4407,-0.6423844859755594,-0.4312616256416491
train:4408,-1.4042545130255042,-1.5215022489457313
train:4409,31.21677306206038,13.090846353668983
train:4410,6.934074170480331,13.432540678076963
train:4411,0.4962857036509061,0.01737537911047006
train:4412,1.4512527469624876,4.268673901366587
train:4413,-4.323340961387862,-1.0579804432599949
train:4414,-4.406693977510875,-8.40351721595143
train:4415,-14.999592360887688,-3.672950950761558
train:4416,-35.32943418489072,-12.368836630187024
train:4417,4.98249937436466,1.8208065657712107
train:4418,-28.603898447658725,-13.405389532535459
train:4419,0.25256916213797515,-0.1555894401572514
train:4420,23.520696276794755,11.534545881873548
train:4421,-0.25782533225596566,-0.5860395098717421
train:4422,-2.9385137674131974,0.08245367411505002
train:4423,-2.497978436983103,0.06571000282705192
train:4424,0.5080797049282428,0.6619012260293975
train:4425,1.5599425489815766,-0.05406330544742649
train:4426,-1.9789705511840494,-4.975930334158699
train:4427,3.1796729789774436,-0.06113086463594383
train:4428,-1.6913632206421085,-0.029132472933982356
train:4429,-9.849147167943341,-0.5325862162921378
train:4430,-8.11912413636186,-8.789478048417854
train:4431,-3.740709952607035,-10.72959658731342
train:4432,0.29459284658129536,-0.007054143316612277
train:4433,1.1455208798864747,-0.21706783228213483
train:4434,-1.3954792144560573,-6.923133979522414
train:4435,-2.6151438988999565,0.03740524215696107
train:4436,-2.7506168419859587,-0.10360555292071086
train:4437,0.044334116583881505,-0.5893081543506045
train:4438,2.1995139712534617,3.356379135176796
train:4439,0.42581459336960104,-0.3353567548284987
train:4440,-23.34533971667287,-8.123632684729978
train:4441,4.35041938380132,9.84758522740963
train:4442,-5.396155266634951,-0.1602060866298622
train:4443,4.84228149367867,0.31395464896208697
train:4444,-0.2709659641190721,4.239165939424904
train:4445,-0.8832830524710568,-0.015219192116507338
train:4446,-2.848241864227376,-0.10674038155978718
train:4447,1.35446364455301,0.4993322426476382
train:4448,2.1985725153804485,0.3345160661866611
train:4449,0.03376912202274786,-0.4266575333203189
train:4450,-1.3176238357149623,-4.027497302221376
train:4451,-19.831292674466813,-14.935108300924059
train:4452,-0.0006723557692098203,-0.07815101257373397
train:4453,0.05391139608219184,1.3308238903847136
train:4454,2.5531478105231233,0.2629111104547023
train:4455,7.72693669241164,12.715025280934562
train:4456,10.495990408268161,2.208482609156339
train:4457,-2.5680636665855925,-0.07915719926670772
train:4458,1.5268748993894978,2.272522761446504
train:4459,-0.6869904327806996,0.09939592925057676
train:4460,1.959190738902584,0.08652492831100705
train:4461,-2.6173713137580346,-0.16465724656286573
train:4462,-0.8567553830101785,2.584909990333288
train:4463,2.7556233544876565,-0.4106243128661517
train:4464,-0.26711808286820965,0.03885638791634417
train:4465,-3.7770603774679277,-0.2843657868296013
train:4466,4.281431822009292,12.673706145210843
train:4467,-1.0793692492440718,-3.09164609776174
train:4468,-2.5399947989918554,-2.649293444351204
train:4469,-2.7053465295301833,-0.06175343641081091
train:4470,-0.3158989796682443,1.9584382969030758
train:4471,-3.2254323241892773,-12.136609939799484
train:4472,2.476354301023492,0.27647779683426726
train:4473,4.207781147917844,0.004511796533020682
train:4474,-12.890212358545172,-9.507690771599565
train:4475,7.996250721737089,13.949632473884888
train:4476,3.005667060612839,0.6042708239328114
train:4477,2.5708697293850817,2.844073894866198
train:4478,1.4346687111865544,5.271266112571425
train:4479,3.2366726693197663,0.451288504322659
train:4480,2.0338235490590892,0.02349110537462601
train:4481,-1.585359473589111,-0.3879838996573572
train:4482,1.1720141455277955,1.0561140947246177
train:4483,0.5402507630876763,-0.19948203423267008
train:4484,12.582701083021472,4.127056227203148
train:4485,3.841070370342905,1.275761525529049
train:4486,-2.376205187828009,-1.3269886569873828
train:4487,-0.09938365536731661,-0.20745877076335695
train:4488,1.8247155065837357,7.3545596110324585
train:4489,-7.573565567736143,-0.3223555045693933
train:4490,2.7454126262846645,4.863473040384892
train:4491,-3.999649835586594,-8.015918066742895
train:4492,-1.622638104203323,0.0029142807825712075
train:4493,8.968419907285428,1.3802728376882538
train:4494,10.14191001671898,7.82072378024113
train:4495,-0.5739380869668341,-1.0110210697518727
train:4496,4.644050404722866,0.9665256739353019
train:4497,-5.854108228090516,0.00798958175935191
train:4498,0.8205579750527986,-0.23041132582444507
train:4499,2.078729483223272,-0.01590539061263717
train:4500,-3.567849355992143,-0.13915291759319665
train:4501,3.0907100481424714,-0.16158219280318198
train:4502,-4.972082628779379,-8.243216111466339
train:4503,21.7904556643004,7.0909823516811965
train:4504,-6.498688892981554,-2.298813496619803
train:4505,17.433342094016187,13.675438397052964
train:4506,-0.5253819772851214,-0.056368846797936745
train:4507,-1.578543333068493,-0.599029204605237
train:4508,-6.988608581803373,-0.20256450635447415
train:4509,-1.7219640233886513,-0.035098904660466806
train:4510,0.2304420433941544,0.1300367606845192
train:4511,3.2581102006938845,5.231718253464746
train:4512,-2.0824916442311743,0.38753766815518675
train:4513,1.0491432285622402,2.0114212377920895
train:4514,0.7870586505085752,0.14057654132777753
train:4515,-2.1012377740996753,-0.19762287855666927
train:4516,8.485354947052109,13.441720045236002
train:4517,1.0027208530677845,-0.17397342543870087
train:4518,3.440257039090293,3.2038841448936246
train:4519,2.787640757750285,11.137571064231404
train:4520,-0.2057072649588984,0.1662766009287751
train:4521,-3.100329808117319,0.23871576574724515
train:4522,-5.837339155555343,0.19803432384425612
train:4523,1.0324522619957914,-0.24341443067408053
train:4524,3.217043198138314,0.8190932878168207
train:4525,-0.3066252906317008,-0.10893550344335262
train:4526,5.104089446426437,12.193475620135562
train:4527,-29.785481823184828,-9.377810658240197
train:4528,0.07050612493717676,0.19818647159812772
train:4529,20.801420238672463,8.151963349848614
train:4530,7.587186052788553,2.9625228828413888
train:4531,4.093328938581192,3.583476313479751
train:4532,5.293572666885144,11.131460616417218
train:4533,-7.201358082612246,-3.5254653521609445
train:4534,-8.95314710906132,-3.123273143375255
train:4535,7.70031464490522,0.6750800889969606
train:4536,-1.070381251384796,0.28079927809097516
train:4537,13.406360137537614,3.018291276045774
train:4538,-1.189857813126217,0.7384986324727261
train:4539,1.6053888323252217,-0.5258397865869444
train:4540,-2.948078959083015,0.17392992540317792
train:4541,1.8122938680577234,0.447908441751182
train:4542,-6.621692776060533,-5.974258128430832
train:4543,0.986587321361456,0.03132917559798685
train:4544,0.7331783172921708,3.0197561172429177
train:4545,-1.198543847731408,0.3237866893269045
train:4546,1.9678316766091664,0.23956416958435206
train:4547,-0.4160808100941742,-0.4158836462878404
train:4548,-32.490832682883166,-15.301540009787114
train:4549,1.5060543121850039,-0.16775740862511052
train:4550,-0.15013510066995267,-0.41498488318480137
train:4551,-1.0841548670361036,0.22478479498932935
train:4552,-0.7523121281239811,0.39008758747323763
train:4553,0.6452024041453011,0.6232962122160488
train:4554,12.708726923223704,6.377828951465545
train:4555,0.6119078753107381,0.25754613670320403
train:4556,-2.9637345566473887,-0.3019330389737652
train:4557,-32.371438411358795,-10.684581965967302
train:4558,2.6032497675025,0.07067659626660788
train:4559,-13.629578335814731,-4.721334428762188
train:4560,-24.488052355097288,-7.416796875824642
train:4561,2.7833760788746535,2.697547547552066
train:4562,-4.302572677287424,-0.25717734699780903
train:4563,2.4275204037446803,-0.3795793233574617
train:4564,-3.6564805689182784,-1.263411867008118
train:4565,-0.5819816069959732,-0.03026619839110166
train:4566,-7.825131410418484,-4.973372140513668
train:4567,0.5615653240527023,-0.10913123407468114
train:4568,-5.853484775090164,-12.183206384206951
train:4569,0.4816386261618579,-0.06489439946471748
train:4570,-4.22873092252249,-0.31295087599135435
train:4571,0.3520009660517376,1.9278175806433442
train:4572,-1.868887859389381,-4.264024360065742
train:4573,-5.16189501010628,-0.10697405996657733
train:4574,5.7455133284148765,2.09031295104714
train:4575,-4.0018056533066755,-6.3079691539108635
train:4576,1.2715874002807506,-0.1183606751780325
train:4577,-0.8134609655965304,0.2767197495680378
train:4578,1.416802900673881,-1.2446505438842022
train:4579,7.435901765117209,3.8553239053086927
train:4580,-23.8109517122282,-7.706151802257544
train:4581,2.8821334052043297,0.07912054695006508
train:4582,0.43510734398184503,-0.27316534397520426
train:4583,11.88049680987128,3.5270394117196773
train:4584,-30.289395498069712,-11.360644696867821
train:4585,1.3942058675973943,3.1231817806379754
train:4586,-13.176294065656352,-4.408350307046338
train:4587,4.009400123397079,0.2881366088712143
train:4588,10.293517421344271,2.30186809006478
train:4589,-0.4312089599114203,0.06136983300423318
train:4590,-0.8769406618440688,0.24823552159895912
train:4591,0.4912850619866427,1.129273981955239
train:4592,-21.488788735090218,-7.612637641298478
train:4593,-1.127762405699369,0.3194102123279392
train:4594,0.21578834084525905,-0.027651582395712956
train:4595,0.06747486948431348,0.2520297285018841
train:4596,16.227307830947602,3.610302822836558
train:4597,-3.74768137523214,-0.9100587305631924
train:4598,-0.33961669392097743,-1.397226708168267
train:4599,-0.5350668849486676,0.0815517724741908
train:4600,6.756298011917107,0.5026181490845111
train:4601,-3.35233174245837,-2.227089205120274
train:4602,0.5028101090800099,-3.5655704443915086
train:4603,1.3535087061020619,0.05188574235502076
train:4604,-0.3908664134615899,0.16086961356872997
train:4605,14.949845659480841,16.85448732208529
train:4606,0.41541359809696393,0.12838717373841746
train:4607,-5.923081377471648,-15.075260563247113
train:4608,0.2816486419312004,0.1850530460985516
train:4609,4.3790331335102035,2.669711570303656
train:4610,-9.990969010487058,-4.142307298254929
train:4611,-2.5759007636973896,0.8445747910568888
train:4612,-0.8914930126002151,-3.3114975335244803
train:4613,-0.984182481484639,0.3682557757355583
train:4614,-15.9011955931927,-9.122952827596515
train:4615,-13.920844791516451,-2.457115923156707
train:4616,1.0635184461393155,-0.0543922812753008
train:4617,0.6091169816782935,-0.30013936460955726
train:4618,9.420283392679398,1.046025264901789
train:4619,2.6634680746393276,0.2681632395054857
train:4620,-2.0525461412638966,-7.483615204728867
train:4621,0.5482420962418793,0.7754818781979242
train:4622,6.243052533435618,10.477975955951521
train:4623,-1.3288478493872056,0.15023410752195748
train:4624,-7.536797182959281,-6.008530390783482
train:4625,-0.8592921997860296,-0.6057988880224614
train:4626,6.119198783030284,0.5761543755319288
train:4627,-1.0111857605050694,0.15010721073145697
train:4628,6.396532156727885,13.308009203806348
train:4629,-9.899627799396084,-7.581315033853516
train:4630,0.27953443423612434,0.02320392916408351
train:4631,-3.2805212077967427,-1.129208560462322
train:4632,-8.99926682392697,-5.80796241670928
train:4633,-1.6223579920238214,0.3263400325043956
train:4634,-12.116678739290672,-6.326410631498746
train:4635,8.328527460183757,0.4417417855778539
train:4636,-0.5749788025084345,-0.31703439901697195
train:4637,1.5256179976844648,0.36021855102142875
train:4638,-2.607309126370562,-0.24547445277057012
train:4639,10.16568212619993,9.483223812221384
train:4640,0.09282141862648009,-0.05745449556208396
train:4641,2.1510975689741394,1.0266462204705462
train:4642,-3.4926337730273307,-2.6970899514924422
train:4643,5.26833049149285,11.58379695863361
train:4644,4.052578079232362,5.9931457892135365
train:4645,32.673631626024914,9.642885225634407
train:4646,-1.1871887276116637,0.24676996709776539
train:4647,-2.3500971054907827,2.0116058408802377
train:4648,-8.140818999007935,-0.13245470724178537
train:4649,0.4262964793016398,0.15010728206186197
train:4650,-1.6667326428799125,-1.208586747079494
train:4651,-1.833455644577477,-2.985932440295803
train:4652,-6.7067604041636315,-0.613609567370301
train:4653,8.992805706520642,8.391349330325504
train:4654,-1.1498364077352923,-3.3507980187866093
train:4655,1.1085377036956205,-0.23604899571427024
train:4656,-1.2202972898540265,0.1937915913546716
train:4657,2.936274556566295,5.760746764567511
train:4658,-37.23651414924009,-16.46714388086716
train:4659,6.973730151517582,10.870885511151728
train:4660,-2.6550820842408713,0.07378859917608321
train:4661,7.606273663811982,6.192242645014955
train:4662,0.24220350051785608,-2.9886509846912808
train:4663,-12.309715781326325,-5.222880190782118
train:4664,-34.99966334627395,-15.54174543395668
train:4665,5.214945991702899,0.14542515427745836
train:4666,8.535111238628234,4.16619664703645
train:4667,0.07496630119285833,4.577139099264681
train:4668,-6.587238745523601,-9.972960172207877
train:4669,0.12039608000144536,-0.5207446557575728
train:4670,-9.163966276643155,-9.442631165161096
train:4671,1.747350614729569,0.1940626468936834
train:4672,1.3661934873560377,-0.48881584686569196
train:4673,0.9102917374124407,-0.3512046588904678
train:4674,7.913649475563044,0.8120783704671957
train:4675,-0.6131430990179999,-0.17517363083328302
train:4676,3.8246618405383606,9.091576519868113
train:4677,0.2779539506606629,0.009629039787943203
train:4678,0.29922016031171683,-0.06829243729825524
train:4679,3.576467107256129,0.6737486356571727
train:4680,-2.3351363256065167,-0.25006641892304976
train:4681,0.7977740455511507,3.4660145383098033
train:4682,-12.726297684848072,-6.330927843386782
train:4683,-1.8663828893924443,-9.565009602487098
train:4684,-0.6476296737085662,-0.24956225562048784
train:4685,1.3059737854697686,-0.26849191850021104
train:4686,-1.901330661231667,-4.627116094044931
train:4687,3.4889984179894853,0.17492213133677106
train:4688,1.4552177871664362,-0.22513415980150558
train:4689,-7.613778983633514,-9.465127633612594
train:4690,-4.406489414259455,-0.019416273146889845
train:4691,-5.3305876304734845,0.09473106342418391
train:4692,15.770382334913942,11.355915145875619
train:4693,6.352067544532817,0.45727754778752944
train:4694,-0.4750022327086455,-0.26615085460800925
train:4695,3.8388106437894325,0.8486136612489743
train:4696,1.9440342291800272,-0.22937090053706982
train:4697,1.3948527988800108,-0.10205582854161346
train:4698,1.2218094900882823,-0.38406429390243674
train:4699,-15.769778581482585,-4.264377588231317
train:4700,30.08028100614506,11.133847046447002
train:4701,2.7132831781502356,0.3202976338965828
train:4702,-0.5639165797714055,0.10949331872200585
train:4703,-2.333222031998056,-2.308515572986705
train:4704,-1.017328237045442,0.12444231702012593
train:4705,-5.378225297647968,-0.11336326700351518
train:4706,12.58398053317581,3.724521632473445
train:4707,-4.754823438109651,-10.606933399010646
train:4708,22.244225307264422,5.645246290213528
train:4709,33.621261589899476,14.176393543319469
train:4710,-2.062928888564674,-1.975320408995656
train:4711,4.471100079227238,7.058018003634683
train:4712,-1.9226726522690427,-4.660314976463095
train:4713,-0.33257948561388156,-2.556855231221204
train:4714,-1.2513339518010387,-0.7615489700075444
train:4715,0.3642375678185108,0.5070137426320172
train:4716,-3.1861822152395027,-0.24155342040754957
train:4717,0.16452107070750774,0.0443301405354722
train:4718,-0.8698306941077748,0.20118299058190303
train:4719,0.11615139253447578,0.2135588871803462
train:4720,-0.49430021843950067,0.3594621634067759
train:4721,-0.4547325715335444,-0.8927635325837102
train:4722,-1.5969312447887685,-0.8403519482387711
train:4723,0.1490027397340016,-0.2451393425278655
train:4724,3.8563266046505293,11.218233768781872
train:4725,-8.541601180856354,-7.497206214776538
train:4726,0.1873563734802509,0.14469130707078645
train:4727,-0.6256530716753074,-0.16420301454380598
train:4728,-10.383483117646255,-7.390695654025906
train:4729,-2.010136227454401,-0.04288811355640054
train:4730,1.2359603854635166,-0.031481953813974534
train:4731,1.9224507140310316,1.7145613541271907
train:4732,-9.758678140169787,-8.062314786016353
train:4733,-2.408337425461321,-1.3995977308305703
train:4734,1.3361801065826073,-0.029356450405692097
train:4735,15.01365265693065,7.225398508155521
train:4736,-13.523186848416996,-4.871575092925641
train:4737,0.44712101829621825,4.89010096589417
train:4738,8.475483840338123,2.4152534752496106
train:4739,-1.0708326852873618,-0.829036235449889
train:4740,12.931671112616993,17.899562210580253
train:4741,6.164269646315925,4.631898024577462
train:4742,3.687387346090419,0.220222787606951
train:4743,0.11804476490131408,0.294524032648027
train:4744,-0.2989590503264878,0.1088962832321299
train:4745,-0.045611763919988946,-0.025330990329747047
train:4746,-11.120089350687563,-4.89706972096023
train:4747,20.145912176823742,7.281531542390283
train:4748,7.434147635236281,0.2692580185614733
train:4749,-9.733920407750174,-5.360383527184977
train:4750,-3.222431753224127,-0.5649884807472267
train:4751,-3.248309469445265,-9.653663594970872
train:4752,-0.34047411614014045,-0.4272729720546857
train:4753,12.048143833073839,3.818902029870869
train:4754,-1.5537776970687118,0.15145442809075055
train:4755,-7.195027779813751,-0.5438046344085956
train:4756,0.6935072264693032,2.8287327220013707
train:4757,-3.1414126178332267,-7.526248531834361
train:4758,-0.288973574158298,-0.4173275163459132
train:4759,-7.921311472238505,-9.140456738341037
train:4760,5.026239181766628,9.179783128051708
train:4761,0.22148891427091597,2.1596070156482137
train:4762,2.439459691422173,0.3109756059275374
train:4763,8.004387689978808,0.48020085738256624
train:4764,0.3010798262337189,0.36660847136241664
train:4765,8.902826700717535,1.6654108532381833
train:4766,-22.50089331648059,-14.50350799276369
train:4767,-0.9332371660096345,0.035628972411573825
train:4768,-2.99836525544691,-9.5213839267872
train:4769,0.0775419384948311,0.008100286547916724
train:4770,0.2757908105060142,-0.02209758307095644
train:4771,0.07193016411694979,-0.6489465073480278
train:4772,1.5517600189247678,0.3669872358129831
train:4773,-8.261754933581647,-3.3892827695371226
train:4774,1.044975252314553,-0.04051452299951733
train:4775,-1.237837426372109,-0.272400111390331
train:4776,1.521671321681496,0.7906204727125425
train:4777,9.466362194894764,2.2290965255589956
train:4778,-0.4484062205251338,0.061448296449736595
train:4779,0.8547783850582783,1.873982812057783
train:4780,7.5999312731849935,1.150152391499647
train:4781,11.842849732946272,2.1879420204100257
train:4782,11.947965489521513,2.0582423729753154
train:4783,0.4816224703141605,0.1329707229031068
train:4784,0.9009090254612199,-0.023949819697671987
train:4785,1.1308058083621533,4.210139029734561
train:4786,-4.430373103695726,-1.2726344603925892
train:4787,-1.837837482406194,0.19192515997736043
train:4788,3.6280932929168266,5.581775354555288
train:4789,-6.204194057239238,-3.4494613790220394
train:4790,6.359459251656294,0.22704725277521776
train:4791,11.926149748590507,2.3892235838558786
train:4792,4.913184046453879,1.8403635082325311
train:4793,10.748235493928513,10.675964051937571
train:4794,2.7127561953195882,2.2637742299336834
train:4795,3.2244746556208743,0.34702556463367507
train:4796,-3.0177406497717687,0.0682206904223511
train:4797,2.89244409045063,2.223594098117056
train:4798,-18.07520456532255,-4.423593614595501
train:4799,-0.20628166927055674,-0.39199965879822185
train:4800,0.4348483855022063,0.7185255484286175
train:4801,-7.740137239119304,-4.6583031737203875
train:4802,7.4229371041419725,9.844835868279189
train:4803,0.060861897465674344,0.03480175370475285
train:4804,26.251386944346297,12.82677092276918
train:4805,11.394259259575025,5.486032831743924
train:4806,2.6168443903088154,1.053658188880361
train:4807,0.8657722650726737,1.623388970364376
train:4808,0.5331247557328048,0.1807065992000926
train:4809,-0.028241670604649327,0.2917768847601425
train:4810,4.746240906802798,7.4541944913840315
train:4811,2.592239382953047,4.691921133779472
train:4812,0.096668834960862,-0.006988234022389406
train:4813,2.378201366118466,0.1366666365079375
train:4814,0.028372371517098025,-0.31248394716020406
train:4815,0.5642494031237518,-0.11110808491893712
train:4816,0.5564281131722919,-0.2938865413069853
train:4817,-15.850982753632724,-5.116100857065435
train:4818,3.190542261375065,0.32607996184775423
train:4819,-2.377504629391008,0.1248166589855822
train:4820,-0.8848051890282155,0.3067532026033788
train:4821,-4.490453330637845,-7.627050948255024
train:4822,-0.10654871570655011,0.007094813158993005
train:4823,1.8564386177142072,0.16805101608363227
train:4824,7.274059224173699,9.338190267623158
train:4825,2.3425785355495568,-0.04784415009601606
train:4826,2.284329149707649,0.9923158951682234
train:4827,1.57381426201027,-0.18133094272355577
train:4828,-6.083669573750768,-2.5292646305660043
train:4829,-6.262216098922181,-1.9921018853983057
train:4830,1.0430732789928254,5.3829700974495225
train:4831,-0.7625935236320095,0.3270316521113056
train:4832,1.760463584062086,-0.16415465252921385
train:4833,-3.3054026080001684,-5.189604842169791
train:4834,0.4834182102200937,-0.08366806274869887
train:4835,-2.579363926560638,-0.3922514551278828
train:4836,-11.724785760549423,-5.639518233189036
train:4837,0.16887733812979744,0.27233178837386696
train:4838,2.2484269043339586,-0.18994444577970537
train:4839,0.9678035332580345,0.5609082147665658
train:4840,19.21627448074455,8.932417843149553
train:4841,0.597360173719397,-0.07131499187985668
train:4842,0.06559102790532545,-0.33400176245505975
train:4843,2.2435392373744567,-1.5855321296575757
train:4844,1.3031912603339735,-0.07926533616069242
train:4845,1.8454524088217399,0.16864933552079828
train:4846,7.462475461309657,2.2115278468067316
train:4847,-6.260611207231493,-0.8389795512465115
train:4848,-1.0902661941722824,0.3080803761188665
train:4849,0.004134880639165367,0.1580625481406429
train:4850,1.4394055127481336,-0.1912677674533229
train:4851,-22.10696772288659,-14.368799666950473
train:4852,10.121409059594829,3.052599488922546
train:4853,-0.14217340594138156,0.2157983052454186
train:4854,-0.3922145550259212,-0.014417723685892475
train:4855,-5.805955898372118,-2.6331901774393236
train:4856,-0.09124041075311007,0.706899833699592
train:4857,-6.010374095850422,-2.140142862532273
train:4858,-1.584924776679843,0.15819978783986888
train:4859,0.4308022173724104,-0.22088957272139104
train:4860,4.5511196441850625,0.26006053347956337
train:4861,-8.484576385024084,-8.392389102127705
train:4862,-1.9450523368908952,0.07687292588841733
train:4863,-0.4322810573154544,0.1073512666597627
train:4864,0.036354406341691015,0.6977291688499632
train:4865,0.14136404573025824,0.03367266472395875
train:4866,9.997834259077795,6.182342555443764
train:4867,-1.0602479317758067,-4.142950698508057
train:4868,-1.4636350406644696,-2.594075436551823
train:4869,0.22951011830899112,0.02824071172216254
train:4870,3.366463170722851,5.401912599802147
train:4871,16.22032106607864,8.9978848888614
train:4872,-0.5769881715371576,-0.3900208107026258
train:4873,-4.089234127297756,0.12048290889921374
train:4874,-2.261092797089046,-2.0587220584374326
train:4875,3.973253564412886,0.46480461744507673
train:4876,-0.3878492217322618,-0.45735871027689395
train:4877,-3.4182345834022767,-0.2899309850279433
train:4878,-0.07363030430471207,-0.2148097969813566
train:4879,2.4099300562467034,4.084618630728984
train:4880,-0.4701562920032687,0.12379520758593777
train:4881,-8.559429798050587,-8.717792132676216
train:4882,4.004741892720704,4.854104219670165
train:4883,-5.094116696080033,-9.323229773618303
train:4884,-9.949139544903467,-1.8583122952015276
train:4885,4.1822507243076394,7.888239435184666
train:4886,-11.627091930668891,-3.427140668688469
train:4887,0.38741016749785706,0.242115515510503
train:4888,-8.544104291187368,-0.21022239597479714
train:4889,0.5281882725428505,0.14550711291280694
train:4890,-0.4833729377109369,-0.1972983252139051
train:4891,-7.908857289558858,-5.771683202081463
train:4892,-2.4455507353100225,-4.613894290173556
train:4893,-1.6543898076973451,0.23519190107928192
train:4894,-0.866826868727261,0.15527089008003653
train:4895,-1.5825462639656025,4.106202069996442
train:4896,0.4437066716634226,0.12549643774526176
train:4897,6.455943833771044,1.9866225091887113
train:4898,0.38711355078329773,-0.13593563100593675
train:4899,-2.209304123118413,0.06853240429221465
train:4900,10.80482884726688,5.444963637759338
train:4901,-1.3927271413497344,0.30596321836796947
train:4902,7.3436256069839505,5.504392707348483
train:4903,0.23773914001385,-0.06247030698109207
train:4904,14.287282025124043,5.321887874394027
train:4905,9.779412777206815,1.95255368115113
train:4906,-0.364501580998007,-0.47313399998656996
train:4907,-2.741241801156666,-0.08080707153442945
train:4908,-4.890749674764141,-0.09485160029711018
train:4909,-0.1326382013845565,0.06370190926540459
train:4910,-0.29914315725276597,0.06024195664032413
train:4911,3.165862402465936,0.38998829554947334
train:4912,-3.001915357692012,-3.253450276541056
train:4913,-9.878163535324338,-1.4130984365855073
train:4914,-6.883833144091858,-4.297712569062226
train:4915,-1.1449031789607016,0.2784699123851939
train:4916,-1.326115070314824,-0.4330330449194962
train:4917,-4.704376280643502,-0.47774679461731057
train:4918,1.737195908962477,-0.14980268972096977
train:4919,0.04992613201134154,0.06686676800498721
train:4920,2.913070575024515,10.345672320751769
train:4921,-0.603517933122198,0.19708077899017462
train:4922,0.18551367700978713,0.4416170286995034
train:4923,-6.886359500246897,-1.9203181043410038
train:4924,-4.547440933151675,-0.3332343899580364
train:4925,-0.2723393274024706,-0.15754660380972652
train:4926,7.449256955936066,2.9019824855422964
train:4927,1.7157081666084646,1.3799843775304212
train:4928,4.0902986129612895,2.293528709755057
train:4929,2.9431925137961423,0.1325801176053098
train:4930,0.5331138301955131,-0.14117684650475468
train:4931,27.836581053588183,10.606509921907671
train:4932,2.696157979591,5.933540390863224
train:4933,0.1006398028499369,-0.14433806739368213
train:4934,-3.487406252120583,0.002705853339152145
train:4935,2.00794513546323,-0.15424600330942298
train:4936,-6.7021447133452225,-1.3008864365629778
train:4937,-1.9849942415636543,0.0993255974712437
train:4938,0.7825503553971618,-0.8081829342080422
train:4939,-2.256113076666405,-0.011097578654618107
train:4940,0.26186551585294304,-0.1506245586474155
train:4941,-1.6032982759892227,-0.022640407453030045
train:4942,1.1884796276012013,-0.3270534677037076
train:4943,5.93628436752457,7.896819056298439
train:4944,-2.095489546734767,0.1788604256578023
train:4945,0.09724602877140337,0.10754029223302092
train:4946,5.55188723719843,0.7595353955162407
train:4947,-0.31151574709008556,-0.8891503622486832
train:4948,-0.38948991199194805,-0.35508859944288673
train:4949,-5.905567508734714,-0.17835867607748151
train:4950,3.14730688835444,9.379723965205123
train:4951,-3.559519912327496,-0.5493562798299871
train:4952,7.500083020333824,12.37072996463855
train:4953,13.592752593233953,9.922896439655144
train:4954,-10.001738335841372,-2.9996449973535992
train:4955,1.69438546960503,-0.4649669539353349
train:4956,-3.804029252668801,0.0896484867460929
train:4957,10.788664631072837,2.1582557324558347
train:4958,0.11178210745073205,-0.5555055313844945
train:4959,-2.5905600452440507,-0.3625728708574322
train:4960,0.6873333680664968,0.19669538081194288
train:4961,-0.13683976784795965,0.13096633852251963
train:4962,2.3377812948455126,-0.023767142530459043
train:4963,0.6808741671737832,-0.061111034783352974
train:4964,0.8601107446313788,0.2879343158426254
train:4965,-0.13203869158295112,-0.980625757571951
train:4966,0.9746835997947212,0.07100592874650721
train:4967,-14.580079623872866,-6.160630210622936
train:4968,-8.005600830153247,-2.804173152734439
train:4969,0.3762169545424471,-0.2128730338247124
train:4970,-0.3410279478975367,0.0511507538618688
train:4971,0.7560752214985802,1.2476599138524072
train:4972,11.829197925412855,3.0279927817694356
train:4973,-4.325840352387032,-0.3403848350771673
train:4974,-0.6022763736610214,0.09529514426694843
train:4975,-0.5963793730223531,0.10535836647438104
train:4976,7.000894291640265,0.5705125684786135
train:4977,-12.766412538451577,-8.632257846785656
train:4978,1.1310524465550587,-0.3979437641079403
train:4979,-2.652559447417676,-0.03181563744857904
train:4980,3.5759624404165455,0.2224675554523986
train:4981,7.162264477439588,2.297252442217839
train:4982,-1.3992034279231063,-1.3478008719159478
train:4983,0.2237403885568598,0.005429890175815605
train:4984,-2.7958420575431253,-2.8452360696433847
train:4985,-0.24063736997186208,-0.7973980622931933
train:4986,1.7411690852048345,1.6093199039423742
train:4987,-1.2276494790766614,0.1367891821437328
train:4988,-3.832221788046351,-2.986650024170134
train:4989,-0.37828658710308716,-0.6102752989188363
train:4990,-1.3110461973488414,0.21246931524392382
train:4991,-0.9535933016501087,0.2064992456667842
train:4992,-5.103130961720458,-0.32137456883979065
train:4993,19.373109406276587,5.641075458772186
train:4994,-12.33244089889319,-13.525806669045496
train:4995,1.991434788949456,-0.023217755751125155
train:4996,-1.067773999762149,-0.2069621684837254
train:4997,-3.107665260346656,-4.327061606861563
train:4998,7.009931803104715,11.043260855952504
train:4999,-14.338918147107645,-3.610741707307013
train:5000,1.5153607778334224,-0.048047441750274894
train:5001,-11.196512321752234,-0.4874555760422828
train:5002,3.6374650793307555,3.9272694637245413
train:5003,-1.5036764374640557,0.25371084348699724
train:5004,-1.1009706636775665,-0.06924369957937662
train:5005,3.9045228689763345,1.1551469464579642
train:5006,0.8345110484655797,0.18946911147229364
train:5007,1.202492675239967,-0.3301952867224742
train:5008,3.0086436883792436,-0.26607495905708595
train:5009,6.003819065315033,0.2642750191287666
train:5010,0.2082411191590542,0.08937201009630087
train:5011,-0.14585542823782538,0.24985058462903936
train:5012,-2.063214812200182,-1.878444588709603
train:5013,0.702074242455486,-0.2705683465898513
train:5014,0.15229237252090302,0.03416998030764038
train:5015,7.059906605426675,2.0687728806659234
train:5016,0.3784375118824376,-0.16440031444404457
train:5017,6.412764250728079,5.019260356841387
train:5018,-1.2316914629581328,0.32337554087246667
train:5019,0.25756178399294993,0.23620201094453083
train:5020,-4.494280058188845,-2.0480333399085278
train:5021,8.49965205866046,5.091621914179213
train:5022,4.749987668719152,0.3340631181148914
train:5023,13.042352849296785,3.438546911272829
train:5024,-9.193246716585076,-2.1567156261698837
train:5025,29.50997353851286,9.815714802454243
train:5026,0.8143488992265943,-0.034303356653467204
train:5027,-1.8591669206985961,-0.16731458947085126
train:5028,-21.33358101723993,-8.599932048524732
train:5029,0.07946134618457742,-0.01627359816326318
train:5030,-18.071111440628226,-9.344156973159734
train:5031,-1.4854621720492474,-0.04879847958455255
train:5032,-0.0370632283639061,0.07468065722105201
train:5033,-0.30511291732063267,3.985990935696055
train:5034,1.059427878485632,0.8413158475131071
train:5035,-0.4482931295912521,-0.6650543394058281
train:5036,-1.5884302469428166,-0.17195648690683313
train:5037,-0.9496973015435145,-0.42709849788404813
train:5038,-10.43065726308968,-15.917208142736365
train:5039,-10.506773389277223,-6.814792795257783
train:5040,1.3853217785715102,3.5536091316184724
train:5041,26.0861370305172,7.231139179150171
train:5042,-7.502205537144121,-16.004372756363676
train:5043,0.5632276329287318,-0.1152473883212671
train:5044,17.231413989207443,9.135795664537635
train:5045,6.653490565667552,12.545564781803831
train:5046,-0.37546896077301384,-1.3437475929820515
train:5047,-2.523041154613924,-4.4785120346938685
train:5048,6.6247047968608825,0.6716847617188131
train:5049,3.9324199499305266,0.8082694695008399
train:5050,-0.870668938522117,-0.4468119392539454
train:5051,6.825808604749699,2.1692876928936147
train:5052,3.5355618956357726,-0.30310613881444626
train:5053,1.9231973698987157,0.40061966443275565
train:5054,0.3692212400312359,0.3072135690372688
train:5055,3.0423406024276796,-0.2943898486446872
train:5056,2.1421070140742207,0.057177031798150854
train:5057,-3.3284903604218234,-4.404611452537695
train:5058,-12.366416995288166,-6.566102476752289
train:5059,-0.6198258085087142,0.17733595224207604
train:5060,-0.4728430443440811,0.10322137887089311
train:5061,-0.36160619738657007,-0.05885663733322993
train:5062,-0.28684402421936545,0.15624754598533896
train:5063,3.58031405867403,0.2210696221751478
train:5064,1.136200699201881,0.4306053974271496
train:5065,10.68395242200267,13.216284009404758
train:5066,1.1123016675217527,0.12448732650568287
train:5067,-6.24680551234303,-6.875630212363308
train:5068,4.072860525610676,0.31452486421968173
train:5069,-0.0673414953021019,0.2703043642724638
train:5070,-2.318411885053472,-2.7183692379129676
train:5071,0.47487815938977995,0.15584452919707148
train:5072,-1.0579080071294475,0.33171463586056926
train:5073,7.489112851059933,0.39838716541696856
train:5074,22.754030403790207,11.459076030807305
train:5075,14.835792348484457,4.458997117352624
train:5076,3.4992826029963964,0.1658350657218059
train:5077,-0.6169761029414863,-0.17203466503071652
train:5078,6.236255454490701,1.0532401927070427
train:5079,13.777307698999355,4.938338009616707
train:5080,9.145054695889023,5.631768267527382
train:5081,4.061482159666907,0.6666439133276489
train:5082,-1.031136256516307,1.567050504563206
train:5083,-5.1645115600585365,-4.248303424124678
train:5084,-3.3504553395430694,-0.37873420071898495
train:5085,11.514233746867063,6.054517899034965
train:5086,3.5026723090557255,1.8373204104942888
train:5087,2.071031512368265,4.136190228224606
train:5088,7.530671270335393,2.200538969933574
train:5089,2.131201933107601,6.977775863152114
train:5090,33.61035278960101,14.859518554958536
train:5091,0.7206316162329037,-0.5921900453735398
train:5092,1.8053087303964435,0.012283529479728633
train:5093,0.5881806302701548,-0.20580048150784486
train:5094,2.9888673035899536,0.4516084925195029
train:5095,0.21759105449839977,0.0190045655607409
train:5096,0.980845835285515,-0.2960041983707174
train:5097,-0.4560434035503156,-4.155091989404445
train:5098,2.1353601461091976,7.678776844928197
train:5099,-21.001124821031787,-10.849954376926494
train:5100,-3.994981609205889,-0.027678901940829156
train:5101,0.001999519244226561,-0.3048621507248126
train:5102,13.576729711649985,2.2661734994363676
train:5103,-11.052960989901056,-12.055393711306193
train:5104,-8.639211325770395,-7.078548665943173
train:5105,-9.072682715195764,-5.084516895016542
train:5106,3.3500067545208148,0.5405897489014323
train:5107,-0.6965274970034466,-2.038637984283139
train:5108,1.4030667107992532,-0.4407742484528628
train:5109,1.5461108187702064,0.07017671278834615
train:5110,-6.733949649776261,-3.176343535340803
train:5111,1.5353714805288847,-0.21110232785091543
train:5112,-0.646313262694029,-0.022010131994422644
train:5113,-3.9916179384694677,-0.11064329599993689
train:5114,0.8345566102806687,-0.09746300642427375
train:5115,4.499756136335847,8.302224557168708
train:5116,-0.05565547087736142,-0.32408512422990854
train:5117,-2.5093298377710034,0.2950656444132156
train:5118,1.0890967561470117,0.6240682925198024
train:5119,-4.438926637103974,-4.654529509974103
train:5120,-0.14886355409578378,0.2504721577782364
train:5121,-0.06493706349407344,0.3345856846619441
train:5122,-10.191096958683303,-5.770966474171992
train:5123,-1.1063785721787482,-0.6362452727723655
train:5124,-2.5926396166613297,-0.18106537962572922
train:5125,-0.40624201507558233,0.2395032534184794
train:5126,-0.3451115418040128,-0.4474855835987947
train:5127,9.329342009761657,0.6847017046670192
train:5128,7.516785609812284,0.3076817104853042
train:5129,4.151478832296272,8.337800739324814
train:5130,3.492852343154594,8.219334061409183
train:5131,-4.094935398098134,-0.8097751715085215
train:5132,-25.113506355980533,-10.698599246515272
train:5133,0.2695082778758908,0.003715606552376058
train:5134,-4.373507774216268,-0.5189435630312444
train:5135,11.914571468560123,2.724449096494936
train:5136,-1.1230121215598552,-2.5646122701044813
train:5137,1.86508002033727,8.425562245781192
train:5138,-27.363237205122463,-18.27124617964337
train:5139,-0.6518092728682656,0.0599835979134029
train:5140,19.614635377562518,6.635213590376058
train:5141,0.14398245534843707,0.0016417463573158708
train:5142,-0.38448648082880155,-0.24059702233726799
train:5143,10.785802605218876,1.6090949278449944
train:5144,1.3545161801153065,5.106292581237011
train:5145,2.8847106697139844,8.837366939945099
train:5146,-0.7715464202970076,-0.22195239575593723
train:5147,5.052590647881396,10.729855599525514
train:5148,-2.7313581416977057,0.10402241931907795
train:5149,-0.6480739014056843,-0.5696155414589681
train:5150,-3.136126982366416,0.06215289819035723
train:5151,-14.730322033711406,-14.093951632965481
train:5152,-0.5845305116003172,-3.224500974331357
train:5153,4.075762534281961,0.6842125207495078
train:5154,0.38592487557177807,0.014964554082175216
train:5155,3.7262364645757615,2.52262856050888
train:5156,-1.463157106522515,-0.264604982070782
train:5157,-4.057259961267815,-0.24911016351357818
train:5158,0.029079741942179535,0.09658765120560464
train:5159,-3.008598997015687,-0.8421149505288279
train:5160,-8.434229649517723,-0.3684938651159297
train:5161,3.36277452336656,0.6507935127015045
train:5162,11.743184657188417,18.198514215023895
train:5163,0.7309160336980554,1.3102188189522777
train:5164,-0.2904898992594504,0.35651315047273263
train:5165,-2.197368554772764,-5.651498888013356
train:5166,0.2768853401302325,0.720722096920283
train:5167,2.6937713308383504,-0.5808309636984157
train:5168,-20.93109166207511,-5.863061445393116
train:5169,-1.01036890224883,0.3493746175312372
train:5170,-2.6627420481735977,-0.3278493723627322
train:5171,-1.0253624587449712,-0.0038875013169045736
train:5172,-0.5453898904817007,-1.4369905557412963
train:5173,10.320242680309361,6.034188162965841
train:5174,7.5248258754260595,3.873270920529093
train:5175,0.04957442269384291,-0.19902965680414042
train:5176,4.414229170750014,0.19274645826056616
train:5177,-0.8008766063023428,-2.56573301342789
train:5178,1.7022620846176695,-0.08330591828249811
train:5179,-9.321005765426614,-0.3884785046856487
train:5180,-4.607714565349681,0.05781272836753849
train:5181,0.19819938809672383,0.6288166862504538
train:5182,-0.6390879956705706,0.09553695433990896
train:5183,3.2456062719508236,11.334269506494998
train:5184,-1.2000064749790624,-1.7233731441977198
train:5185,2.8711520779349082,0.07170660731485268
train:5186,-1.186784947648349,-0.7814701255168106
train:5187,-1.6335578300390785,-7.87646198917267
train:5188,-4.027342585747607,-8.802558903408942
train:5189,-0.7044599019937462,0.17812736308558544
train:5190,-1.227346121073135,-0.1219734175306296
train:5191,0.19566640688183698,0.17714079225398754
train:5192,-6.582225086197884,-0.8881077970491578
train:5193,-0.22122106299671962,0.08046997555191376
train:5194,-14.049137564477604,-6.46404293327385
train:5195,1.361637305847133,0.24587248794201638
train:5196,-8.87906731705837,-9.1479013500504
train:5197,11.215829893356698,6.860459031365132
train:5198,-18.326181358824098,-10.101338923202741
train:5199,-0.42391802343509133,-0.11610164125158426
train:5200,-8.933972093739557,-15.222723906761367
train:5201,16.367937627635314,11.790661980861485
train:5202,-2.0249626464758017,-5.711807889478619
train:5203,-21.969345005994754,-6.823414643971318
train:5204,-0.7907418919439123,0.28706765142183777
train:5205,1.2201880938625371,0.6522199781407565
train:5206,12.220025315580797,4.34761098075922
train:5207,1.2437891140786643,0.061616136892708895
train:5208,0.7677646165678044,-1.6521684233682334
train:5209,0.12248518220657437,0.26177417512935786
train:5210,0.4129710431375344,-2.5965739979782714
train:5211,-0.3024494108038453,-0.4963394926637991
train:5212,0.9543790698835826,-0.1040362459061196
train:5213,6.3534548553106305,0.664508780314691
train:5214,-0.6358963440319347,0.11142865527055001
train:5215,-8.346150292453942,-0.34180316885024903
train:5216,4.16729622079586,8.49887848925958
train:5217,1.9280838745670161,3.6530576969521773
train:5218,-7.927861215615797,-7.028330348891269
train:5219,3.5267726495719107,4.900501509586863
train:5220,-6.194251353387254,-1.9058812583508062
train:5221,0.1618517527347141,0.09915854166272645
train:5222,-1.3720878715726355,0.4971750685395344
train:5223,-2.8838265716448843,-6.119887424571645
train:5224,2.92424089084326,0.23391608545539644
train:5225,-8.829228270348716,-14.641798816837785
train:5226,0.8036898753072794,0.25749306688188167
train:5227,4.334018060202223,0.6696977819570467
train:5228,-8.424272998171325,-12.390516508162046
train:5229,-0.35538317406595066,0.03964772742944858
train:5230,-1.6916965657586274,3.761180895499119
train:5231,-0.5688484137965548,-0.3439042772600204
train:5232,0.21649292177145757,0.40420458792740155
train:5233,5.544518775898977,5.079376480891521
train:5234,1.0538319112680876,5.352484623637677
train:5235,1.2902833191693572,4.77005189427395
train:5236,-8.98133964443887,-0.8623145799392262
train:5237,14.69753548551322,2.4448781337338787
train:5238,-0.1265577911943307,0.590001319072751
train:5239,1.64564595037176,0.04928874496966783
train:5240,-7.184364455416992,-0.7172425169222976
train:5241,2.491722812661157,0.11997318182506157
train:5242,1.3950494585512625,4.227042909112197
train:5243,0.7449537219102875,0.35022216540348405
train:5244,1.9423772668435233,0.3712711972766594
train:5245,-19.464237393779822,-10.40487547543674
train:5246,1.0075538923408274,-0.31669472362834716
train:5247,0.37074663100375804,-0.1455445498639046
train:5248,-2.896311438812245,-0.39292923663622226
train:5249,-0.7892787997797772,0.15546005831410475
train:5250,0.6781800923984029,-0.17203309576180648
train:5251,7.504534595634616,1.433053770870299
train:5252,-4.717724032798671,-7.5058058084037125
train:5253,4.107498663073886,7.922424959764832
train:5254,-1.1291141503664242,-1.5682121086971526
train:5255,0.0681304017218192,0.2024177912229117
train:5256,-4.933501069728564,-7.0005987993557826
train:5257,2.7626268563499163,-0.18211621915223491
train:5258,-5.437909415748701,0.03492451333176319
train:5259,-0.25320406243979066,-0.07284331713745315
train:5260,-7.668843226667513,-0.1761732551289965
train:5261,-14.915104018719292,-7.8113658615668395
train:5262,8.685579597876298,0.608028937650805
train:5263,3.618789849225531,1.329543937597338
train:5264,-0.7475711423140773,0.1821805706890767
train:5265,6.606407543854305,2.3864125952555164
train:5266,0.9488198310679978,-0.313380427690283
train:5267,-1.879564898822315,0.1121459538232612
train:5268,-2.0308973053493906,-0.01302563950185194
train:5269,-3.559348823062672,0.13167735999959054
train:5270,2.408408849522506,0.3350006849582522
train:5271,-0.3291418931570609,-0.02625286448400714
train:5272,0.17370735544571714,0.16840823875188782
train:5273,0.43517312966383587,3.545546513280162
train:5274,-8.527642528445806,-15.800616598507457
train:5275,-1.8385685635717812,-2.022002164567506
train:5276,-0.6664783176610175,0.04947056617202073
train:5277,-0.15144267827136032,0.1895375886610966
train:5278,4.585866107188228,11.35501695341582
train:5279,-1.186305386298713,-2.4363824569952652
train:5280,9.19237017594252,0.5525216137287312
train:5281,0.17708892546663754,-0.34812546796729393
train:5282,-3.9181992577017897,-7.966474683210945
train:5283,-1.1206096656468687,0.24507373006679165
train:5284,-2.3334258978747555,0.31472787055232054
train:5285,11.75509395775292,1.291301139580595
train:5286,-1.5383085310130187,-0.04899157099089593
train:5287,-2.530225044070618,0.04002107076923482
train:5288,-10.583439976577678,-16.576303367537985
train:5289,6.98362961813688,2.68682887025306
train:5290,0.1144556096718502,-0.0026553399008809875
train:5291,-0.16607638941159408,-0.4230175427530107
train:5292,10.406538617753943,1.2583874361216336
train:5293,-3.171449941805403,-9.771930547752495
train:5294,10.05771550176626,16.081548770898717
train:5295,0.5953452256929077,-0.31669030114323693
train:5296,-0.9606565452801125,-0.23344058546411678
train:5297,0.43534142942977705,0.16254780400723795
train:5298,10.649213862579673,8.924343811946441
train:5299,-2.559559879240758,-6.075355567406588
train:5300,0.23527159579359358,-0.04382382580923122
train:5301,-0.04048710578455206,-0.22315702363562961
train:5302,-4.041791260128602,-4.195260708356272
train:5303,1.3900388211826682,-0.22568982365647977
train:5304,-1.7620719032449492,-1.0715423505024246
train:5305,7.9203772819523675,0.33492393344246885
train:5306,-0.8657073498422158,0.18400192125042591
train:5307,0.36399883320577375,0.5459853233966769
train:5308,1.3545287328602802,0.27867619991646286
train:5309,2.166354268198244,-0.5709402897406857
train:5310,1.0828957001300958,-0.09975827619646355
train:5311,-4.249074737876231,-2.7343569495687428
train:5312,-1.6866852310153124,-0.22074334539113466
train:5313,-3.34704657190804,-0.8197055051714333
train:5314,-7.057696100638708,-1.555211999724527
train:5315,-9.431432727875094,-0.2802488811744423
train:5316,20.165247123414797,4.953235792684035
train:5317,0.5327732788735464,-0.20247306077526017
train:5318,0.22519360124578422,0.7578077731070656
train:5319,15.371409608007632,5.471874602315669
train:5320,4.453055275869572,1.2825300676597935
train:5321,-1.3947086153896273,0.09658907781370471
train:5322,-0.1732586516606061,0.1089838769694737
train:5323,4.755963705159505,1.4068024698994375
train:5324,4.194320421057913,10.094204681597073
train:5325,-2.0411408101642583,-4.331348849523869
train:5326,1.0895626024604732,-0.3453980786015953
train:5327,-2.7089482375046208,0.08890465328272054
train:5328,8.360690382304783,8.98227494303052
train:5329,2.2418278798097346,-0.10462457908658518
train:5330,-0.3136502948811835,-0.1309212461950287
train:5331,-1.5415129678548682,0.03309060861913344
train:5332,-1.699444166447928,-0.05815310554868433
train:5333,-0.5541568205544988,0.2078307703369771
train:5334,-1.7735516209814675,0.18899804547765314
train:5335,-3.2849816165106644,0.006262102010986786
train:5336,-2.524720432941492,0.017859712560441124
train:5337,-1.7824273415107026,-4.672930757213563
train:5338,-5.9971695379712475,-2.447095713183491
train:5339,17.658283564609707,4.915686896847163
train:5340,11.437390491304017,3.073505004020855
train:5341,-2.7769771415138567,-5.185640012938099
train:5342,-15.84824718506146,-6.649466606401034
train:5343,0.6783823310674206,-0.04942012406415458
train:5344,0.42144042666281206,-0.11346926398534979
train:5345,-1.5352068407133594,0.0786862874444062
train:5346,0.7651303997892885,-0.33585464105542034
train:5347,0.2104506347326328,0.07253774919394881
train:5348,0.579229012125478,0.04834354577297172
train:5349,4.34675956126682,-0.16630683350896747
train:5350,0.3012761372176102,-0.1841066941038465
train:5351,-11.215118279301866,-13.465549025471836
train:5352,-2.102992833813565,-6.36791979142139
train:5353,-4.588250836893528,-9.730014519199713
train:5354,32.56344642014629,13.099334101221112
train:5355,9.096035761850972,3.8164725162764634
train:5356,-1.4540124318093106,2.018942601017237
train:5357,1.7882502473521593,3.466023383280024
train:5358,-1.8544475535050355,-0.12409435579299183
train:5359,-16.340883845795325,-5.778231333260748
train:5360,1.370214085079406,0.20187132899018295
train:5361,-0.4851169556584145,-1.3601931031771366
train:5362,0.8007497434845942,-0.2836343648566995
train:5363,8.601018728736946,4.109535767804667
train:5364,7.579749713682948,4.556011033302762
train:5365,-2.749524753173263,-0.04369585906265566
train:5366,-0.9393996339586687,-2.5375295419329036
train:5367,0.04556172855064308,-0.031562699832438035
train:5368,16.02287475614192,4.580444264910905
train:5369,-4.632590386555341,-0.334169388906817
train:5370,2.714125839271143,0.4011960141051807
train:5371,-4.567242655889152,-3.3002826819282722
train:5372,-1.0534206332596567,-0.0007113010429264516
train:5373,3.999989516457028,0.50420510793502
train:5374,3.7957554259050017,0.12249000383519101
train:5375,-15.757277907154888,-13.388707348056574
train:5376,20.30539340696279,10.215385338762262
train:5377,-0.12081723495135077,-0.5702439623270454
train:5378,-4.582837814311061,-1.7358946261527741
train:5379,-0.27164265005644056,-0.34760618261887133
train:5380,-2.6262860872716316,-0.2881915217715377
train:5381,-2.031238321587838,0.3503156082340381
train:5382,0.4864417945510287,0.046203918944498684
train:5383,-7.862875189971437,-1.2819094102943325
train:5384,-0.5329345455108521,-0.7692827551787906
train:5385,8.39887490268125,4.8144428025587205
train:5386,6.292117959121719,6.811130347124427
train:5387,-15.957705261564577,-4.955881354563667
train:5388,10.486149056208927,1.5142428938096897
train:5389,-2.7125178662419036,-0.8088249078530703
train:5390,-4.250342565118556,-8.179611074646694
train:5391,-14.82351175272885,-3.243492266681003
train:5392,-1.5982362653495334,-0.9004199955959333
train:5393,0.42300161620433274,1.1255964715948992
train:5394,0.2886626044142712,-0.4046656561538126
train:5395,2.3124900707645253,4.542122718127038
train:5396,-9.375607416562515,-1.9738859545510432
train:5397,-6.374424156407458,-4.212824821962616
train:5398,0.256004081325033,0.135896553455524
train:5399,6.885025481787529,12.567763945127277
train:5400,1.7799219659787138,-0.2810840175562186
train:5401,-2.591070988456121,-0.23352575396769049
train:5402,4.153689045244572,-0.09403286990848458
train:5403,1.2945275417198463,0.3724202587708544
train:5404,-2.732354922631899,-4.160535925914282
train:5405,1.476592787273927,0.0185145256783696
train:5406,4.347357443860743,8.653369304274738
train:5407,-2.837151746501517,0.07058429472253387
train:5408,-5.216566398714256,-0.28197607560118737
train:5409,-0.8584527930804858,0.306480791786672
train:5410,0.5560662919213424,-0.24980292440696833
train:5411,0.10105183508078047,-0.05576881543105067
train:5412,-2.9944399656020444,-0.29708799254433454
train:5413,-12.875606542393768,-5.198826436928592
train:5414,1.230330944259376,-0.09387522971342774
train:5415,8.34769317717591,14.367212077637847
train:5416,-8.679880359818656,-3.9377625114409933
train:5417,-4.671144980450287,-0.048072978035266
train:5418,1.7943062494271587,0.21021213590800567
train:5419,-1.0649896149604312,0.39684856858105166
train:5420,-0.3532664093302319,0.024449500696247684
train:5421,-0.8649797555502324,0.14456013045598576
train:5422,-2.281279935588858,-9.14838525551794
train:5423,14.361486414743768,4.827186978038195
train:5424,4.405734216818309,1.502636723611635
train:5425,0.9904278801777505,0.5559377694851397
train:5426,-6.995781313264534,-2.4695017346814456
train:5427,7.5759057842221695,5.741377421071348
train:5428,0.17014353816444056,0.13285431168214173
train:5429,6.642436246510691,3.5860290860140025
train:5430,-16.686333527800496,-9.591092563702151
train:5431,2.37404361803335,0.1434488740764424
train:5432,0.7948283347306996,-0.3771529483008762
train:5433,-0.24928900075749594,-0.30676538859110536
train:5434,25.696760179768418,10.017657456093664
train:5435,7.119836199429112,2.4111810797671733
train:5436,-13.108379066184838,-3.382969743372728
train:5437,15.100787303706056,13.368126469142961
train:5438,0.17723572284535558,-0.2977059991732814
train:5439,3.0943415107716605,6.623696868505877
train:5440,-0.25395769205468194,-0.0013263117948631997
train:5441,-12.70416952004217,-11.42290986335989
train:5442,1.0403832722366495,-0.2326756382008635
train:5443,8.087853215890103,5.813770363787376
train:5444,-20.52191122892293,-14.133623892298486
train:5445,-0.7757283440391096,0.15030508127493558
train:5446,0.942559265741578,-0.08515551568422855
train:5447,0.275732114800351,0.0055733356202768425
train:5448,-1.2760747147691132,0.1320508460001868
train:5449,-4.7038169861174595,-1.725768133876104
train:5450,0.023058724832337674,0.07076033816208153
train:5451,9.344539199676257,2.700365098549689
train:5452,-2.288974303341141,-0.24354168411660604
train:5453,-4.747179281337261,-0.4188729609007104
train:5454,4.869771540254184,3.901920920359399
train:5455,2.6113314106830403,0.6423337266681366
train:5456,-0.22422256379483085,0.04813989746668787
train:5457,-0.7089528548613031,0.1707100709213379
train:5458,-0.6799797247129923,-0.07614990939177693
train:5459,0.2998205999462833,-0.11104545682334438
train:5460,-0.7920171578499252,-2.290144569838966
train:5461,0.10961687517192109,-0.04010066398968931
train:5462,7.121105421420878,1.3911922387469386
train:5463,3.463703242118414,7.143009037160739
train:5464,-10.33013116200994,-2.1555904603613647
train:5465,-2.809312547649147,0.011474785347803468
train:5466,5.64160031077469,0.8682670424178589
train:5467,-6.370143205455009,-0.3269802827081744
train:5468,-4.934842353774808,-1.779861403849396
train:5469,-1.8215851645390977,0.000841989856421102
train:5470,2.1237181725209844,0.496521824690516
train:5471,-0.17317519915235624,-2.7805436721298715
train:5472,-0.12925081990762988,-0.5713692707963742
train:5473,7.154941113038744,0.8154628555237828
train:5474,-3.793361279107236,-0.2877528397807686
train:5475,3.626360549194001,-0.11136672896747835
train:5476,-3.244279573392287,-0.2880445811372313
train:5477,-10.11105879706626,-6.0805946429932565
train:5478,-0.6076856769116448,0.6629791711098045
train:5479,3.066307511913961,0.4640420954155936
train:5480,5.087701140488794,0.5209761700985394
train:5481,0.6687618143364238,0.12122588639772605
train:5482,4.145603217815707,4.782822319342465
train:5483,-0.007606120159394297,-0.09307875441116309
train:5484,3.6865916415340423,1.4612085950290734
train:5485,0.38009400930246096,3.931857435374341
train:5486,0.047239379670529144,0.034051001192095205
train:5487,-0.448516870647493,0.30949977984802324
train:5488,-0.6168659177356076,1.2634431925674434
train:5489,-0.201190601350836,-0.8805870044672508
train:5490,-0.7732108212971994,0.350152190276176
train:5491,0.2825831240570064,0.18893777128542555
train:5492,7.040937548105774,0.6454953755394941
train:5493,0.09159287682675751,-1.6308780094045274
train:5494,-1.10553498122488,-4.052298028076095
train:5495,1.7604812508883447,-0.39656366343194027
train:5496,-0.5431817696575636,0.1847534583975386
train:5497,0.2402338818482157,0.041861252557504836
train:5498,0.4571743722705611,0.32897597629088016
train:5499,0.11568903309461803,-0.0071652760876071
train:5500,1.698627832489597,-2.0929232757067
train:5501,-3.4097814719538166,-0.12776744366822154
train:5502,42.75846974442726,19.123208488176186
train:5503,-0.38010812987368814,0.11941766063089743
train:5504,0.8900941382918172,0.21466129858966915
train:5505,0.49966704121358624,-0.20566409777347894
train:5506,0.16424676998401244,0.32015647102508166
train:5507,-2.872950780416536,-2.781310218673283e-05
train:5508,2.5927417252102276,0.21016434453665359
train:5509,4.0664934944102225,1.320435758182492
train:5510,-2.1461417323688163,0.18636866408842884
train:5511,0.017224371689416734,-0.33007859017988916
train:5512,-16.445555142215206,-5.049556436916421
train:5513,-1.0090053022115217,-1.0556764711783946
train:5514,-0.8340084143687305,0.20996105288239475
train:5515,33.95734041532368,19.23349100074338
train:5516,-28.239835369440236,-19.158989020431093
train:5517,10.760007179214787,3.754903249215606
train:5518,-0.026595866263677548,-3.156386999950655
train:5519,-0.5617042746989439,-0.2928531063993004
train:5520,-0.36312333609156333,-0.046802084209325745
train:5521,1.1040380095390967,-0.3356375113025909
train:5522,-0.4727008961301681,-0.04437392589261513
train:5523,1.3188098970381472,-0.49693838274420515
train:5524,-15.207387711680347,-5.26890770387928
train:5525,-6.264749893740909,-6.752383826669229
train:5526,-8.6677888119938,-2.6833642696401254
train:5527,0.5546245859153103,1.7093185693594626
train:5528,-0.11791476136358614,-4.03333669449655
train:5529,15.05074183407906,5.89618208986852
train:5530,-3.043454715391771,-0.0966730221888644
train:5531,-3.1861343288420114,-11.000879242334737
train:5532,-9.188777939374505,-13.93939519397772
train:5533,1.1307128250660532,0.17426346637697243
train:5534,-0.5997379296774887,-4.191610874193072
train:5535,4.545233336625445,6.274655512382578
train:5536,-4.19621001471148,0.01587629931892487
train:5537,-18.826295736230332,-12.984186344208343
train:5538,-3.563326183553354,0.07198800576258992
train:5539,-5.750993472047349,-1.5879660657370915
train:5540,-6.031359031030774,-4.737055079381632
train:5541,-1.362797678001034,-0.14250673057563248
train:5542,-2.7721875719317404,-1.0545301915699947
train:5543,3.389230595689441,0.29476948057164265
train:5544,-0.23890067445895247,0.09540042794473302
train:5545,-4.257744965321085,-5.371256563480411
train:5546,-1.2371151786196517,0.28368944344089086
train:5547,-0.13483597781700252,-0.11385673074532662
train:5548,-0.14370646803583198,-0.1781027425843304
train:5549,3.134268538117044,0.16106577218248852
train:5550,-0.564551423225529,0.14625215899306432
train:5551,-6.943981248840129,-0.3340902121572636
train:5552,-6.322596661910703,-0.5129425360583335
train:5553,-1.659256088498744,-0.06940718886764372
train:5554,2.761448060613607,0.28489792316245344
train:5555,3.839882973651707,3.305095427195766
train:5556,-10.495351321184286,-2.718746433094624
train:5557,-1.4841615681950473,0.7875291556205182
train:5558,-0.3097625470421182,-0.5029780707966278
train:5559,-5.843054373850136,0.0703894200560654
train:5560,0.15143064982429535,-0.051321650000727276
train:5561,5.931170286239063,1.9860929522619684
train:5562,0.0643658567500865,0.1218825541061846
train:5563,0.7515155531160715,-0.23430182877412425
train:5564,1.0232827142508802,-0.372113027204977
train:5565,-0.517588117406011,0.20000175907505166
train:5566,-1.5148639551925798,0.14547151904071037
train:5567,-0.37097600790545704,5.076745244911766
train:5568,0.1824575485252171,-0.03803579142565952
train:5569,-5.1821216665069345,0.03205974160602861
train:5570,-1.0490034617784216,-5.614603378686312
train:5571,0.13893218384988024,-0.07550907703322907
train:5572,-0.08774493619446705,-0.13656833169831425
train:5573,-2.8655479152975265,0.02004784406431627
train:5574,6.693212099928553,0.12991778156897402
train:5575,0.605103590160373,2.677648647129161
train:5576,6.76111129223973,0.7120169342937044
train:5577,-21.688994789255187,-6.303118115727413
train:5578,2.3243152214460556,0.03809001404499084
train:5579,3.9994427746759595,0.7684692434212592
train:5580,-4.372501230035985,-0.0022955493380453357
train:5581,-0.06291397942917551,-0.15919604809501825
train:5582,0.4893186977323658,-0.13341980762147734
train:5583,-15.500054495821336,-4.5541873173265195
train:5584,-4.993557121013697,-0.5797734191138397
train:5585,-16.650224394592982,-3.325445480918787
train:5586,-1.3606797509741142,0.5014722974585413
train:5587,0.2877145234814106,0.23350864618201872
train:5588,-2.6764189611969615,-4.8255161944502785
train:5589,-0.17047914848193385,0.24969365773803254
train:5590,1.2924984137407018,0.42782165704149855
train:5591,-1.621741512770678,-0.2983696572614303
train:5592,-0.4436439647862471,-0.1957290563038369
train:5593,0.17683787056716727,0.06045252399589329
train:5594,-6.933157063341117,-0.6675927031982687
train:5595,6.210314509628214,8.22338391648364
train:5596,2.881578992301333,0.012313202928209921
train:5597,0.733388459541357,0.12853133248692872
train:5598,-0.7902962694973527,-0.06072228407608607
train:5599,0.10286942606129719,3.47444122703525
train:5600,-2.446801593100809,0.07901326602094041
train:5601,-1.989054357187865,0.02237671045726254
train:5602,-1.3363257985178159,0.3069455807056721
train:5603,2.503056314164558,-0.368592871718074
train:5604,0.7028787804249921,-1.6027712619387253
train:5605,3.367937188424278,0.2641350688741505
train:5606,-0.847875478232619,-0.09706384147787639
train:5607,-8.36351957216544,-6.856060002446657
train:5608,0.0996429056866237,0.18513479074268516
train:5609,-1.6894579929050173,-10.053815754173474
train:5610,-4.501428613993021,-0.12100931577660767
train:5611,-4.565279313591998,-0.5356626966599216
train:5612,-1.633247265830104,0.11172453379050287
train:5613,-7.8811017756729775,-5.024792802872304
train:5614,0.5090062834738803,-0.17057481696192306
train:5615,0.713315922953988,-0.4581429167494981
train:5616,0.5688868287876242,-0.11297722685163838
train:5617,3.3254696249711997,-0.06624653862195629
train:5618,5.619426119237218,4.121350936089381
train:5619,3.5243416012953737,0.4929591562822311
train:5620,-8.099411677588638,-12.550222431747791
train:5621,3.487995360682805,5.960861077265893
train:5622,-0.22424371749469363,-0.11539190372180338
train:5623,-2.906660479668186,-0.28802532192788044
train:5624,-21.790923078440116,-4.77287835006067
train:5625,2.0359196250114255,2.483509539797079
train:5626,17.889010455886574,6.7633606602154694
train:5627,0.9881101552933355,0.495993480380658
train:5628,1.8377420014508794,2.1488857704546276
train:5629,-2.0892206129116984,0.3240677311226167
train:5630,-6.184472765052887,-1.8460941101285464
train:5631,0.6163622401104134,-0.2076643449905759
train:5632,-8.729920250447886,-16.27741299256427
train:5633,-1.841420128804931,-1.7811106845626206
train:5634,0.8962280138773006,-0.309194046220651
train:5635,2.555999375756273,0.2223024968952214
train:5636,-12.115975785572155,-19.29361973876367
train:5637,-0.6529104275523311,-1.7806879805825722
train:5638,9.779736359077244,16.37801048824289
train:5639,-7.268979254868083,-3.3755071564013037
train:5640,-0.660775419652958,-0.07170331460469356
train:5641,-8.50085590050529,-16.610836413851327
train:5642,0.21212200948003213,0.590390640423258
train:5643,-0.5822872895819023,0.32180641462320836
train:5644,-2.7387173046675484,-7.9631278606082
train:5645,1.1204465393436411,-0.35773624141579186
train:5646,-0.059517067164398585,0.043884896147442835
train:5647,-1.4399717216399552,-8.061719034473766
train:5648,5.642086613413293,7.742680328162376
train:5649,9.482267917525647,0.641078311540082
train:5650,9.245997362135292,2.2577436721731012
train:5651,-4.2727947767113665,-0.5413012225146068
train:5652,0.5148702750424332,-0.07525528345222804
train:5653,-5.271852871825934,-0.2929616712757151
train:5654,18.562224396978674,8.185660974458559
train:5655,-22.984508737826822,-9.892283772219649
train:5656,-6.084601731294172,-0.25998148787929093
train:5657,-32.336153110154726,-15.705828191193413
train:5658,-1.7971840230600291,0.24097551297774342
train:5659,9.61768507063399,2.9400934649705937
train:5660,-3.1475258046353276,-6.351673007734644
train:5661,6.080956148093755,0.817535289110743
train:5662,-0.9619822546242597,0.34980288528287584
train:5663,3.4388934390529853,0.3320871232354955
train:5664,-26.429086099850572,-7.910575042061353
train:5665,3.936178334758893,0.44615685232592583
train:5666,-2.2837632869694513,-0.01092239117993049
train:5667,-1.1755111879126923,0.48528514599037736
train:5668,-1.8897900394362028,-0.21421090690095057
train:5669,-9.606354764164525,-2.891419083023453
train:5670,4.837271553684796,0.8038130311178662
train:5671,18.722403001838476,13.898699140853234
train:5672,3.1381631434741966,5.376642805204128
train:5673,14.797812391359411,2.8214749959531154
train:5674,-1.1885179238294148,0.011186467850780923
train:5675,-1.91645602155003,-3.7594967017950616
train:5676,0.13632039929154854,-0.28308847326721076
train:5677,16.89499298525359,9.645558118570683
train:5678,-0.43187704489389955,-0.09500510332867687
train:5679,-15.13549302713575,-9.911465374089843
train:5680,-2.6681694831669605,-1.329500628529972
train:5681,6.9926601558541215,2.38443046596129
train:5682,2.4580098589941435,0.022596479435077102
train:5683,5.373724733039911,0.898622694892599
train:5684,2.61035555099047,-0.1838006153359782
train:5685,-0.07282204700336195,0.19608065538162617
train:5686,-0.5010742840186332,-0.12305064930698645
train:5687,0.675766013573404,-0.02956473518830116
train:5688,1.3731997787171801,0.1438045274757879
train:5689,-14.98621764357665,-4.609425012317682
train:5690,6.346606170636377,0.1622150476678985
train:5691,1.6139549184784432,3.668505294781269
train:5692,2.2856411440156212,-0.17775422222548526
train:5693,1.5468005223690287,-0.42261124476611295
train:5694,7.0077834240483226,1.4792791545109392
train:5695,-20.229149601819923,-10.136394678723944
train:5696,-5.521418643809162,-1.2844089703464512
train:5697,0.485591229849953,0.15997520162039608
train:5698,1.0972841678268659,0.36255504976771036
train:5699,-13.077603454841627,-9.405764187996052
train:5700,0.8428458386697524,-0.10030652168931739
train:5701,-8.301155675471104,-3.397937144915339
train:5702,1.9594150611044254,2.4381325599935453
train:5703,-6.415765459686523,-1.0341657889240392
train:5704,0.3612981333705464,-0.23251214891259642
train:5705,-0.6394501656088806,0.33720579309851806
train:5706,2.0887587777697494,0.7316644663693788
train:5707,3.308289101350784,0.16512361626230498
train:5708,6.198919406691147,4.002572401643076
train:5709,1.2500787366851154,1.1112258202205443
train:5710,0.7885863660634999,1.320303226289996
train:5711,-3.336710548713553,-9.265578257721836
train:5712,6.519284055074433,0.26023372370291087
train:5713,-10.006238727372615,-7.171016837843274
train:5714,1.4430214006752262,0.19190376085585953
train:5715,-0.3935688567336192,-2.6287502877103104
train:5716,-0.121976736653719,0.028959722204593807
train:5717,-8.695341622294182,-4.777646074331077
train:5718,-2.0217482139296212,0.1580136868132158
train:5719,-5.123143756540083,-0.6251208681297018
train:5720,-0.06370433744602635,-0.154200922493461
train:5721,-0.7080490572232101,-1.8183002178190877
train:5722,-0.22521039508677432,0.10435053918209222
train:5723,-1.756395970392759,-0.43202357702789224
train:5724,6.965722430057442,2.6952244589219254
train:5725,-1.2869802606522134,1.5192228973653863
train:5726,0.9740998971534528,-0.6158056878795366
train:5727,-2.674238037986934,-8.297028910287159
train:5728,2.2121215763716746,4.620603282927651
train:5729,-0.6206324386023825,-0.1701990483883667
train:5730,-0.7572851072576547,0.29006837889950826
train:5731,-0.39025586189357253,-2.0426467530443135
train:5732,-0.6724650471804224,-0.33691546683862644
train:5733,-0.15208193843204848,-0.422703260988567
train:5734,4.857986372389977,3.6272243921546337
train:5735,0.2235110685028529,-0.04302834913263662
train:5736,2.3438193976360124,0.387980059327016
train:5737,-32.97266096527836,-12.162900615153909
train:5738,-4.510260167456608,-0.4843861573845943
train:5739,0.42464207400577875,-0.12835848740407726
train:5740,-2.606283520614578,0.08619766441285283
train:5741,-0.23253503800793957,-0.020493647584056696
train:5742,-0.06085021517223377,0.05220744248158475
train:5743,-0.6237080935791336,0.020118817817294354
train:5744,-0.5041421516443358,0.21075481762926926
train:5745,7.112855013557916,12.803799108498742
train:5746,-0.16002352552283794,-0.013254324780291885
train:5747,-0.6176820786171263,0.3596377075334885
train:5748,-11.352266781383591,-0.5851628591942541
train:5749,-12.167588953571398,-2.9177942135773995
train:5750,-9.674003831409191,-10.068385417377787
train:5751,6.610758232278828,0.9885980117986517
train:5752,13.35379853991815,4.026420153286953
train:5753,-2.0742556487791077,-1.3700053136893633
train:5754,0.0771630315632232,-0.039479518822922305
train:5755,-0.7602401164077159,0.3335967599269811
train:5756,-12.926775250237654,-1.876814546294472
train:5757,4.251365208298844,9.985460623204984
train:5758,-0.026738130706710717,-0.01605932162663387
train:5759,-6.781642642011925,-4.977385474420762
train:5760,0.7931216263307822,0.3317455219259356
train:5761,-14.355074924637998,-8.042777673407622
train:5762,16.583026588174068,6.040387631125471
train:5763,0.13489798731945726,0.3185466151145666
train:5764,8.031907026292593,3.1289623966594267
train:5765,0.37657552137803313,-3.5958393590937647
train:5766,15.364921233605767,2.713519281197121
train:5767,-3.5908222740431146,-0.4821882536152337
train:5768,-3.4915765529506726,-7.380110221923446
train:5769,-0.39711616947983797,0.13206839327981754
train:5770,0.20888549340102786,-0.03641074213887885
train:5771,0.15292349664318247,-1.7155008353799575
train:5772,-1.3120383291182294,0.14975918968544683
train:5773,1.6636665780724398,-0.5900802346543579
train:5774,0.06451265412880454,0.24976513080384563
train:5775,-0.6429196048446155,-0.21020613264245647
train:5776,-5.283558074055495,-4.201852779065038
train:5777,1.9131753977868065,-0.3423274473270218
train:5778,12.259063422615462,4.9491437100098175
train:5779,0.2634606442975403,-0.33654112487317017
train:5780,-4.47165722224769,0.1595751093787337
train:5781,-3.0579889344051776,0.06617479174605212
train:5782,5.169411141769719,2.8647945215547392
train:5783,-2.7143905498253598,-11.117232257689317
train:5784,-0.5368935418005542,0.17596355524981633
train:5785,-2.2190032107346145,-0.2166417044426463
train:5786,1.185263102930859,-0.02023514619632545
train:5787,-2.707256406432079,-0.9835206307285969
train:5788,1.4923555480870565,0.14938513304161058
train:5789,-1.2393779271302474,-6.284061484726784
train:5790,2.797670400984122,-0.047519882074871955
train:5791,-9.396612343151528,-6.0970753904084125
train:5792,-0.3051398824765017,-0.48619545310749795
train:5793,-15.16757784328805,-3.8082373381769212
train:5794,-8.10813537042875,-1.1782940080219666
train:5795,-0.6039837794356595,0.34572449804641847
train:5796,-1.3596311318523453,-1.5010334185868512
train:5797,-0.3059341922834368,0.09014508902572449
train:5798,-8.792641202999247,-13.821947684888773
train:5799,28.454058947331966,12.095406014191376
train:5800,7.175270051065109,14.136642535219341
train:5801,-0.4012423032442799,-2.6316482994047767
train:5802,-0.811471820434709,0.1325592891270489
train:5803,-0.3458098463577246,-0.4053531385972325
train:5804,3.4856547386617254,0.7629799407738405
train:5805,-1.1565609597092519,-0.4623738083918521
train:5806,0.13906317406826124,0.49499678063154967
train:5807,2.904186485998631,7.381056859239771
train:5808,-0.22823665268747217,-0.40994524741052224
train:5809,19.72480198678192,4.720107485977258
train:5810,6.849079069348191,0.1986476226664728
train:5811,18.4883621858886,3.7194548911452645
train:5812,-0.2332900623722724,-0.3052296449713886
train:5813,-3.249349487612145,-8.720475297190813
train:5814,4.337069771980229,0.11672122866097016
train:5815,1.7023625065774577,0.007780868994312837
train:5816,-1.938159950067475,-8.876052046291738
train:5817,-2.579845115117956,-9.250577188228064
train:5818,17.787818594406755,12.09939937558507
train:5819,0.3973575205146458,0.11562159913744234
train:5820,-13.156038584433906,-1.7244174213269652
train:5821,-4.410722013897931,-1.719656830097058
train:5822,-3.3947395641437033,-0.45647392793323555
train:5823,-0.5628872546835774,-0.02277921642116608
train:5824,15.963906609421159,5.278700452702468
train:5825,-10.18462904060658,-16.19072429539914
train:5826,0.816975561112302,0.1886105787176763
train:5827,-3.2416518654444983,-10.121835287097952
train:5828,2.1417422870952683,3.5525708462432473
train:5829,0.18339505260814637,0.1127897820588192
train:5830,-5.10044839362797,-5.368239572670399
train:5831,-5.663233512605672,-0.3138982864306055
train:5832,-10.039266394147372,-15.591786280960935
train:5833,-4.095404033910478,-8.139960499756809
train:5834,-0.03492356649152267,0.04415259915741948
train:5835,-0.4928687405960396,1.156567562804006
train:5836,-8.790547219171074,-1.0703198900214814
train:5837,-2.753634149944407,-0.18038174902417953
train:5838,-4.827961309323106,-13.157820527996613
train:5839,17.805299454073573,5.842198098075692
train:5840,-4.176812769312038,-8.02891731975066
train:5841,9.331289079981993,6.575399336599896
train:5842,1.0509775565360548,-0.31576015266199653
train:5843,0.045893678917720435,0.10960823200446584
train:5844,-0.30317165855630285,-0.44763951461279133
train:5845,12.279627608380961,2.1322010180811617
train:5846,4.5962551308614925,3.1726057622997645
train:5847,0.8896860578510578,1.3288618762646982
train:5848,-1.163076764183466,-0.5083584162504042
train:5849,0.20930275594227707,-0.21877805007248918
train:5850,-2.461250732398284,-0.2833501845231671
train:5851,7.421972867361414,13.60335360168655
train:5852,-1.997392169349161,-0.22537568455284607
train:5853,-0.5755594831925795,-0.492358970743006
train:5854,-0.12208297006951335,0.3202763774358919
train:5855,-7.651004846227189,-0.8264015756106946
train:5856,3.6692395637323223,9.761949937665586
train:5857,0.7348929292722566,-0.34797396218706733
train:5858,12.9217572335868,11.564866439789025
train:5859,-1.3735844377233666,-2.976117661888996
train:5860,1.379327377930177,-0.27676952667920096
train:5861,-0.24809021361252537,-0.4546080671991644
train:5862,-0.5946175720194964,0.2573808641548118
train:5863,-2.774907798259149,-5.176028668846361
train:5864,-4.639019251647702,-1.1382541117815754
train:5865,0.10835753265536535,0.21043668402295543
train:5866,-4.682384336366387,-3.2114603496886898
train:5867,2.267150020836675,0.1886061562325661
train:5868,-24.294250990367694,-10.259506392613378
train:5869,1.170576623770088,2.9767524426746474
train:5870,1.7424773601809629,-0.2246234341016834
train:5871,-9.314392793407976,-1.2367912172001505
train:5872,-1.713231962051891,0.12134971598081143
train:5873,-1.675039073178775,-0.09632057865774407
train:5874,2.0478540310658735,7.386443731425605
train:5875,-0.533412014736326,0.45452547810169974
train:5876,2.944116070384657,-0.1334093933823469
train:5877,4.882965405054308,2.613326882400044
train:5878,3.581049556546182,-0.1168680151229376
train:5879,-19.901575028657035,-5.881397924624834
train:5880,-1.2715110945965202,-1.361051921253374
train:5881,4.65393824843015,3.7560199980363347
train:5882,0.15414483223745729,0.19285366785928582
train:5883,2.8845195890404987,0.30527502262049955
train:5884,-5.984660495146901,-0.2217217132261572
train:5885,-39.18043409550432,-13.38565326543596
train:5886,-0.1763398856351232,-0.32838563434754553
train:5887,-5.420263510731304,-0.6169451197690561
train:5888,-0.15728586482741075,0.1719657713710125
train:5889,6.2634479545186945,0.051186989707610375
train:5890,2.1818541187416503,6.6783205513707715
train:5891,-10.397501279366306,-1.1143214769557448
train:5892,-8.758222506114835,-3.578455854072889
train:5893,0.8708298590057983,0.13237482869971087
train:5894,-1.0326463052449726,0.30230881905885054
train:5895,1.2240959493393837,8.356958944822168
train:5896,0.16224646682665902,0.21487792902966357
train:5897,1.3923324866392175,0.2642111070858838
train:5898,14.754642106646056,3.1672531287083316
train:5899,-0.6817952235693467,0.16856801885909473
train:5900,-0.558253432122429,-0.24409057158310493
train:5901,-7.909182731095209,-5.554670431116226
train:5902,0.02415278954007548,0.32758239416833457
train:5903,1.9911425889414613,-0.09653642446328345
train:5904,-1.4323731266826547,-0.2511269593846359
train:5905,0.07778694948005486,0.0888831115004096
train:5906,-2.548092714249213,-2.676869208282163
train:5907,-14.720521594302456,-5.879783574898804
train:5908,-8.158591826224507,-3.0106903679075194
train:5909,-1.4014392112778333,-0.03477970109807793
train:5910,0.46415555814175663,0.15080032827687212
train:5911,4.286791844112982,8.005198473660153
train:5912,-2.807743919443938,-0.6163285397482094
train:5913,0.3942451371359352,-1.8677453132807578
train:5914,-3.3721794919274166,-6.969159210046616
train:5915,3.6237284245396477,0.5132363931732729
train:5916,3.242392536779364,0.3519268194222482
train:5917,-3.2673928962203695,0.028905225775171434
train:5918,-0.6061268119525266,-0.384115651794039
train:5919,0.10809880663396683,-0.020214032396444537
train:5920,-2.7498720457841968,0.20777762918524978
train:5921,1.0713955260684356,4.807966572427678
train:5922,-2.383861897345372,0.19415109659588725
train:5923,0.05459342855908608,-0.014881014666387624
train:5924,0.2732678249954581,-0.15574736567392827
train:5925,2.962852204548827,0.8632495190691307
train:5926,-2.0255558799049207,-4.030302869710958
train:5927,14.625019672550673,3.7468417721637755
train:5928,-34.76162238892584,-13.008438681909396
train:5929,-0.14350155609705134,1.2526229407717129
train:5930,0.1690447080627776,3.380633755450811
train:5931,-2.1435814373107,-0.046420109890534134
train:5932,-5.905090969342201,-0.3923580227529574
train:5933,-1.3281223472193848,-0.04640306192373839
train:5934,-4.278112491415332,-0.030311136546253614
train:5935,-2.553499692917434,0.17658077724430818
train:5936,-4.487688937244789,-0.0626660376124206
train:5937,-1.0330549668313322,-0.204515392931309
train:5938,2.7207253287118474,7.664184355994283
train:5939,7.265362496489457,1.8376656496545039
train:5940,8.941330153799626,8.163578792999319
train:5941,3.881811698903885,0.1585361106994585
train:5942,1.377142735388305,0.49077024014390086
train:5943,13.138140521607266,9.435171086265374
train:5944,17.804083232560586,6.382575561936071
train:5945,-23.864500792452247,-17.632451017462394
train:5946,0.350285656696931,-0.021376290015565083
train:5947,-17.557826909162372,-4.0736092705180615
train:5948,-1.515963250210723,0.016728269676281923
train:5949,11.215588136786838,2.6619693681446193
train:5950,1.571730738802907,-0.10993313048772602
train:5951,1.1244087900487065,0.007734504231060826
train:5952,-4.886601225008635,0.3387519509573653
train:5953,-2.4445520947099073,-7.738179154103937
train:5954,2.786998243174233,2.347310693840916
train:5955,-10.143660600344877,-5.742076518859255
train:5956,-4.335400894892045,-3.5787611482063024
train:5957,5.822395172045803,1.3531671411262651
train:5958,7.086538416179185,0.38298222317006864
train:5959,-2.068986285389115,-3.3271294491201
train:5960,-7.3977629796326445,-6.6693820554779
train:5961,-4.92288005273153,-0.2766394200204753
train:5962,-4.817056693272967,-0.18133943104175115
train:5963,-4.549040245844596,-6.987281698063324
train:5964,-0.14954442428147674,-0.061433448213966985
train:5965,2.95780158436291,6.2959821621920256
train:5966,-0.5363707432182313,0.17415005103301748
train:5967,-0.22285082771911413,0.07173207226943878
train:5968,-9.883569584159599,-13.54594124512653
train:5969,0.027198224945594013,-0.1907273683050194
train:5970,1.9441121026905113,0.7696683075293613
train:5971,3.1845041585845646,0.2767181802991277
train:5972,-0.021218642250208752,0.07764885803404108
train:5973,-10.182070140297906,-11.029834821620076
train:5974,-0.3027037201186791,0.12486887284204447
train:5975,0.12852723678715888,0.8153795416107392
train:5976,-18.609661393310397,-5.391397416637086
train:5977,0.9712955209430738,0.0006014637307506371
train:5978,6.806296989896054,13.977054164141041
train:5979,3.903328266079688,9.410400604502378
train:5980,-0.1770019267033559,-0.6904325562194518
train:5981,-0.8882516148981655,0.18570300874893986
train:5982,-4.773003532163142,-7.953429778743978
train:5983,1.8699690820462131,-0.09781694789389914
train:5984,-0.9084801309647424,0.299836364560633
train:5985,-1.7866127521264086,-1.8788212132480195
train:5986,0.5594060194590177,0.09012854037176377
train:5987,-0.08122448255544751,-0.028880533943511408
train:5988,6.895960782325381,1.8045917381059056
train:5989,-2.1835114866132064,0.10078658682651724
train:5990,5.922393592920176,1.759410916916131
train:5991,3.578238671505076,0.19045618161672656
train:5992,0.9495330129490855,-0.2872857682888083
train:5993,4.0746941562097705,-0.24604509601059493
train:5994,-0.46658515228742425,0.13916091811008596
train:5995,2.4463569598686385,0.15534707095257982
train:5996,-8.450477550678254,-6.527751256519941
train:5997,19.271995650765493,11.755307208282508
train:5998,5.338815084352089,3.4246420474431445
train:5999,0.5990355002568805,0.1573172167387655
train:6000,-0.1319480328692535,0.03435280013566333
train:6001,-16.970921923176306,-4.285044289133675
train:6002,4.896879890399207,7.209457589245429
train:6003,0.6622102112932107,0.1862445491837234
train:6004,-1.5660914749712482,0.05579992699916097
train:6005,-1.1156771342469987,1.948604687269348
train:6006,11.864749158843766,4.111922197834451
train:6007,0.5714285271865205,0.7863850159242682
train:6008,22.50857867774293,9.397070378415398
train:6009,-7.752070715340791,-0.965908297768471
train:6010,-27.608713106826727,-17.460794683144048
train:6011,5.001539098990597,0.26719828178660376
train:6012,-3.7643221308186945,0.11457347016632677
train:6013,-0.3992824478207301,-0.618964768856314
train:6014,0.016812688145933563,-0.33939020390980407
train:6015,-0.8078261778528643,0.29114489737181504
train:6016,2.3507601357734047,6.7807338936580255
train:6017,-0.17768581884617213,-0.8909573040682217
train:6018,0.11238835854130472,-0.12456941629031248
train:6019,-3.5905628506469953,-0.267180009691394
train:6020,2.7818699819360724,-0.029467297855066923
train:6021,-1.7724016500669495,-0.2476634402393053
train:6022,4.102984324048226,-0.11432151966432685
train:6023,1.8614678517420211,0.340125631896915
train:6024,1.6646603370495097,3.753410161178081
train:6025,0.696628210802903,-0.5929828114947442
train:6026,0.14001927481041054,0.16282107078880484
train:6027,0.6553836101517816,-0.1312552151512532
train:6028,0.8614887570795823,-0.09181349568721808
train:6029,1.8026175613490665,-0.38680794660047607
train:6030,-7.334377196514167,-11.257917500798555
train:6031,-2.5402068009069634,-2.2961581509631577
train:6032,-4.2334344825557135,-0.03596506976841948
train:6033,-3.007536197941263,-10.17838374961145
train:6034,-0.5871363684735226,-0.0007784942844393655
train:6035,-22.769615042209878,-9.330770824035232
train:6036,1.2454274797559481,1.5683542817058527
train:6037,8.233190756859363,12.831793724567879
train:6038,-1.1269778591385244,-2.7520086569124302
train:6039,-0.6738616562878459,-0.13933010231922435
train:6040,10.297063804257528,2.29266789442748
train:6041,1.3937893024308656,0.23298393972281592
train:6042,1.8026528950015845,0.5686310150554417
train:6043,1.1646184866142342,-0.14030162243536662
train:6044,-16.918215271614926,-5.5035065582156015
train:6045,-0.007847411812774069,-0.04606830833305883
train:6046,-5.892749296450835,-5.11898831185996
train:6047,-2.619855827429829,-2.773036004342485
train:6048,13.880322033082734,5.252553008801292
train:6049,3.435717362116446,-0.36163573199650145
train:6050,4.123844196695322,5.242054314471315
train:6051,-0.06628636734960602,0.21423160422993046
train:6052,0.3153219614682511,-0.02144847638542821
train:6053,0.7155843666914702,0.5880868110024677
train:6054,20.15078078220754,7.737464078305309
train:6055,-1.8388807549884372,0.2842881908604869
train:6056,0.2516887265530273,-0.03282596130504298
train:6057,3.227462441382811,0.2162499693698982
train:6058,-16.618243719732313,-5.457341520097594
train:6059,0.11481080586295257,-0.1126532441521143
train:6060,-10.015972218808374,-5.4037056206811815
train:6061,2.071865572534283,-0.4256365099031046
train:6062,-0.08148460332628754,0.07260251720169164
train:6063,-12.176506051667399,-2.44154363977967
train:6064,4.721138206354654,0.10607316846291713
train:6065,0.06427159493366502,0.25192615675381963
train:6066,-9.757303847053427,-1.3804311083454268
train:6067,-7.2847287655615185,-6.1237518205930925
train:6068,-10.12992510784497,-8.456549374819895
train:6069,-1.9449161163621085,-7.659493157736915
train:6070,3.899410647356751,0.4406300298854755
train:6071,4.284807115657726,0.5599830594136757
train:6072,-3.7083010896678252,-0.7313660797737218
train:6073,0.6911982187688974,-0.22940135862000616
train:6074,0.21992470277227205,0.0943558654938676
train:6075,2.16191036401938,-0.14631334896902803
train:6076,6.067131391629592,9.304313461035845
train:6077,-5.840582412923315,-0.10014174845376023
train:6078,-6.869548120311999,-3.620175866672723
train:6079,4.274474811795082,6.836014957535429
train:6080,-0.9211228372772328,0.08750643468384975
train:6081,1.4118357329962135,0.30464588844837215
train:6082,-0.398894126330392,0.1026458851633281
train:6083,-0.32355406197792536,-2.107200056268071
train:6084,1.0879158682865404,0.012219332115225842
train:6085,24.102892588666315,12.372425916347902
train:6086,5.983072632289179,0.16590311492817886
train:6087,6.698458682411001,4.149430292679662
train:6088,0.9519617366432201,0.0009986314258079027
train:6089,1.1037818405583408,-0.23312958489830327
train:6090,0.20679546136293786,-0.04186309563650595
train:6091,-2.336141475037359,0.07622481782855915
train:6092,3.7650551310316316,5.820179828659335
train:6093,-0.036282866051386004,-0.2793876378644348
train:6094,-3.314072370528542,-2.280094258434839
train:6095,0.5892036789854962,3.024153494050549
train:6096,3.264078101095829,9.290814324549817
train:6097,2.1264425830967175,5.159114172749908
train:6098,-1.54832329691948,-2.530874129824494
train:6099,2.6283908235602853,0.21716114396340785
train:6100,1.320990587789935,3.8199437391055344
train:6101,-8.216711965284837,-2.611331117486933
train:6102,-0.8842849474865354,-5.881401348484274
train:6103,-0.3684238488857495,0.032181145955343896
train:6104,3.142328795139481,0.010535506574722617
train:6105,-17.94551146392213,-12.314606120514505
train:6106,-22.88526580623326,-9.420367519151528
train:6107,1.8579142626233156,-0.013521528477433514
train:6108,-0.14517455805213242,0.0919553120438932
train:6109,-6.095985211319227,-2.3009866487386277
train:6110,-4.918018886011417,-8.686382216815531
train:6111,-3.192788678427415,-9.963618742368672
train:6112,-16.947345078617165,-22.90957138894267
train:6113,4.170696619934241,0.46046031045876784
train:6114,-2.2217780647484817,-6.000142505798357
train:6115,1.8072874149374538,5.253964209533873
train:6116,0.32724369854860536,0.6447745817969379
train:6117,5.465111970862453,0.9008016961046339
train:6118,0.6232835679847446,0.10786099373391488
train:6119,-8.164684091784986,-10.400567118974552
train:6120,2.7436415269521977,0.3782505920845929
train:6121,-1.483619010662303,0.12313440271398904
train:6122,0.44250207306244577,-0.21603939050280008
train:6123,6.713390405015236,1.1969424266262916
train:6124,0.5035735019409917,-0.29092361894396646
train:6125,-0.5848740848794072,-0.16605717709145662
train:6126,1.8137978728721422,0.5240185545327317
train:6127,1.5885847748248914,2.8219232362181548
train:6128,-2.1388258066316603,-6.997867700809024
train:6129,1.193323359953296,-0.047561967013823786
train:6130,0.23863852094537824,0.07684011390211591
train:6131,-1.6626062766572303,-0.11068124377539854
train:6132,-1.1936808213453727,0.28730489634887807
train:6133,7.06552186667816,0.5260964092304721
train:6134,-4.232574387066788,-11.791717730674407
train:6135,5.82619214494205,6.461966302704523
train:6136,0.36350509190348224,-0.11609422288946394
train:6137,5.284507260431864,0.8700637126590771
train:6138,-1.0092026592574945,-1.3030297725725108
train:6139,0.2723180006257956,-0.01606146153878396
train:6140,1.3895532159187853,-0.05691908954213068
train:6141,-0.7591573259246303,0.13791819979412193
train:6142,-3.4420257544589288,-2.5380174419031247
train:6143,0.4213338445596573,-0.09199096573486579
train:6144,1.2355768293671034,0.13839639882926272
train:6145,3.2086821401529932,10.473679012354134
train:6146,-5.863717586825981,-2.067818967648288
train:6147,-3.095246411319527,-7.191892679493101
train:6148,-0.7296149055459467,-0.06773862803381117
train:6149,1.2878964379584676,-0.44990396965001983
train:6150,-0.24520308226861726,0.32707930082184766
train:6151,7.1937449021672375,1.1867493117513483
train:6152,-6.160025596842249,-2.6631301163137056
train:6153,1.4702971207532296,2.109237763459323
train:6154,-1.0264884864607433,0.37982884862569155
train:6155,-1.231767709260935,-0.7320150437984401
train:6156,-5.082989385035734,-0.10671199205859594
train:6157,-8.89180230929224,-6.9049880951328655
train:6158,-1.4569806910790661,0.169493459533605
train:6159,-9.690368891522809,-12.597948749770506
train:6160,15.277816341485115,10.75205590413544
train:6161,1.4375802506456887,-0.10605318443798731
train:6162,1.3654298620368155,1.3943904087856578
train:6163,0.20009090079764014,-0.11084829958391582
train:6164,0.4511983358302077,-0.31504328209171534
train:6165,15.553106407250915,6.5097228648189605
train:6166,-0.1334801651307429,-0.02479387238007369
train:6167,2.2440729614940715,1.2995863087825152
train:6168,0.27337033907940844,-0.20064215193964052
train:6169,9.180472033373551,9.409509259761458
train:6170,2.2636254889980005,0.6187490415579111
train:6171,-3.617975256170266,-7.3365296270395115
train:6172,-1.14018264947594,0.12139850597783355
train:6173,1.690339998849955,2.944474007802644
train:6174,-0.10474205026332514,0.16220078158689788
train:6175,5.527460990229414,1.3548041739210863
train:6176,5.497433429503328,-0.003080326453889462
train:6177,4.105194072080045,1.9833895299123507
train:6178,7.294064580329636,8.355005633011563
train:6179,2.76980121501876,3.3739675011208408
train:6180,4.830756214127063,1.1653939871190897
train:6181,-1.484766192077938,-2.843408299345585
train:6182,1.2444644052665912,0.9623494213831802
train:6183,-0.27539754801120286,-0.44613458572803594
train:6184,-2.8835118231875856,0.3767473751295575
train:6185,-0.5728604105650339,-0.3325908470440984
train:6186,0.8042287135081795,-0.17678840854174327
train:6187,-0.2604290970050087,0.12238272290606636
train:6188,-1.2632885817223882,0.32319707219914884
train:6189,2.505049643574704,0.06498913775409057
train:6190,9.250839932196186,0.8129042338963215
train:6191,-2.6162025137260563,-1.7835966918377886
train:6192,4.104442302131075,0.43440545342328485
train:6193,4.114272961111259,0.38279391090086046
train:6194,0.603731621626416,0.20535810184754458
train:6195,0.6587200832740934,-0.466971338315922
train:6196,9.902630521866826,3.9710406534506446
train:6197,5.671241060988999,-0.01172813943484552
train:6198,-0.7905045520806169,0.21436242419270612
train:6199,3.0976261457063967,0.7403459473014964
train:6200,1.7570411013908815,0.497510749425479
train:6201,0.8372338318336309,0.1834360571475363
train:6202,-1.1321523795664947,0.35318879694756306
train:6203,-12.992746898820675,-6.822183195859345
train:6204,11.900806221405464,1.654730409036259
train:6205,0.07515435990922077,0.6850635638115998
train:6206,7.437570350365726,10.089163619214695
train:6207,0.1942657297552091,-0.3895237804405642
train:6208,1.908760085971493,0.39531311028295485
train:6209,-2.232069455960841,1.0113181724002396
train:6210,6.5979548973223245,0.6411380864194747
train:6211,-6.083974558961977,-5.602485769484385
train:6212,-6.938570550840065,-0.3567474593416389
train:6213,-2.2986778076639074,-1.516528807787295
train:6214,-1.2002433499258776,-2.314341840467358
train:6215,-6.604525270101571,-2.337646054425112
train:6216,-0.05139079200173033,0.8973761247347649
train:6217,-2.7175092095765567,0.012781558367460297
train:6218,-35.343203151377224,-12.1337373217292
train:6219,0.2564576073517612,0.2060159108424832
train:6220,-1.2265469296431544,2.0349708283430537
train:6221,1.102115579892227,0.037266433188825034
train:6222,-6.228807665549895,-2.658383220521559
train:6223,1.8555548114847755,0.11237249918955106
train:6224,-6.661211606736036,-0.11793882716284415
train:6225,9.08007610890835,2.5108059738620456
train:6226,-1.7660899439276747,-1.3673873451649394
train:6227,1.9670826961590797,3.823900864653486
train:6228,0.12024660935296444,-0.11228489394067828
train:6229,0.47838827881755874,0.5254244768153429
train:6230,25.66325643851763,9.039154949266473
train:6231,-1.1234993540314195,-6.866559267419874
train:6232,1.1367028090008215,0.06388950823056275
train:6233,-3.7597324753231933,-0.10149959404339928
train:6234,-1.2323114290848802,-0.7315562466334602
train:6235,-0.029918391891574386,-0.5232676121825326
train:6236,0.1633006649461939,0.3252533851145783
train:6237,6.977084988840875,0.5152349284606497
train:6238,-0.9687570175781129,0.15779990958942147
train:6239,1.4041100996106164,0.21561384481808055
train:6240,-3.4082969936315783,0.13769051314135203
train:6241,-1.2194485848188727,0.32480614347520886
train:6242,-6.637613376018791,-0.10885019227896892
train:6243,-1.5180270144676649,-0.581572657249638
train:6244,6.495636543210255,0.1056217896600575
train:6245,-0.1935971204748213,0.021858637725725008
train:6246,-0.052845980585696894,0.6306963137526906
train:6247,0.0027645393128901408,-0.06085010816185163
train:6248,-19.401142648378137,-11.919894473962302
train:6249,1.9936205937825289,-0.31851421959916626
train:6250,-0.11100563754686815,0.13150481174988804
train:6251,-6.502003747487522,0.2929693864709844
train:6252,6.143277737388366,0.09085782243251547
train:6253,-3.3220326705076713,-5.646480651360578
train:6254,-1.0113596392687763,0.21754818274095467
train:6255,8.628856067923394,1.6080790402169403
train:6256,2.608552139962608,-0.2259755732589222
train:6257,0.605694266548849,1.2759843617142788
train:6258,-0.23421199175310492,0.2321186305797233
train:6259,-0.04324185216063764,-0.04781240806578965
train:6260,0.05014045850885228,-3.8759721201246267
train:6261,-1.6473739855483522,0.2734024577529635
train:6262,1.5865648289462366,0.09637608522436544
train:6263,11.09905031211866,4.506320561247882
train:6264,-5.011838566859938,-11.892427132246947
train:6265,2.83368190173073,-0.08025739943347554
train:6266,-2.091421992446868,-0.29395787171198845
train:6267,-1.0930622018860126,0.187246812704422
train:6268,39.01666197808993,16.818295986516436
train:6269,0.5125842807078121,0.20726561953813755
train:6270,-0.20795211418499504,0.0908354246853445
train:6271,-7.109304619473146,-1.0882653359729717
train:6272,-6.639387497308381,-5.044757897911052
train:6273,2.1587068570104915,-0.22068157326040194
train:6274,-1.304553638698652,-0.4343647835809041
train:6275,-0.04623463577473949,-0.04910427303080084
train:6276,-2.6237746084439677,-6.388534849110527
train:6277,-8.531432527594847,-2.3972448903781634
train:6278,1.3045692727821767,-1.5551298270979637
train:6279,-2.995023900701553,-0.47255279984660475
train:6280,17.3557345157592,11.229425224005238
train:6281,-0.39524534556230395,-0.04966507267493522
train:6282,-34.28192900300912,-11.309825492484173
train:6283,-0.9388949671190853,0.14651294295375566
train:6284,0.6767869701645831,0.059689930636005126
train:6285,-32.97590422264633,-14.09830335831391
train:6286,1.6202703439495618,-0.27511337733583896
train:6287,4.406370222563633,0.20031547019625529
train:6288,-0.26009156764016533,-0.5940636097913512
train:6289,-1.7657201028674367,0.0066511380398737024
train:6290,0.1034931115198886,0.044389059450004764
train:6291,-4.282392977451299,-2.6489228115668078
train:6292,2.2718910066465785,0.2137063271274876
train:6293,-20.36494240744451,-8.513976627923032
train:6294,8.021037278978492,2.9991527577402017
train:6295,6.446259158565738,1.64555774693529
train:6296,-0.8207782860831278,0.03417026562926039
train:6297,4.712912903981639,10.766424700919265
train:6298,-0.3420761021028251,0.677019705369805
train:6299,8.790961286678387,4.485291787209727
train:6300,0.4323371391327828,0.29969341842900676
train:6301,-11.33188670254437,-2.840192439366425
train:6302,0.5171953223614161,0.617733867233907
train:6303,-0.8349872960184244,-0.17974819236694195
train:6304,14.129658601241076,3.734353530177452
train:6305,-6.0438629597738345,-7.783153259780013
train:6306,-14.818658024672425,-8.674590444903657
train:6307,-4.6657942566762065,-6.749461562637062
train:6308,9.901367808705785,9.200452967491888
train:6309,2.9201919332145816,-0.19570551727018587
train:6310,0.4445823418544453,0.061173246408044626
train:6311,0.45135838332861994,0.15588575817116324
train:6312,0.9878293457391132,0.43716180293341467
train:6313,-2.302557070777204,0.11085501615351506
train:6314,1.5530001836365028,0.9401248644355538
train:6315,0.7625236130831222,-0.2039617263276749
train:6316,-7.178672018029744,-0.45912499376558075
train:6317,-0.25828978381998563,0.041450817407116994
train:6318,39.357371371659916,12.407499932452788
train:6319,1.2876497997655623,0.9485104668477184
train:6320,2.0613496266618423,-0.48381587079659455
train:6321,-0.5767440903848948,0.09170109048046216
train:6322,-0.9027849040786112,0.3653173910318605
train:6323,-0.9009117555786749,0.0468275606754408
train:6324,6.546208763209658,2.238842541455379
train:6325,-4.682989192707518,-0.150061048447891
train:6326,-1.161403529770145,-5.155165951991053
train:6327,0.04505264500449503,0.16521035403478873
train:6328,-14.766516711551333,-7.619019144651675
train:6329,-5.771175031549395,-0.6822140096158045
train:6330,-0.6261270540271777,-0.042097772668966166
train:6331,-14.685344153721866,-2.854307870551679
train:6332,-5.6820779723097985,-1.31657627244746
train:6333,0.23449030364811252,0.03849659735350853
train:6334,-9.835742695977551,-1.6287873152338865
train:6335,-9.713958753743405,-3.9772230621319493
train:6336,-2.9425961990284724,-2.1836601160165654
train:6337,0.19633832742528032,0.48698430756795624
train:6338,-0.00023045265449408991,-0.30618090725250996
train:6339,-9.182293284304485,-1.294942331253259
train:6340,0.9064896504349076,1.577629944911646
train:6341,1.2466460258513399,0.014794359735837814
train:6342,0.06266042687049053,0.4845085005407036
train:6343,3.118799836977831,0.3787730159708356
train:6344,-4.014530417377975,-5.50163256581536
train:6345,1.1772614253849647,-0.5039066500089582
train:6346,25.982369531735408,9.608403537212668
train:6347,1.1564924439098059,-0.3952366325772626
train:6348,22.435134891485305,6.442743043877807
train:6349,8.753412772047245,0.7676392428286432
train:6350,0.09590172276803616,1.0640476050298726
train:6351,-0.17263194424489142,-0.4766901059975946
train:6352,-0.4675672883524815,0.2005060650384236
train:6353,2.391196246664936,1.4597099432199583
train:6354,0.04277118360555894,0.001283097080960277
train:6355,6.217839647781595,9.414792274877609
train:6356,4.498067094762189,3.6291697149598785
train:6357,-1.0081705446707834,0.2939924071395389
train:6358,-2.5060754224074997,0.10037486772883933
train:6359,-3.9686775645721313,-0.0009248642755057407
train:6360,0.7736360468000452,-0.04751874078839188
train:6361,12.536220592966954,3.9484762784535836
train:6362,5.589085204803275,0.07943340210640869
train:6363,2.296077589169897,0.03523779647053681
train:6364,31.899445264031787,12.226443962684755
train:6365,-0.013427571869981336,-0.07314661401952632
train:6366,6.833800983965983,0.9246836863429124
train:6367,4.361058532541094,0.7830517460984734
train:6368,0.007699627753402966,-0.016578036331816426
train:6369,0.04342195044913952,1.3350005709192652
train:6370,-0.2755731702117119,0.19514230390381035
train:6371,2.1377667862705083,0.37277156101549463
train:6372,16.773761363798283,17.734422622062993
train:6373,0.04631605554025514,-0.4620840642867295
train:6374,-1.745354203980872,0.20956688106434762
train:6375,-1.8825884831532504,-3.640869102485743
train:6376,0.08907512162660705,0.07253568061220372
train:6377,-1.0898431201750274,0.33615966137874254
train:6378,1.647143446355452,3.7402000554931267
train:6379,3.042038174257114,3.858320638283683
train:6380,-9.945481582034889,-1.3707189030610143
train:6381,0.10569205024353587,-0.19983939956173563
train:6382,1.4021505928744271,0.698946065559316
train:6383,0.8005133334542597,-0.18222364274216962
train:6384,7.040208094147869,0.4874528769984216
train:6385,-0.7891946498968067,-0.05889636836881665
train:6386,20.880814955880496,8.070367072957467
train:6387,-0.34995759873850985,0.0819105644113564
train:6388,0.596331081089809,-0.1864104521942317
train:6389,2.967324701091242,0.10441537852024003
train:6390,14.461908374531877,5.666669949373779
train:6391,-3.4663339126418977,-0.014511594498876568
train:6392,-3.1278189248598722,-6.48241821624589
train:6393,3.2130707192706778,9.02527804695555
train:6394,1.8195044902120459,-0.06295720832564325
train:6395,16.805113471577314,4.367948705833704
train:6396,0.5622245756220521,2.7362097683502276
train:6397,2.3499814006685664,0.42351059002392105
train:6398,-0.22022683910316931,-0.08610164217618968
train:6399,-1.5916953553853719,-9.631663015494956
train:6400,-10.18921683643616,-0.4337834407801288
train:6401,5.494341734908,0.42447997022791323
train:6402,26.24762855951793,7.326151278614303
train:6403,-3.3926218695750237,-0.36503491111651926
train:6404,2.6462661648608092,8.513250709902845
train:6405,-0.5347165703806105,-2.099345152069129
train:6406,12.195857097258457,4.503794038302671
train:6407,0.15747805094440562,-3.660890976526874
train:6408,0.0485242925935124,0.020311338580397728
train:6409,-12.842104660808904,-9.680203070777948
train:6410,4.246054002425606,0.0059141522953816555
train:6411,0.8801856058011502,-0.49377930176742774
train:6412,-17.624077507633693,-5.136099049412104
train:6413,-0.40390255534570385,-0.7013278476012457
train:6414,4.1071174315598755,0.2013521863025704
train:6415,2.919779784754618,5.277431342136653
train:6416,-0.5848252686489546,-0.361878683355942
train:6417,-4.330277515276929,-7.508625356652675
train:6418,-3.751210091319139,-0.08851118325719448
train:6419,11.275302009542322,4.5060817470519305
train:6420,-8.728942066172914,-4.685857253208225
train:6421,5.600641633759076,13.009191871167353
train:6422,0.04655816079747578,-0.31249136552232437
train:6423,10.244502206638064,4.226684259835841
train:6424,0.05368788748419123,0.053639329031617014
train:6425,-9.422398470826009,-1.3748155508811526
train:6426,-1.521053620755723,-1.552013972346618
train:6427,6.302632975161199,2.982955334693717
train:6428,-7.511381128803278,-3.1944571783872906
train:6429,-0.3561911989090606,0.055296191679029064
train:6430,1.3214048283740611,0.6859708152328343
train:6431,3.2447285096356384,0.24207828103909138
train:6432,-1.3675474972240673,0.297536672303333
train:6433,0.6429773138696256,-0.002784447933936604
train:6434,-24.360854925364194,-8.979735640431286
train:6435,-2.7423748026196457,-0.42658705888017584
train:6436,0.14074710156063408,-0.3285275818535017
train:6437,-6.895311931995415,-2.5611647289698714
train:6438,0.776285140905937,-0.1795634466179839
train:6439,0.5730136599267869,0.2234517723806314
train:6440,-6.384967532352248,-1.8017171826031566
train:6441,5.866571536022961,1.7180803683276136
train:6442,0.9702427175729804,-0.21188125587354928
train:6443,11.804748897536294,12.491969968700701
train:6444,3.1715927305463447,0.5093340493763632
train:6445,2.7808450423938424e-05,-0.04365163421155374
train:6446,-0.5558451647534363,-0.2093107933988575
train:6447,-2.0012909589546384,-0.760802996632022
train:6448,0.20275835910451176,0.21930276804322096
train:6449,-2.1883087273172506,1.1775033219940363
train:6450,-5.032538973154223,-11.158890355497608
train:6451,6.713520581629776,14.726605472778436
train:6452,17.1305326919366,6.815881522740874
train:6453,-1.6021541165307114,-3.180053572365824
train:6454,-1.283009873908739,-6.129606620235747
train:6455,8.762396818116436,0.49326002793053414
train:6456,-0.5030611045980521,0.12253151813090282
train:6457,-8.154243927298866,-1.357098362225672
train:6458,-3.0534141562370527,0.09111461189052665
train:6459,0.5945790433330429,-0.2528107135947341
train:6460,-8.365369939757834,-1.5658442245726696
train:6461,1.9543609540449043,5.884831425181186
train:6462,0.3881445030788076,0.15740138661666916
train:6463,-1.4652334235244302,-0.22409630240871048
train:6464,20.011450891999306,4.1270816208273295
train:6465,-1.0624074688277316,-3.6770495958330365
train:6466,3.906425539672783,0.008805886914207403
train:6467,3.399639610771367,0.26362947896348854
train:6468,2.2110215839788103,-0.18243378211530875
train:6469,11.299323314256823,2.7209815828469255
train:6470,0.7513142442800148,-0.1063198174918889
train:6471,-0.6165211821653166,-1.8574784427670414
train:6472,-0.5161755849091304,0.019443247551509987
train:6473,2.9697769030676415,-0.042795384029896494
train:6474,11.222898483526228,16.905171854664292
train:6475,0.9572803811801459,5.284176915876987
train:6476,-2.5334557486936156,-0.3822744713800989
train:6477,0.15173028849597792,4.022373722071936
train:6478,-0.8611797606968615,0.2121996149826071
train:6479,-8.4891251278693,-9.07065736915092
train:6480,-1.7935909160404808,-1.2843016894173265
train:6481,3.0196375683936387,7.407081044201102
train:6482,-1.0831353051943657,0.34427506421675547
train:6483,-16.981360227996504,-8.539164249894489
train:6484,-13.600026384648197,-3.168119995608805
train:6485,-2.3370615447522693,-0.00709080714478387
train:6486,1.87478724399188,0.999415981021422
train:6487,7.353617127066387,1.0603486955480317
train:6488,27.05213863403522,9.268224841250195
train:6489,1.5306558326671684,4.655281843267199
train:6490,-4.319397074883776,0.034717369835634185
train:6491,-1.931856379966609,-0.20868650969427038
train:6492,-1.0888556375704441,0.07517511958853351
train:6493,-0.7986157174576688,0.19776911739845457
train:6494,-1.8764160194998851,-0.3888977848062569
train:6495,13.816377420354696,2.82203850615264
train:6496,0.08773964903636935,-0.045162126867899416
train:6497,-2.3728717366628205,-1.8931209621998013
train:6498,8.79110262128846,0.7273980521853332
train:6499,-9.594584938544173,-6.021044597037227
train:6500,0.041770334652161484,-0.331661697188528
train:6501,-2.6728758326990674,-0.8757455245580703
train:6502,-6.056367353433377,-5.369231350621562
train:6503,-0.781143226287499,-0.07290508926818584
train:6504,1.8702031674941448,0.12864025401536847
train:6505,-0.04168566047128233,0.3177706829689429
train:6506,8.2723320753527,1.4545667356976146
train:6507,-1.4317912837073083,-0.11462852572746021
train:6508,1.565422287078996,-0.05331176830031381
train:6509,-0.6987816445591534,0.18728925429539883
train:6510,-2.79893049772309,0.38180370221860743
train:6511,1.1861157597560967,-0.04450517383782085
train:6512,22.676445141524283,13.224104104366058
train:6513,0.8849807543810324,-0.7144940137567182
train:6514,-1.0503937945133583,0.3478159055211094
train:6515,-2.0886845642096814,-0.24554663914043323
train:6516,0.2863938119894288,0.022897137092165176
train:6517,1.1652393825739424,0.5863376468109817
train:6518,-0.2615783705448059,-0.0480890987067967
train:6519,0.8837660438466047,0.3984553572841515
train:6520,-0.6071789179478992,0.21772929063925756
train:6521,-6.9997693668342675,-0.06868817838521246
train:6522,-7.637500882134572,-1.2391549641611432
train:6523,-0.14522209576226358,-0.060292161733917354
train:6524,-36.27430068520519,-13.784519194775545
train:6525,5.67722360626008,0.4236120218598355
train:6526,1.4042750287320742,2.9624932093929077
train:6527,-11.400487918741103,-4.023138443832447
train:6528,0.8397176481307048,-0.22650056503974503
train:6529,-0.25430870399745986,-0.4793749824419114
train:6530,14.327307614763292,12.745416598611802
train:6531,-0.057690642770752365,-0.42074467072799177
train:6532,-0.6440753872151398,0.0796594481598635
train:6533,16.91732199397907,5.824855108724859
train:6534,-0.7994441986259208,-0.05977687088817496
train:6535,28.882003409637143,19.168485605412716
train:6536,2.949950539756698,1.652504044435302
train:6537,4.344080712506176,0.06540884585712882
train:6538,8.217021891500517,13.253254843639485
train:6539,-4.134555580566387,0.3833297449032438
train:6540,0.7213865243681165,-0.09677994646596405
train:6541,-0.385991647934422,0.10877423690916958
train:6542,1.2569097545331092,-0.3266089366197283
train:6543,-4.22143033902919,-1.2206818158734398
train:6544,1.762905790334155,-0.19936091520497484
train:6545,-1.741272934656798,0.30730294603473773
train:6546,5.188258390972728,0.36432532775907733
train:6547,1.6085074920764186,-0.201296822396759
train:6548,-5.475384473575924,-0.7991218328604983
train:6549,2.551194928846781,0.2669400657204925
train:6550,-0.0993197293512478,0.08328010818741596
train:6551,1.2331729787046757,-0.1289990344410051
train:6552,-2.6500530826712976,-3.2534394343194952
train:6553,-2.9561610671800356,-0.08814768351329866
train:6554,6.477921365637264,0.6056034185590795
train:6555,2.1977528676253257,-0.21152389054448373
train:6556,1.1446735696007626,-0.08975675478935863
train:6557,0.2610172757342699,0.06537532056677736
train:6558,-38.47251134964397,-14.991514102627551
train:6559,3.164029934158043,6.85903755905423
train:6560,0.10777778180418124,0.03842540960931543
train:6561,-1.4955994434483206,0.17403392513367244
train:6562,0.7748090310803479,-0.29354415536297046
train:6563,-15.152034755511957,-1.639167886413178
train:6564,-4.187891264125884,-1.3096697773134396
train:6565,-1.76034473851989,0.22624478571893286
train:6566,14.06578093648623,5.622465070785258
train:6567,1.739850582066135,0.05835940459148227
train:6568,-0.6566497508049967,-0.6185477713086658
train:6569,-2.727430062353957,-0.4181850504748605
train:6570,16.74710119314046,5.68553712681872
train:6571,6.889118141565374,7.475187314898064
train:6572,-3.7714832393678437,0.09514848895426206
train:6573,7.975732097786679,4.673100749080214
train:6574,2.4753637964617856,9.888599639643173
train:6575,1.5194618061079175,-0.014082185460757887
train:6576,-5.459509900349235,-2.586477321810892
train:6577,13.982575763804014,9.210288574376955
train:6578,-15.64009105907993,-8.037115751180096
train:6579,0.12976577429121222,1.818122973274184
train:6580,10.010234511445706,1.6367614240511175
train:6581,1.1460099720239612,-0.09153659105499604
train:6582,-1.011263634015553,-0.32303029020072266
train:6583,-0.7710403587079828,0.29022173927026496
train:6584,20.98650162989379,15.106803379163848
train:6585,0.025124464984321526,-0.2980552328361766
train:6586,-2.404725489324312,0.25398061507871894
train:6587,-2.1995634254772067,-0.09668122518543976
train:6588,2.5349942167090203,3.4586857671781646
train:6589,-2.9819062822042315,2.087794559768101
train:6590,0.013998781147704253,0.051499131559903946
train:6591,1.0883638153155026,-0.12662629984898194
train:6592,-5.5354084456239026,-0.5528476178332689
train:6593,-15.53635145528697,-8.02775663140045
train:6594,4.245936843472521,2.1118715673336577
train:6595,-8.85734084009162,-2.5689811147501116
train:6596,-7.492376272913379,-2.8442063439167597
train:6597,11.612379475566641,11.346778006316342
train:6598,2.7603931651193516,0.21413274028859614
train:6599,9.473838051901213,3.1500254092919824
train:6600,1.0292845535559014,-0.30061627969740795
train:6601,13.560385107861508,9.366723570910878
train:6602,-2.209778105470283,-0.06071814691259589
train:6603,2.8564507214467616,0.4349411447648581
train:6604,-0.333429817856717,-0.10247653527032177
train:6605,-1.617517979003571,0.5851422918839397
train:6606,-1.8842968187608493,0.0015316122119910791
train:6607,-0.1532758439539738,-0.1299210512560752
train:6608,-12.808054177777047,-4.914496594867348
train:6609,-3.755897379275545,-2.15502181437268
train:6610,7.471302365608439,0.5140725281807192
train:6611,-0.35385476113630526,-0.7435145037106101
train:6612,1.5846826145749304,1.9937342932283306
train:6613,28.844960724136786,14.675962026512714
train:6614,16.209644724020425,16.622747961024732
train:6615,1.2672150932398836,-0.0655567736055763
train:6616,9.453647658986036,17.244012962872148
train:6617,-8.534415431733738,-8.776369231908003
train:6618,10.330269998960796,3.1030169604652182
train:6619,2.4257362867507597,4.790097450009541
train:6620,-2.904486995121846,-0.015108629988752523
train:6621,-2.580802843067787,-9.651863786191834
train:6622,1.4822831325370132,0.48360010783298907
train:6623,1.4332655932484037,-2.0515855940776824
train:6624,0.012568465595444472,3.503374836555848
train:6625,6.04239318570216,3.2665230827079084
train:6626,-7.277200837909254,-1.7387370001313378
train:6627,0.5671494358999938,-0.2296228395275408
train:6628,-1.7368422805976285,0.013058605660492342
train:6629,2.869967703200833,0.2707030299060261
train:6630,-29.25551980773046,-10.109523088551176
train:6631,-10.929014256199622,-3.665523458349395
train:6632,-0.17516248464825568,-0.2436026002824787
train:6633,-1.276253707614106,-1.8787999567873286
train:6634,-5.426939711391292,-1.3729660961402321
train:6635,-0.024913798437226742,0.07803240162174276
train:6636,2.739427291514701,0.37051837618225664
train:6637,-2.930721767200009,-0.49141284425104487
train:6638,0.2878080879231113,0.1064243280467474
train:6639,2.4989408734791674,7.03518656760129
train:6640,-2.7378953323300235,-1.1887927023519431
train:6641,-0.9323587063197286,-0.0909977611756026
train:6642,6.892757507774732,2.467946957355122
train:6643,13.523671583229346,14.883131772230762
train:6644,2.3754030338223338,2.79973034997035
train:6645,-0.07490371054480294,-0.10253445555918428
train:6646,7.056791665007322,4.474599359499762
train:6647,14.495586924379332,2.567200362700738
train:6648,0.09321241338658101,-0.13227267204821747
train:6649,-1.4537876446909883,-4.289916441117008
train:6650,-0.2264043006086996,-0.1553152460804195
train:6651,4.753351804372054,0.6241818505245673
train:6652,0.5605964381073392,0.26800381605030377
train:6653,-2.950881475627472,-0.5333377534392505
train:6654,-1.091726961754015,-0.15049302538058978
train:6655,4.103616145545226,-0.24494318391410702
train:6656,-3.412409644818086,-0.5228292155133836
train:6657,2.883980053464878,7.94515539194474
train:6658,2.4592609492431703,-0.3988181322124683
train:6659,2.5503418071050623,4.215407778769711
train:6660,7.796210177839177,5.1662706096230595
train:6661,-0.2264746192263753,0.14803242324113175
train:6662,0.055910536948344,0.09843896053705514
train:6663,-3.849790052011504,-2.5459043021235077
train:6664,-0.6132377095217818,1.6304658025055436
train:6665,0.7184737063886607,-0.35595911570554456
train:6666,-1.627151745854262,0.3348637305806462
train:6667,-2.606491803197842,-0.20046696446495293
train:6668,-2.577320618628838,0.08210743632916497
train:6669,-5.1340390742606115,-8.306535826665971
train:6670,-2.4017635064270437,0.14189059004874466
train:6671,2.8667374634943155,1.796917585153242
train:6672,11.764503867318249,15.090593687287704
train:6673,1.077628661322506,-0.012042706520909205
train:6674,7.913306367200435,5.370196819164807
train:6675,0.5440742362233124,0.05277138066353927
train:6676,-0.1404527500470492,-0.34199675956942743
train:6677,3.217440469270902,0.42470922614959317
train:6678,0.7954908407154128,-0.3661398190900173
train:6679,1.9599873732919213,0.5031880790204859
train:6680,1.0782497897404544,-0.19709974136637648
train:6681,9.2387967356853,2.5340565473552368
train:6682,-0.2107552118750527,0.1455268714349928
train:6683,-11.230564664450014,-4.152631946396697
train:6684,-2.447274413161478,-4.645609500167655
train:6685,0.5368515262404969,0.8384385216360919
train:6686,-2.582697842642307,-0.10391812275543444
train:6687,-1.6513339116710153,-5.597213025946556
train:6688,1.2054090963221467,-0.18259712874276585
train:6689,-0.3385215831511585,-0.6497008977113405
train:6690,-1.639183784369615,0.2763747957294428
train:6691,4.910837148060313,2.603767466843148
train:6692,4.620110460392453,0.4177967392615526
train:6693,4.7093609420706155,3.145644866459932
train:6694,-4.034861215070261,-0.4305468236531131
train:6695,3.734085184599571,2.5546978546334143
train:6696,-0.1699884291367656,-0.211920202274681
train:6697,14.28920120035555,3.170234454315841
train:6698,0.20727223321369112,0.7158800463678623
train:6699,5.381356801983807,0.5073005621905347
train:6700,9.316898985077541,3.0042577321654638
train:6701,4.060385421689407,1.176873474517859
train:6702,0.37240591792266436,3.521655392750043
train:6703,0.8005207721179477,3.6394013482535232
train:6704,-0.16737071689330751,0.03804322129930881
train:6705,-0.04220195022287815,0.017184926929111777
train:6706,37.40414193779014,19.228759226997095
train:6707,1.4172004042647086,3.5619604954362356
train:6708,3.1899399620745763,0.30952774136678446
train:6709,-0.5052363325811938,-0.24533307590785397
train:6710,-0.5429632589117284,0.19981901057743373
train:6711,2.999660572143013,7.578228364749345
train:6712,-27.859158035874582,-12.758051841051309
train:6713,0.22233761930606966,-0.07086275711213702
train:6714,-0.05436230568684927,0.08348282919843478
train:6715,2.4896727634403897,4.462881200565852
train:6716,2.4575793463332,4.535248179014459
train:6717,6.485909095688743,6.644859173062197
train:6718,-1.2731922325900102,-1.4646442124745187
train:6719,-12.05641998442004,-5.17877688669032
train:6720,0.9199792021166296,0.20238875974807546
train:6721,-13.684254373587512,-2.425066601545573
train:6722,0.0023391407332321867,-0.1447831691209015
train:6723,-1.945931958872002,-9.810810754268347
train:6724,1.243501563235475,-0.32040561661822853
train:6725,-2.154376100613201,-0.058725032735999216
train:6726,-0.29430523635667777,-0.07186309471190053
train:6727,-9.730909608622452,-3.0680810998432952
train:6728,0.3290056157805822,0.21442747752206898
train:6729,1.1038255427075079,3.3027837514304252
train:6730,-0.1491887631738939,0.08791579987816255
train:6731,4.530154700413372,0.4812442785469516
train:6732,1.1763025351439325,0.39324780973649504
train:6733,-1.107474612781528,-1.8046186181570627
train:6734,-7.932408098795092,-8.32741794539144
train:6735,1.0267609868997447,-0.2545649422449754
train:6736,-0.17861030526764737,-0.5167829650637006
train:6737,-0.15972609520443776,-4.868470793699906
train:6738,0.8009498900294497,0.8594722888025965
train:6739,24.674836562309874,9.022187443167576
train:6740,-13.085308050756481,-15.263890110096757
train:6741,-6.149087971721994,0.3336471191929133
train:6742,8.006489112470671,4.52263696340991
train:6743,-4.654565593839159,-13.43967948482855
train:6744,4.055306674056419,0.08484780782857414
train:6745,-1.5697447886750213,-1.6733001985112124
train:6746,0.2823346261981789,-0.04893193877231336
train:6747,4.633109060270767,1.2895167381690373
train:6748,5.53928195666262,5.563263117205643
train:6749,-3.20318793026325,-0.1400736504609767
train:6750,32.53466994966924,11.3439715828619
train:6751,-3.3337987767961783,-0.9008944854500138
train:6752,32.146248967204365,9.666239370875664
train:6753,1.6956426037683032,5.45880630147586
train:6754,1.4305383931737876,-0.525323354454722
train:6755,0.2240222441731632,-0.31381040737164173
train:6756,-2.3482234920743656,0.17113020700680615
train:6757,1.889082031017829,-0.19936305511712493
train:6758,-0.4911666813609272,0.25779322522613474
train:6759,-1.8973602744881926,-3.1702119737267362
train:6760,0.9564821195831266,-0.3058651988799662
train:6761,8.143042521457357,15.373438715638404
train:6762,-13.73040012377607,-2.092974348276682
train:6763,17.16706582897433,5.710250544257715
train:6764,-14.218140284137302,-2.975088506805611
train:6765,0.46245884544617005,4.85974103359513
train:6766,8.90293363150805,6.9916202387983555
train:6767,-0.5156361655626297,0.11950183050880107
train:6768,3.687746029155125,-0.14687072475372226
train:6769,-0.33935866527429964,-0.44463464997163066
train:6770,-28.84962540426246,-9.614665835947577
train:6771,2.0255661674489196,3.416566589631933
train:6772,-6.262347205369682,-2.8853705500008098
train:6773,-0.38010394562536365,0.15616252014257528
train:6774,-1.2184599399230884,-5.459270864892118
train:6775,0.6829657101904348,-0.2462334082798031
train:6776,0.5131465971909775,0.014965695368655274
train:6777,-6.187395230049313,-3.8046448536593447
train:6778,1.7300294538738021,2.782630739961386
train:6779,0.5148765514149198,3.035771790417454
train:6780,25.15272235295042,6.299620012847184
train:6781,24.778261882562017,7.456452526684809
train:6782,5.916027956469162,4.017263897179134
train:6783,-0.30692562667810414,-0.9527760848857798
train:6784,3.734931332594082,0.491071896426659
train:6785,6.429357119917142,3.923771705984809
train:6786,0.9755511339473352,-0.2655680851991339
train:6787,-2.062206175895736,-5.414089615719913
train:6788,-0.9124316885907565,0.2578377353988567
train:6789,-0.3870263195617758,0.2221622613189853
train:6790,-1.5891745782280982,-0.12357207456755911
train:6791,-10.698305961581974,-6.760029875442322
train:6792,2.5550179370659367,0.33610509361891516
train:6793,-23.70747246166432,-8.388619432884102
train:6794,0.39012551220222025,0.44755749615856677
train:6795,-12.5814706221744,-9.97324663511437
train:6796,-1.1697020564888385,-5.3466470031111
train:6797,-1.7618780330725805,-7.211809840499687
train:6798,2.6925785876076263,0.03764419901372146
train:6799,-1.446091417272783,-1.4482269491198148
train:6800,-0.3389983550019118,-0.1724081510313128
train:6801,25.649978423834536,21.49765272734648
train:6802,4.613987510344262,0.4602825550895001
train:6803,-2.6281392443629064,0.12901102946057458
train:6804,2.544615430814738,-0.18961932179370122
train:6805,2.867349061124414,0.2588938533753326
train:6806,-2.237477596920263,-0.12762963332575555
train:6807,10.738314176234633,2.617035492816965
train:6808,2.7219771163355952,0.11569078963029536
train:6809,5.726220224307067,0.597220669363115
train:6810,-2.880605630267977,-5.811694994142283
train:6811,-1.3851199454375447,0.27361216914367265
train:6812,12.592460609780138,7.966446661873307
train:6813,0.19924312559544746,0.06406583699173042
train:6814,-1.3851520246746993,0.12008074807580625
train:6815,0.14907515047583955,-0.06106310075119087
train:6816,0.3537348720657642,0.46557256058534013
train:6817,0.7994737802038606,-0.2134453889944573
train:6818,-0.19038408267808232,-0.07676220958832355
train:6819,4.46480464516478,-0.09316606282688689
train:6820,11.057139021234502,9.257810602119742
train:6821,-7.315176145869496,-1.8882431037840692
train:6822,-7.50129430084234,-0.985868257018059
train:6823,-5.750333755561519,-1.746535838631947
train:6824,-6.899764902045648,-6.929340866044164
train:6825,0.7821821415446054,-0.08285225690667838
train:6826,-0.25538754269046127,-0.444435923463292
train:6827,1.6663816903185626,-0.039633164515298996
train:6828,-3.5546898950115766,-0.3430079393907514
train:6829,8.80147955713323,5.523006519194852
train:6830,9.15564084415002,1.0779289298259063
train:6831,3.0154298417868692,0.3553004622572749
train:6832,0.13456069041285415,0.2574213798248536
train:6833,-5.40824030562908,0.2762998988041895
train:6834,-4.165065259682751,-0.01704054267785654
train:6835,0.6879951766764892,-0.4812254358085018
train:6836,-9.4865420678077,-5.969275842302175
train:6837,20.86390315398581,9.058324567628627
train:6838,0.1382700265525274,-0.3484521612222081
train:6839,-16.644420377250412,-10.191458327526899
train:6840,2.746621641592206,10.913153055940366
train:6841,15.915393504513894,8.10493321657873
train:6842,0.8499518546159623,-0.10743613833018745
train:6843,41.14914461018147,16.610611520595885
train:6844,-5.9241413870471895,-4.679626399670394
train:6845,-1.1972216252608647,1.3707797594080111
train:6846,-9.65830453169565,-10.756697576068678
train:6847,0.5205072711393817,0.5622433772874139
train:6848,-6.167138354077426,-13.138310235620164
train:6849,-0.73153152373681,0.14009413379874155
train:6850,-0.5085134126231218,0.2703295439054299
train:6851,-6.752367781067769,-4.622081879381432
train:6852,10.94362687302142,3.609174661151029
train:6853,-0.2835393978759679,0.5267107066783587
train:6854,5.295230094138128,3.263775720828809
train:6855,-0.015168219172975228,1.0155280929035226
train:6856,4.787363699336028,2.027643198497895
train:6857,-2.8073701265936157,-0.1252831483227735
train:6858,19.33476681429675,4.873939778693427
train:6859,6.552745953841976,6.407368298785429
train:6860,-4.154206670364181,-0.20754037274668052
train:6861,-1.0570116481550427,0.25698383912056455
train:6862,6.45206643032367,8.221477397418717
train:6863,5.750399600624936,7.734912732379158
train:6864,1.492744334493875,-0.11212168997403119
train:6865,12.01996245569182,9.122945920058758
train:6866,0.7827742126825228,-0.1009502072640654
train:6867,4.05448981580018,-0.09686497230872773
train:6868,-2.7190913203597002,-0.1388551844827137
train:6869,-3.979369248874202,-1.354452717504107
train:6870,-13.36383765455841,-10.555413444728245
train:6871,3.999080139821169,0.341114271310258
train:6872,-3.1048325242309667,-1.0727944844318489
train:6873,-1.776856247324865,-0.5422624710524286
train:6874,0.07436353697588942,-0.004338309476524166
train:6875,5.084138485498719,4.480725500003048
train:6876,4.759870398345151,1.9372073724971426
train:6877,11.812961182247856,1.7136135157055095
train:6878,-1.9084231945999424,-0.008794605198687952
train:6879,6.409580502669612,8.56741787817572
train:6880,5.756575086235425,4.259064269204569
train:6881,-0.1874399990653129,0.047334719855012856
train:6882,-0.48154558348432974,0.06810328057571599
train:6883,0.12285409343385151,0.15798957713632472
train:6884,4.752892001972838,0.14230730227477278
train:6885,1.7281485180228175,-0.16983640460933092
train:6886,3.6755598708264863,1.3697483217516662
train:6887,1.8120121286705402,0.4122694888386722
train:6888,0.04489875764944937,-0.018440473206447414
train:6889,-6.017127007729693,-7.769224999577487
train:6890,-1.1430016705554547,-4.178728888371133
train:6891,10.440163237289662,4.9257387775202
train:6892,16.995915195174717,22.85419268525235
train:6893,1.7359027437719652,-0.2151777192103626
train:6894,1.740808077557726,-0.1814030577630139
train:6895,3.1510264526566845,7.534597553260287
train:6896,4.402424941310106,0.6470008750674896
train:6897,-0.2917607484588985,0.14421788717278086
train:6898,-3.1311072791264523,-0.09600116110414017
train:6899,0.2311682429366962,-0.12169194775248734
train:6900,-0.43751299492876683,-0.18445200459446653
train:6901,3.521535132960832,1.5447066831784144
train:6902,-0.6856556575651827,0.15078213902359633
train:6903,3.179384498301293,11.320104999991102
train:6904,13.357348642163252,1.9051974252695705
train:6905,-6.2603048272708435,-0.8118319124063809
train:6906,-16.599522462895518,-13.290027153845562
train:6907,-0.9436189834774508,-5.647355447447537
train:6908,0.6178697317984363,-0.02535381605934804
train:6909,-0.19008281679871802,0.6765962880857066
train:6910,-0.4303023727744443,-0.7871888267467193
train:6911,2.0436700151996092,-0.04516954523001973
train:6912,-3.310173116006584,-0.6196007507473216
train:6913,-0.04446655839939609,0.19624136278409815
train:6914,0.4466928302176773,0.019573639531855647
train:6915,1.384009319347057,-0.09469631400541845
train:6916,6.380788225032216,1.8791481320056778
train:6917,-2.4338253092135593,0.09562554670292281
train:6918,-10.57191376719311,-5.233728689418229
train:6919,-13.866693179533675,-20.75594325793238
train:6920,0.08673531320936814,-0.2994003816137251
train:6921,47.970231842151854,17.470484145540798
train:6922,-1.6242532240565817,-0.07719661175479245
train:6923,-3.472618188708823,0.04061525304291066
train:6924,13.828273703257743,18.226310247245504
train:6925,0.012425038861210075,0.17817151660628236
train:6926,4.7444691100956105,0.09449339051471357
train:6927,-11.012208270886305,-14.622125320494689
train:6928,-3.9414288096499974,-1.0162913880559319
train:6929,5.165695064341078,0.17005368853449937
train:6930,0.40457697608209786,-0.02349437506172719
train:6931,1.7663322247954438,0.1691370928302095
train:6932,-0.23556210921247833,-0.9319220703398832
train:6933,-4.483468890351286,-0.6210407689635242
train:6934,3.867400915216051,0.6297774354754406
train:6935,0.43743518079971105,-0.24763283949555898
train:6936,3.6430373358077945,2.6464076416675226
train:6937,-12.700530153832812,-13.014380219324535
train:6938,-5.985280228815408,-6.064959588859816
train:6939,-2.100212168343691,-0.17244395889462433
train:6940,-0.14542433443128133,0.04320996785530349
train:6941,0.030084426456541122,-0.3036776380193311
train:6942,-0.2153645100918548,-0.29408013202616373
train:6943,-28.995493879852454,-11.043993621691572
train:6944,2.9373494434692122,-0.4603065105940522
train:6945,3.300060079645925,-0.13590524425340542
train:6946,-0.12991146622642108,0.7336627163351357
train:6947,-2.2736929635435703,-1.745730233037842
train:6948,2.845885959343868,0.650759559428723
train:6949,-0.2401865172148967,0.19894107595265553
train:6950,-9.001377544748442,-11.959461734939142
train:6951,-4.183952491703084,-1.1220658190269315
train:6952,-3.6439017886218568,0.16595019299548092
train:6953,-1.5481775456028433,-0.40514257124166336
train:6954,-12.20663263960383,-13.767810760707619
train:6955,-1.8677688054208161,0.04646306230587495
train:6956,0.35986072784195894,-0.04508509003049607
train:6957,-1.0523434217743373,-0.2208185276380079
train:6958,27.056064388796567,13.79074485270534
train:6959,-4.512067762732793,-0.7466262212984653
train:6960,-2.1461249953755184,-1.835690998541274
train:6961,-0.46556233603032315,1.38938329967606
train:6962,1.6302846449395427,1.3847080196105368
train:6963,3.729948357756078,7.912292047751712
train:6964,6.714695425576001,5.510033515776128
train:6965,-0.3046277769732304,-1.3747522094815097
train:6966,10.919311741091244,2.460268381917348
train:6967,0.4383152676972985,0.14736619725840278
train:6968,3.8282665704699212,2.1059848116695616
train:6969,-7.318192523994983,-4.78693272241924
train:6970,4.049904344553004,0.181520479121178
train:6971,-1.161095057685333,0.10596545955136244
train:6972,0.10497340559380221,0.2455099868237906
train:6973,-3.815140291636282,-0.5973760511388853
train:6974,2.195687243702462,6.9404672081192915
train:6975,1.3082360690638843,-0.4408139081580445
train:6976,0.003147630492822545,-0.27210551681766815
train:6977,0.3147228003540061,-0.21799512754717515
train:6978,0.14741260914156976,0.255615579291795
train:6979,6.919033192503179,10.916760662503803
train:6980,0.18570161949702946,0.3690963332281148
train:6981,-0.9358658037903843,0.050982984749301505
train:6982,0.7940714507004447,-0.2054680818205304
train:6983,-1.2308504290449074,0.08029892524071632
train:6984,-2.1268579265906165,-2.4229021517361593
train:6985,7.397815342118128,4.503651377492665
train:6986,-0.29865174053287696,0.04315361683535104
train:6987,1.892847854509883,0.2620629206088104
train:6988,6.027358716555734,5.380728610802706
train:6989,-1.0208109264008711,-0.1726570941447736
train:6990,-0.5430239305124337,0.035430673885665204
train:6991,21.671729012842025,12.79386192711695
train:6992,6.167214892219896,8.321225265131813
train:6993,9.7509357129432,0.6832479910130558
train:6994,-1.123031415593796,0.07882324182201216
train:6995,-0.24381205215895974,-0.1262164353418341
train:6996,0.6447723564008381,-0.9866088092828011
train:6997,-3.343085948410656,0.03257588841663106
train:6998,-0.5366394649439605,0.25709447257872436
train:6999,0.17454559986005955,-0.38681672024029146
train:7000,-33.55817678082069,-18.760021516594787
train:7001,0.6093877955281852,-0.1635278009300466
train:7002,-11.047839469951862,-3.9162438401812776
train:7003,4.031071740219129,6.091304415503165
train:7004,-2.9678541815811035,-3.283968562339203
train:7005,-4.838809670479105,0.2816716489441631
train:7006,1.1979202216542446,0.07639572547894659
train:7007,1.1100396163858774,-0.15500182028083584
train:7008,-5.66711510030137,-0.30895252146931046
train:7009,4.671089482312294,10.284408062502704
train:7010,10.279761472519223,1.8582446141587088
train:7011,0.5893854613293719,0.7121938336981122
train:7012,6.4408596185612055,4.6567192935888215
train:7013,0.09835834145100082,-0.3693040358559549
train:7014,4.240289967900361,0.334146146706315
train:7015,0.2962170323059239,0.25647004621332725
train:7016,1.9212623875068724,0.6435800115043508
train:7017,1.7171766053121256,-0.37266997500724125
train:7018,-0.7831400425712487,1.292889239717584
train:7019,-12.878764255129328,-3.8221824323550275
train:7020,21.42807558374132,11.800578619086636
train:7021,-18.067633865354082,-5.4292926929206535
train:7022,5.752308547693872,9.617168617379448
train:7023,-20.433489693329502,-5.4679372237783745
train:7024,0.04067150455049855,-0.0013361553907536156
train:7025,4.069958516939392,0.3003313975713545
train:7026,24.303106081494974,13.926786201127255
train:7027,4.505260747464973,3.223955094253397
train:7028,1.9924150653485913,-0.521416588172702
train:7029,0.520019922438697,-0.3343101951262932
train:7030,-0.7261914930417812,0.26977659060584586
train:7031,-32.86352833031159,-13.627473609974796
train:7032,-1.1771367683867626,-0.3771128606132645
train:7033,1.8531493336146658,0.048512812824044085
train:7034,-0.17060002676686398,-0.02981810078687218
train:7035,0.29395474871180843,0.7185246924637574
train:7036,-4.188563533356688,-1.9688050898026725
train:7037,6.828453514607266,11.73699640799659
train:7038,6.086790849924036,1.6218174188813477
train:7039,3.969520285074467,0.5962819612332741
train:7040,12.135988872231447,3.600605882258816
train:7041,-0.5963493859093608,0.0916657105995806
train:7042,3.394799365292876,9.628518711423542
train:7043,15.038910639483284,9.957605244086412
train:7044,-0.5663806371180582,0.19625049307593853
train:7045,-0.10059522771550092,-0.39718994438786753
train:7046,1.4603960269262508,-0.43639613085458245
train:7047,5.8158719289079,7.067112344950958
train:7048,0.2600232842989598,-0.20932891132172832
train:7049,-10.399068977738555,-3.0148081295275384
train:7050,-0.3690822868512583,0.10309804860064276
train:7051,0.5935122924685345,-0.14023043469117352
train:7052,-0.6321342398717247,0.1119020038381506
train:7053,0.28005246742452206,-0.02490614643754857
train:7054,-0.26316513049275414,-0.10031821987573791
train:7055,0.02896049086493116,-0.39573651605552435
train:7056,2.529995667168919,3.151472275227065
train:7057,1.0427650393662535,3.507830133652342
train:7058,0.0643399376562986,0.1451294184183155
train:7059,-1.5026684985343306,-9.129502100062279
train:7060,2.0083247397695585,0.2178520502662679
train:7061,-0.1716588740512039,0.19535016070398936
train:7062,0.2593331157836568,0.01346789952440014
train:7063,-0.4038555987811733,-1.8379641558879127
train:7064,-9.048951518365097,-0.8179757428501082
train:7065,-5.825562356187785,-2.1647133338396416
train:7066,3.79467635475376,-0.11161709868903924
train:7067,-0.5474648127341745,0.37149132290649894
train:7068,-1.2804732895911286,0.4895016288909207
train:7069,16.848802603082905,10.387458242645826
train:7070,-2.26853727223306,-0.3516041091584852
train:7071,1.3059677415555222,-0.6281422814248232
train:7072,-3.24329766978547,-0.06858888646144815
train:7073,0.009189452615166821,-0.07433754646145813
train:7074,0.8764327999705501,0.13696850678191064
train:7075,2.0493719833747077,-0.30785032405120255
train:7076,-1.1898310804285885,0.2658628339441357
train:7077,0.15792960107609175,-0.1654479441023251
train:7078,-17.579445525505648,-7.253405738194816
train:7079,4.131900269469435,7.450090995845013
train:7080,1.8650832747526334,-0.23785451092570875
train:7081,2.5812638671396315,0.6556874917887674
train:7082,1.1381858925736181,2.0192547428695304
train:7083,-1.432069536220888,0.2422694465244997
train:7084,3.2511499360643112,0.1065853207708394
train:7085,-0.9478811053124393,0.19207552447110698
train:7086,29.153278456677345,10.547010092556764
train:7087,6.093121617639011,8.394620257377326
train:7088,-1.523166666159598,-0.3417356902871161
train:7089,3.174663736358291,0.5203968245491042
train:7090,-1.7292057949471675,0.8769373958067961
train:7091,3.2247896365364137,0.10025531797005413
train:7092,0.9041720417796126,-0.14596839513043303
train:7093,2.223164040158282,0.9680842432846195
train:7094,-0.10127354086055115,-0.051601265188339435
train:7095,-0.7272747484413473,-0.12290356601187005
train:7096,-4.909367720142264,-2.627792748353549
train:7097,-1.902739823084064,0.2866757621767507
train:7098,0.07362153027301062,0.19327294797989406
train:7099,6.219022395307989,5.785290130320978
train:7100,-1.5409594847848327,-3.340905062255919
train:7101,1.3156449780971404,0.7137007598342076
train:7102,0.17106384033759128,-0.07948888564997214
train:7103,-1.2193428163195588,-3.1880462869072317
train:7104,0.6698046220021864,-0.3167004300607474
train:7105,-0.5364328095683781,-4.093405740479382
train:7106,2.931807174105166,2.157477375076441
train:7107,0.1391189640459213,0.4679532841827237
train:7108,-8.713146063831429,-4.586670898443312
train:7109,9.516255171916155,16.334613069839
train:7110,-2.407111440702241,-7.3470973692015304
train:7111,0.9384979878261659,-0.4792801130032573
train:7112,0.5426111440591773,-0.14189585698718593
train:7113,-5.732136459598248,-0.5150828761908566
train:7114,8.01261857134959,1.5712241892207475
train:7115,1.0327558524575584,0.0758488352637878
train:7116,7.14179420480315,12.039908676526004
train:7117,0.3983931219749607,-0.2549263020767211
train:7118,-4.923252450832411,-6.916952201303226
train:7119,8.249439587852857,12.999053823365072
train:7120,-12.014391534582796,-2.142528151275577
train:7121,0.26725645490258665,0.28880939725120347
train:7122,-1.8758839225879527,-0.5851124999283219
train:7123,-1.9952200795522628,-3.2097461373956553
train:7124,-4.560292154505669,-1.534143280659571
train:7125,-1.4463192263482285,-4.5978095691669765
train:7126,12.355210010448888,4.668691959407782
train:7127,3.5459637045122507,10.893276410603821
train:7128,-7.6447498598985355,-10.776764816247391
train:7129,-1.3692723373667244,-0.36905823128031423
train:7130,-13.993304814501338,-9.18931692448168
train:7131,-2.9563763235105074,-0.08858836275540782
train:7132,8.790260192625793,6.497179555759975
train:7133,0.5486234439850098,-0.0727180609462677
train:7134,0.5802737956862827,0.24598426268665624
train:7135,9.357417386186121,3.190856645045478
train:7136,-0.13801984210459006,-0.19521904390806472
train:7137,-1.5259366385504198,-3.0211639539349346
train:7138,2.9486006547555648,7.699091744273081
train:7139,-0.3687695142890016,-0.034676985314873454
train:7140,-0.21822920921557876,-0.03981134786699675
train:7141,0.6698634339369697,0.08541830840778894
train:7142,5.756481638022844,5.315612510683474
train:7143,0.011252751955628054,-0.33388948839758487
train:7144,10.412987939171446,2.3051013546627606
train:7145,-0.8392433739391661,0.3826653735110449
train:7146,3.774780021512501,5.516429285210326
train:7147,-0.22558709366509982,0.6088342579232899
train:7148,27.973028461617314,9.782682547862166
train:7149,-3.0089904566922687,0.12832782684145488
train:7150,5.335877277111806,0.23247834981215393
train:7151,0.9060709931442169,-0.011133243857119654
train:7152,1.2757416614922628,3.0985562422579442
train:7153,1.7930091324465627,6.904645078726734
train:7154,8.88763601963366,4.984452831129593
train:7155,1.3612421268387074,-0.49838753125224816
train:7156,1.8781367347756457,2.5810256217984393
train:7157,7.067401059092343,2.765157073308586
train:7158,0.5505896920101665,-0.04720217645098812
train:7159,1.8823693344141224,0.18040487158692947
train:7160,-4.548824524597644,0.13730846749215542
train:7161,0.7050964320369795,0.28113438833367976
train:7162,0.029982144830831017,0.14706917745196985
train:7163,10.598603054512388,2.210297539981238
train:7164,-7.709125450203999,-2.476893561891107
train:7165,-19.310509970003448,-14.665714475027224
train:7166,-0.1889835217805746,-0.186579219932469
train:7167,0.7079775194666411,-0.17444491941577134
train:7168,1.419777436316123,-0.09209403817009529
train:7169,0.7638714059600932,0.42277503088752905
train:7170,-3.5395201351693255,-1.1931681093948334
train:7171,3.543017528775319,0.716376933969114
train:7172,-8.944150045330673,-3.5772438078310764
train:7173,-2.189833188456812,-1.8556344091369013
train:7174,-0.8699924850429889,-0.08500614981615207
train:7175,0.11140540887240652,0.012590963525292001
train:7176,-1.5925861353620108,-0.23466261796262994
train:7177,-8.43134716733862,-1.5793828781030683
train:7178,0.9584444158181991,-0.31760361564889666
train:7179,2.583179787955774,-0.32281615632490335
train:7180,-0.07638237741103479,-0.18075009923561552
train:7181,-3.217462260964057,0.010482151431780301
train:7182,2.981844740151993,5.379570775668695
train:7183,0.5137914363494317,0.19677762476891147
train:7184,-4.191795632729128,-1.7840484986230782
train:7185,6.118290801143867,8.884291504215579
train:7186,-8.243109923047655,-4.177552222010202
train:7187,7.617834277016107,1.8459740725684552
train:7188,-2.1573680706234617,-2.21296806750262
train:7189,1.664514585732873,6.129915849052964
train:7190,-2.7745200579144114,-0.2207771560031061
train:7191,2.622317852033748,8.261711169699906
train:7192,-0.7655555065292782,-3.887821812325362
train:7193,-6.297267082220075,-7.561311705717686
train:7194,-1.21216311111119,-0.4434616927917597
train:7195,-1.504761320071304,1.6922576204300108
train:7196,2.0554635515604653,2.933512807126627
train:7197,2.301024300522422,3.9562986559878435
train:7198,-0.8628278896202358,0.2261721713666397
train:7199,2.0230395788356397,4.651810620438128
train:7200,-7.914038318817555,-2.348392407921259
train:7201,-4.772414018065867,-0.15107451084217507
train:7202,16.63951765988672,5.144955943321652
train:7203,-6.211055294658464,-0.37019038746852345
train:7204,1.0801445568567343,-0.17234752018706012
train:7205,-0.9982820035887779,0.14317097081855035
train:7206,-1.4422932820853345,-3.852682457569494
train:7207,-8.590283515362522,-7.728850278416012
train:7208,3.3419365017940468,3.011163371334624
train:7209,16.57911757040602,20.91840418726209
train:7210,-4.238630854058267,-0.396073338227949
train:7211,1.0517363002322315,0.3699990908338341
train:7212,-16.540961583011676,-2.8650970222908283
train:7213,-0.0018011729838650348,0.14233462181988898
train:7214,2.2839218828707306,-0.18216985961679727
train:7215,-1.5703222149438028,-0.05788133670562251
train:7216,-5.396542542063208,-3.5971646780187223
train:7217,-5.602088626923206,-3.9185603664141584
train:7218,-3.608194808169977,-0.7469427856358692
train:7219,-0.3279716983756411,-0.2684077486223074
train:7220,3.7699620920250743,10.821334276047413
train:7221,-2.6124910854622208,-2.2279026570589293
train:7222,-0.4086200628733424,0.0052005629237306256
train:7223,-0.7077138524407692,-0.05307866053676366
train:7224,-0.9596348913142126,0.12341886836914141
train:7225,-2.18025451420906,0.0052322336235520045
train:7226,5.812142368901325,0.03411619718226804
train:7227,-0.6788960043969456,0.15366353073369662
train:7228,0.21849787409361598,0.6320350427937889
train:7229,-0.18662732505739804,0.7534579023491665
train:7230,-1.230560088702835,-0.6694353102203088
train:7231,0.7573404917002623,-0.1451809074591988
train:7232,2.89696819272238,0.4207081610721592
train:7233,-3.395926031001941,-0.5565485245664499
train:7234,4.79165673811697,-0.12121317807410653
train:7235,-0.0801826047226459,-0.008139506759139464
train:7236,-0.5436580765918364,-0.03638306594173765
train:7237,0.2618764413902348,0.046261910563766204
train:7238,-1.027048245903266,-1.9452773263556393
train:7239,-19.26071369561,-5.444071782194056
train:7240,0.937245967744178,-0.09291127062021581
train:7241,0.8451646096162486,0.5503478196362617
train:7242,1.2006553253090293,-0.46229933944902885
train:7243,13.15967731264997,3.5678212868329107
train:7244,5.404643073742635,1.4739654673206382
train:7245,-0.47304167991037493,-0.43927502600050766
train:7246,-0.02474503375480505,0.054722909214019136
train:7247,2.3638354468710006,-0.27222706382779344
train:7248,5.425139381701981,3.444475609215067
train:7249,-4.286029554161774,-4.823429922764748
train:7250,4.4209286172340265,0.4939554993793144
train:7251,-8.100728321061416,-0.6556842347438108
train:7252,15.223841397764929,6.546140175110864
train:7253,1.2292937155913797,1.9661884880674727
train:7254,6.6057213271290856,3.91251947725638
train:7255,0.5396159196335528,-0.170757993441971
train:7256,2.128406855226832,-0.11352147784181205
train:7257,0.028084588215668213,-0.537095439174814
train:7258,0.056778652246558564,0.1474935220313333
train:7259,-18.383844020067613,-7.231321844805856
train:7260,-8.725717405464161,-1.2997704010462992
train:7261,1.038932732817488,0.5845345568333133
train:7262,2.060675846452477,2.605158409740709
train:7263,-0.33074655238950834,0.07307914696792236
train:7264,-8.49886791763467,-5.355090811133747
train:7265,0.713194114836097,0.08058096566209859
train:7266,-9.505687328474712,-2.5566058601253134
train:7267,0.6028499075211469,-0.2800631367998142
train:7268,3.602648181480794,2.1204417728339706
train:7269,6.399132899519805,9.077258510332651
train:7270,6.084392345801134,0.18571399363131036
train:7271,-11.601130994397744,-7.320556181464736
train:7272,0.722426426305876,-0.3105882703168416
train:7273,-1.6244635987640081,-4.434720301811124
train:7274,0.28590774180906553,-0.28895061994158067
train:7275,12.8015577267182,3.862139953489169
train:7276,-1.5759249234503145,-0.43871094515774306
train:7277,0.1880370112077036,-0.16372724074243528
train:7278,35.66406741190024,10.891045195535325
train:7279,-2.4307608122323403,-1.7902459695313677
train:7280,1.4551194573308104,2.931982627278501
train:7281,-11.516945777774636,-14.51404434954751
train:7282,-9.196400709988792,-6.19268038819893
train:7283,-7.184312384771176,-5.376855144308293
train:7284,-13.935493379984061,-5.457625700431126
train:7285,0.2329479432240521,0.07460390570526867
train:7286,6.356898026765217,0.9312222592479267
train:7287,1.6048046647674727,-0.23603102045220947
train:7288,0.23968899973306912,-0.24860328965562617
train:7289,1.7080502947999006,0.4387046795936318
train:7290,0.2555951872804328,0.14476570468320468
train:7291,0.09024787344866957,0.40558490259461655
train:7292,-20.58656251470133,-9.494043267871131
train:7293,1.4100978751921027,5.053712942457885
train:7294,5.464536869176073,0.30699807988375444
train:7295,8.77590636120682,2.27910684314991
train:7296,-2.1990399295201635,-0.246483778001364
train:7297,-9.842610442227503,-3.6269300000616567
train:7298,-4.19398957360061,-3.0057055138842825
train:7299,-1.1435226094718556,-3.8708020923700017
train:7300,1.806218804407023,-0.09916566319169778
train:7301,0.06487296440119243,0.24644919426646644
train:7302,-5.575871521671303,-5.79830827437454
train:7303,2.0627852887536275,0.34610369047941497
train:7304,-0.9617395682214384,2.8089433850805503
train:7305,0.07822187884756308,0.912236530669871
train:7306,-3.3718019797452503,0.1945944863933865
train:7307,3.5849051089189725,-0.3009466821333823
train:7308,0.11285118289764295,-0.15527958087791793
train:7309,-4.268041005698249,-0.2774622875725911
train:7310,0.8592492543930114,0.1399576074035656
train:7311,24.096166177026433,8.798049620707388
train:7312,-4.502689932404619,-0.8702012974987992
train:7313,25.852317514812043,10.07685598581384
train:7314,1.9378436337839227,0.824804000041369
train:7315,-11.229188511667733,-6.26396571238607
train:7316,-1.1092756992269872,-5.2258543833491276
train:7317,-0.11037369982074785,-0.13201545460777628
train:7318,7.222414906770262,5.6319600036560304
train:7319,-2.3405976995029563,-0.1648573996793044
train:7320,2.273051670640148,0.5386429281576827
train:7321,-5.3818163125433545,-1.0939898862960906
train:7322,0.7321076146375781,-0.1791629977242965
train:7323,-16.843168453332535,-4.448080201346586
train:7324,0.8124788889129011,-0.4712096483203963
train:7325,2.000470440747983,-0.020621614330632254
train:7326,1.3993487737046908,-0.20158028942624134
train:7327,14.053324894140658,21.231691891181633
train:7328,-2.52471903819205,-0.16562883800941297
train:7329,2.5475281325650734,1.8423547678185979
train:7330,1.3832333737411018,-0.2729014214766928
train:7331,-8.110815149022354,-5.868258864023263
train:7332,0.0850003611332604,0.027753881708016376
train:7333,-5.580052050663963,-2.7973824981781434
train:7334,-6.015584879763872,0.0006412660967423656
train:7335,5.652715998906976,0.010247331738510085
train:7336,-0.6531507893727498,0.31580467434624737
train:7337,0.44417135568568283,-0.02418984651050743
train:7338,3.1592075879640515,1.5849689876216053
train:7339,-1.48855758597642,-0.6466396820502274
train:7340,-2.1387569989925463,0.781984928561247
train:7341,-0.46838228694279893,-0.2162054476856473
train:7342,2.1254004728056755,0.9396135680924915
train:7343,1.263758206749122,-0.18018744500095107
train:7344,0.520520637488196,-0.14197160987729923
train:7345,-0.12464221906554851,0.01017985317537716
train:7346,-2.4661502547280385,0.1218708559197641
train:7347,4.295657336479646,10.272301295522338
train:7348,5.316607883744502,12.034398545400323
train:7349,-2.477380312314528,0.44909866088906375
train:7350,-9.032454421971018,-2.811273381248448
train:7351,0.41089925907130403,-0.29486440982917284
train:7352,0.978186280558812,-0.15319830232073742
train:7353,1.847094958747348,3.8085414312049783
train:7354,-5.804520701196813,-1.9044953085815959
train:7355,0.552259323320764,-0.11808847835254066
train:7356,-0.8553487781984244,0.028322313705486088
train:7357,-0.20422301909490054,0.22543975076806785
train:7358,-6.06422909111864,-13.85569096095792
train:7359,0.658702997593435,0.04591888264610629
train:7360,-7.997440616087502,-0.9160099689134111
train:7361,0.31044022219387574,-0.4872314559097631
train:7362,-0.37867816300878865,-0.2880444384764213
train:7363,-9.764417069205084,-5.443038917929612
train:7364,-0.5103414642244497,0.1803870389856787
train:7365,-0.40952874213448065,-0.5057222941379071
train:7366,-1.5926742370350655,-0.1299762609895476
train:7367,0.1770340653219385,0.023381327881326228
train:7368,0.06901141845236765,0.047048613600545415
train:7369,-2.299026727482523,-1.6934066704126767
train:7370,-23.24228818927105,-8.367648864456429
train:7371,7.843713484150795,4.688687869181492
train:7372,1.9835216779930973,-0.14833499530762595
train:7373,12.02550797947123,2.8339218663045367
train:7374,1.0048325037222177,-0.2876130321869625
train:7375,-1.0643366397635683,0.12347464874585384
train:7376,4.185658562109708,0.12327606489832521
train:7377,-20.94362023139164,-7.959585878017364
train:7378,-1.411060425383551,-6.516667082225699
train:7379,-1.272284715620073,-0.29673390841389913
train:7380,13.158102175614035,15.863016376985293
train:7381,-0.8295603259415419,0.2095393475280164
train:7382,1.806928266956267,-0.1896992118473047
train:7383,-3.844753611778242,-0.15744645592110215
train:7384,6.737941714517507,7.028433575498837
train:7385,-0.6148546890409625,0.9976583998421458
train:7386,0.65692411090992,-0.1198002654118051
train:7387,0.7202480601364908,0.817812907047015
train:7388,-3.2455678569597537,-0.2122789942118466
train:7389,0.09399742486390611,0.09958816469206012
train:7390,-2.0196207561148514,-3.8473905974831237
train:7391,-7.853072890896564,-0.15257088007833014
train:7392,0.9950264853155012,-0.3080332152096305
train:7393,-1.4590869951939736,-3.1861317788369483
train:7394,-7.827139849614246,-5.1849295621042675
train:7395,-6.779276217126178,-8.454438565475044
train:7396,3.717166641415918,9.721313291256937
train:7397,7.815621835649514,0.3735369362611779
train:7398,1.0464508972236617,-0.15446498765278252
train:7399,2.5014377074376952,-0.1384202116730048
train:7400,0.2635459564717121,0.3853832759328781
train:7401,0.776431822055535,-0.22657474866094823
train:7402,1.228555893136825,5.153378637544419
train:7403,6.558273345878646,8.970488877551048
train:7404,1.7969830060636407,-0.05570875523003804
train:7405,24.87961553497705,11.183414259562038
train:7406,0.8646769218446144,-4.085480932483538
train:7407,-10.552469100312656,-14.67138552754659
train:7408,4.047242697702138,0.1307657574236509
train:7409,1.5067107742554704,-0.2259625911252116
train:7410,0.8305009113630226,-0.3010489699341568
train:7411,3.0558189961138695,-0.26999599142010644
train:7412,-15.110659048413336,-4.335408120211786
train:7413,-14.61787175473979,-3.4923512102639247
train:7414,-0.48081275888194086,0.2639129459929709
train:7415,-3.2005862576383692,-0.6993104810869479
train:7416,-0.1486299335643323,-1.0065917369228001
train:7417,-1.1577246456599446,0.2744852533009106
train:7418,-3.246271275594751,-0.6668718381253074
train:7419,0.27750205184161647,0.21027668992453347
train:7420,0.8510060527354972,-0.05278092742628074
train:7421,-6.9111256011631585,-0.18596178394676216
train:7422,-2.303230734757449,-0.18419079265134514
train:7423,-2.021523194353059,-2.552455857162233
train:7424,2.3396444476411182,0.23512570646343905
train:7425,3.670180322230615,2.500053913933498
train:7426,1.1440631342618652,-0.038917720553117874
train:7427,0.05343485668967883,0.3085011541779798
train:7428,-12.84526981220815,-2.724916798449012
train:7429,-0.642441670702661,0.42243678210700436
train:7430,9.509260968383506,3.7291127426610644
train:7431,-20.854969956889803,-11.057630853841685
train:7432,1.0008056296263628,0.017837600134890164
train:7433,-5.942228962721061,0.3367254541512271
train:7434,3.654194866423326,-0.06685883881850291
train:7435,-23.71026753954509,-11.95781143468899
train:7436,2.8292240500574506,-0.010828235045326387
train:7437,8.01236844628308,0.44321661303169796
train:7438,-2.9346628642052117,0.008925579333802613
train:7439,-4.961584349733197,-0.36651087985684344
train:7440,8.794950270081081,1.6108707696079516
train:7441,-4.438619792226844,-8.544144253450185
train:7442,1.4886073914212612,-0.49408373993598104
train:7443,-2.1630479552657365,-0.30943813886657157
train:7444,0.1577563034579852,0.3399682770234782
train:7445,0.9477984095603382,-0.06557589015411713
train:7446,5.9936262363965405,6.769875123443593
train:7447,4.566186657485122,11.103711376941293
train:7448,0.5151378344769612,3.1278273872550173
train:7449,4.122428061095718,0.17325242921645845
train:7450,-10.337095610887838,-16.37654741879434
train:7451,0.09749940825327613,-1.6703652376669547
train:7452,0.864460038306461,-0.23721282260230087
train:7453,-22.189384397217875,-5.173910441139388
train:7454,-3.550908729275666,-7.526338122823045
train:7455,-0.3491553853514062,-0.036018995554601835
train:7456,-0.15389720483016273,0.027332033692828023
train:7457,-5.91481516244835,-0.10198478345823037
train:7458,-2.0125354289520234,0.12978275311230314
train:7459,0.30463852943370995,-0.19180474274218623
train:7460,4.224218735002419,0.031175244583990153
train:7461,1.6400190662082625,0.17330036324862053
train:7462,-0.2107524223761697,0.22303135097354312
train:7463,-7.225371948663058,-0.45726355551661985
train:7464,0.49517594801195136,-0.20444292123982583
train:7465,0.9317232248723126,0.5120360451178807
train:7466,-2.8576410807136545,-7.786935483174897
train:7467,-0.9101817252833743,-0.17041653479322116
train:7468,-13.009816772318732,-5.0176917183934355
train:7469,0.213869165613753,-0.014344396029549289
train:7470,6.674669371020271,12.321620407402014
train:7471,1.0789799410730805,-0.28966592124295176
train:7472,-2.9488079481244394,-0.5139139135136659
train:7473,1.3192099576696181,0.8214534682575634
train:7474,5.668606379294003,8.210858868008335
train:7475,0.03510738411186855,0.06362758298339136
train:7476,-1.3294043544143648,-0.28831520869381305
train:7477,-1.0099051480595307,-0.2556097900174608
train:7478,0.9730215233769319,0.8053730270752841
train:7479,-9.473446300384962,-5.341460997345755
train:7480,0.5006240717886965,-0.13855317154793056
train:7481,-6.445304393191603,-0.2641361986491016
train:7482,-0.4040280827954389,-0.3677597325876377
train:7483,-0.5152330829740357,0.15503264652732615
train:7484,-3.7376349950050045,-3.473276318679615
train:7485,0.784117588852929,-1.1135970453625332
train:7486,-0.491603935310838,0.32084231286918646
train:7487,5.2123591964053935,1.1418416860127356
train:7488,0.9649161694558862,-0.23501227960795512
train:7489,3.655591010614269,4.105759821485423
train:7490,0.047714524313600654,-0.868333724835008
train:7491,-3.8048298388482227,-5.215651282217483
train:7492,1.4237189982378062,0.11656679833413845
train:7493,-4.087404680946986,0.09413502655997799
train:7494,0.9361945591235261,-0.34418189519629244
train:7495,0.2511092081600834,0.1954354005379681
train:7496,3.3834507540038588,0.4891242910484543
train:7497,1.5714403984608345,-0.005225017741117735
train:7498,-3.178843973511283,-0.555955483579254
train:7499,-1.1926633516277976,0.4109662823392656
train:7500,-8.29129758641857,-12.866592750449948
train:7501,-12.462186070939424,-1.0203316848561177
train:7502,6.806223998008615,8.553951838997614
train:7503,-25.19962004616476,-10.579576762083857
train:7504,15.995087627935368,3.096709640733224
train:7505,-0.048244004803462665,-0.014944570057245393
train:7506,-0.46807009552614287,0.10232247310704402
train:7507,-0.11711615107920637,0.22208408319510192
train:7508,11.080847902074105,1.505695514038978
train:7509,-1.916667558548658,0.2157642093118271
train:7510,0.6410753405478982,-0.029769310789850054
train:7511,-0.5042285098805889,-0.049373402648877546
train:7512,1.4214688024721838,-0.2207119600129333
train:7513,-3.1828808433114686,-0.3359345311090238
train:7514,3.5315350215399177,1.4141857374604987
train:7515,0.32335699677162116,-0.07866159561274616
train:7516,-0.2983269963712474,-0.40366203735541895
train:7517,-1.2015639451887394,0.27185758384140635
train:7518,-0.010660156519802094,0.1385661651931701
train:7519,-6.425422704819479,-6.112295016263115
train:7520,-3.5841846614510087,-9.697550625274701
train:7521,0.6247714169514662,-0.026783776688445227
train:7522,-3.1312541927342905,-0.015584403790123214
train:7523,-0.5704042567985498,-0.5443351899610087
train:7524,22.88385554147109,9.581870909124474
train:7525,-8.370636513648943,-15.617346532968126
train:7526,0.7828272131612999,0.09609390214217317
train:7527,-1.1932021898286975,0.3675626581901431
train:7528,22.75286253359119,8.080649493499473
train:7529,-2.4354955216697576,-8.329525901520093
train:7530,-11.993275028038463,-7.529488644151222
train:7531,-12.004624569160441,-7.027804786467206
train:7532,4.869850111139389,1.3720542910846065
train:7533,-7.844081406163684,-5.939519650551081
train:7534,0.1074311865679681,0.19294646871619486
train:7535,20.081855984140383,7.163476868893949
train:7536,3.5059058031776065,-0.21140676601946867
train:7537,8.55236800855145,0.5612628695402413
train:7538,1.1743877766189912,-0.409688743274131
train:7539,-1.6015838964673774,-0.08778575303831293
train:7540,-24.120113733097345,-10.560763795746718
train:7541,-0.9059179762407042,0.04058129977012918
train:7542,-6.310647378528879,-0.04437792039529531
train:7543,-2.0009910878247155,-0.14603173653007578
train:7544,-5.299184846798078,-3.2280780514814524
train:7545,-1.3632209844565297,-0.25767081073962045
train:7546,-6.643660079764181,-0.7718509350805223
train:7547,1.2550284699947643,0.5072947844277295
train:7548,-0.3472878158492357,0.1602700101842739
train:7549,12.873908029413688,3.659466876502516
train:7550,8.240731702173083,0.37565102680465984
train:7551,-3.1020109461108087,-0.23024797919698797
train:7552,5.018920931447069,0.15132745996984504
train:7553,0.3749617962742159,0.06765026117354128
train:7554,7.035526385189229,0.6455036498664746
train:7555,2.1040191963256976,-0.18471178992948778
train:7556,-6.573986766163415,-13.725022789284077
train:7557,3.5109438706185503,0.324902867504393
train:7558,1.468157110193486,1.3731897284714458
train:7559,35.38440341188589,10.140395969304121
train:7560,-2.29868919811768,-6.159848429384103
train:7561,0.99230370194745,-0.5438669771825684
train:7562,-6.253049340676153,-1.4403077048955604
train:7563,6.879229368025128,0.4185721007639363
train:7564,1.557171879216034,1.792666435675867
train:7565,2.143468754445607,5.956866574585719
train:7566,1.3589961153214096,-0.4913403725595617
train:7567,16.757148968117036,10.641322583408625
train:7568,-4.607697363439903,-4.844673258661151
train:7569,-11.277988005126987,-2.327647528895017
train:7570,15.426959688763754,6.801231969482957
train:7571,4.7406851548608175,0.604214187591239
train:7572,15.563544712071113,10.900309017893887
train:7573,4.613034896475717,7.819600183701521
train:7574,2.9673867674413885,-0.01004516985920234
train:7575,0.9512315853105942,-0.25505312753681664
train:7576,2.7715325639921433,0.2496789636746019
train:7577,-8.781736122032628,-4.30974829095921
train:7578,20.450912265359445,8.829157095650862
train:7579,10.3694550196033,2.2823629334774918
train:7580,-9.735363508505648,-1.860987613371574
train:7581,-0.12082792803040227,-0.1312891684240347
train:7582,-1.1738042470545347,0.22650899353906434
train:7583,-10.844131664855762,-1.7650620567409725
train:7584,-1.587655696086303,-0.8046866030764102
train:7585,3.9262477187354023,-0.10698233429355769
train:7586,0.6042158321408573,0.10371712518566467
train:7587,30.20263586581726,9.455916250613237
train:7588,7.215875856472023,0.5593108416769264
train:7589,7.591540460544921,2.732845541128661
train:7590,-0.5009408529887296,0.23142501372147312
train:7591,1.6085981507901166,0.36196329272780464
train:7592,7.182051322849689,0.25302535829491746
train:7593,-1.3370145722836773,-5.760761090467388
train:7594,1.6372514183998428,-0.10293319252315161
train:7595,-1.3038539393954989,0.0408738970914519
train:7596,-2.7749938078080416,0.1655748524043546
train:7597,2.680262252664447,1.1671120512539945
train:7598,10.14291423631686,8.532784398652135
train:7599,-6.861491117704925,-2.01703870966577
train:7600,8.10411692421097,12.065641262791683
train:7601,0.7362013204775052,0.8893858354271273
train:7602,7.091683646868884,2.013679843736108
train:7603,-0.7905219864486356,-0.23821772534798452
train:7604,13.138923440960427,13.873031607916918
train:7605,-7.991376245515854,-10.880802209195755
train:7606,5.075507775954708,9.14164475774789
train:7607,-0.8843249303038584,0.10454370191884062
train:7608,-11.343541228877557,-4.4822146533567695
train:7609,10.382528471034975,2.5720556807084893
train:7610,0.9197806827794559,0.5663016493496604
train:7611,2.941141069825934,0.2229481797213095
train:7612,-3.1272382441757274,-0.9516115446936992
train:7613,-0.6363587034717925,-0.10987920470154366
train:7614,1.563812746223503,4.0025156226406935
train:7615,4.656873266171551,0.438387829934608
train:7616,-5.3362577518696686,-3.2194910120055593
train:7617,-0.25765005874281693,-0.30589130580819734
train:7618,-1.8267713078790808,0.8498358364082976
train:7619,-25.521500322274477,-9.376555243112144
train:7620,-24.687122153383914,-9.469736148419035
train:7621,-2.9145529018411627,0.0870041259718179
train:7622,1.8439144651042443,0.21410905859413512
train:7623,9.807331941693832,0.6403672900630111
train:7624,-8.752777404295212,-0.5237686369472743
train:7625,3.969573982927965,-0.09537473748740294
train:7626,-0.07730151729298429,-0.2404412367327412
train:7627,-12.402966869319194,-9.080225914999657
train:7628,0.20224532376827944,0.6196787620567215
train:7629,-3.735060752452473,-0.15214332563074154
train:7630,1.3216670412690634,-0.11665131335253817
train:7631,0.6292311282906673,6.029839290833612
train:7632,-0.3947715956686739,0.04311195987882922
train:7633,-4.693726903741157,-1.5433518932846615
train:7634,10.737672591491542,2.497634671917413
train:7635,-5.650578021089967,-0.5114013713278365
train:7636,0.7135128150834801,-0.33186370489549677
train:7637,5.389656490993702,0.9047653840498462
train:7638,-1.5661681861905308,0.23181868622668522
train:7639,-0.046002409992729504,0.6590139138956821
train:7640,-13.577282670422113,-3.8360927172954926
train:7641,0.20530040619076836,0.055881956964914534
train:7642,1.9690404594584674,0.11731227239682587
train:7643,0.10769177225528864,-0.017599487731460847
train:7644,-2.95619314641719,-3.3582517607878133
train:7645,2.653981221396475,-0.32731953011436915
train:7646,-0.8932555109777925,0.08646886261267463
train:7647,-10.07664381951369,-13.36079262204104
train:7648,-0.044702735971490354,-0.004444163797548778
train:7649,0.4258713131802221,0.08404819398848937
train:7650,0.731963490528623,-0.3174645213591406
train:7651,-1.4949743632402877,0.022606608352587543
train:7652,-2.8965792307050133,-1.0709062259506068
train:7653,2.110054742075555,3.374162661108929
train:7654,0.21036904189030498,0.16863813664721278
train:7655,-16.61530358790963,-7.953993574265121
train:7656,-0.22720581662108247,0.23865106906990735
train:7657,-3.769098217822876,-0.0014383005307180702
train:7658,-5.464377110983595,-1.3340978731324218
train:7659,-2.0024890487248883,-0.31393937274388733
train:7660,13.697308590366672,2.4211131253598053
train:7661,0.12655552599335626,0.06983475482676128
train:7662,4.397742767434986,-0.050632883610017304
train:7663,1.9591026372295288,-0.03615423800248771
train:7664,-1.7450910612529085,-0.6752742745130527
train:7665,-2.791495088450446,-0.07107574970147629
train:7666,-30.360356630321466,-13.963234385972997
train:7667,31.343535329967725,20.726282303783496
train:7668,2.601109524484516,3.554956134986551
train:7669,11.481488749312451,2.9616794721326323
train:7670,-2.1553663727166668,0.06304566953937606
train:7671,-1.0153093372288686,0.0666568426230631
train:7672,2.866848346074915,7.296847036309309
train:7673,0.8502373133349896,-0.04124294909540899
train:7674,-0.3803784788070992,5.099754721636047
train:7675,8.349504491783941,0.9411042308962463
train:7676,0.16579343088551748,0.2469725454479742
train:7677,3.5904148341293842,0.08632934034048856
train:7678,1.3096817268600005,0.6476856469555194
train:7679,0.6928930717985621,0.8867727173702438
train:7680,-1.3604747228062135,-8.164685900703844
train:7681,20.641622865326674,7.305431222569002
train:7682,-0.48866961494415906,-3.6768644221016484
train:7683,-0.5188705895174717,0.2844472576636438
train:7684,3.5890200846878826,-0.011952402228175271
train:7685,7.087859708816768,2.241892914894932
train:7686,-3.1307995044163612,-12.828821874392705
train:7687,31.892255795577327,11.423442784327197
train:7688,6.3015748252515795,3.6861875315382977
train:7689,-0.980423166823312,0.3257387171902194
train:7690,-0.16877313745673728,-0.24135027141410076
train:7691,1.7432105334707124,0.6001544175904876
train:7692,-1.5834993427506285,0.2001384281310376
train:7693,-2.777959974953635,-4.840139498119155
train:7694,7.739119828783156,10.229202894176224
train:7695,-1.3066936492583956,0.3799522502263469
train:7696,0.5346293416928246,-0.020090345474169158
train:7697,-0.9162158762837903,-0.07758793035663947
train:7698,3.4462370273207306,9.528397072388229
train:7699,-5.369484867814559,-3.049819945519261
train:7700,-0.941238378639048,0.2995299291407397
train:7701,-5.419143062013298,-0.20698927403762657
train:7702,-26.822245511084702,-16.744218564774727
train:7703,18.579787081946062,6.933852882324164
train:7704,0.9353949027770653,-0.12092043809197381
train:7705,2.124084991624099,2.391758666449689
train:7706,4.886892089648615,0.8739760427126873
train:7707,-0.17791176825569538,-0.7110510377680284
train:7708,-1.729075385874387,-1.1359712534998563
train:7709,0.4682603057480956,-1.291649577097506
train:7710,0.30663697292514136,0.17482355271705677
train:7711,12.430775675523517,20.22511373694522
train:7712,0.16671733616139212,0.23410411240298462
train:7713,-1.0728764581356418,0.3467961660511851
train:7714,-8.532009024030668,-3.8309666290703497
train:7715,0.19283866861831278,0.34119901183140167
train:7716,1.4190535613559838,-0.4849137883904023
train:7717,-2.004563041144401,0.08073204345989515
train:7718,0.929629008585898,1.2318262758714387
train:7719,1.6914353420780142,-0.051220646147242865
train:7720,2.3010793931253612,3.086929100920819
train:7721,-3.5164189001697364,-0.9780851112065505
train:7722,-0.7474860625981457,-0.4358082256565468
train:7723,-10.582413440988732,-5.4247275470004555
train:7724,-1.0115511848587428,-0.07588341899868534
train:7725,-3.3835392612119657,-0.21994843935778008
train:7726,0.8833554063652026,-0.3303071327975191
train:7727,10.310471995555163,4.023634272989152
train:7728,0.17858990832393343,-0.04505384731310472
train:7729,-0.7382102814374399,0.054152479965209326
train:7730,3.032660111470698,0.4854135407193829
train:7731,2.9623696212420674,4.152523464362216
train:7732,-0.30178295302904784,0.23196434291370158
train:7733,0.9417870394674667,6.022064276688274
train:7734,-0.2619405404831158,0.04970645582136599
train:7735,0.9343762707682887,0.7363958121332346
train:7736,0.28000562708911164,1.7240635626992737
train:7737,7.393506031260369,0.49928202604251604
train:7738,18.31065622971393,10.978818114856502
train:7739,-1.1406422194169146,0.2855571587654921
train:7740,-1.074902564157663,0.30751287141666184
train:7741,3.854349547317201,-0.19883578076334202
train:7742,-0.25282806123618584,0.1591504081473452
train:7743,-17.12374926864643,-18.66602858595734
train:7744,-5.041636923761137,-0.1075499816565724
train:7745,0.3145818144312943,-0.03501587606904319
train:7746,-5.490004237221743,-0.6512453436404677
train:7747,-2.3492767603609397,0.15212093939509955
train:7748,-1.8297832692980034,-2.768167276218593
train:7749,31.24686803567614,9.06412572680672
train:7750,3.855833328264718,0.4904580269612023
train:7751,-0.645380640234145,-0.03426013042803533
train:7752,-1.8293234668987886,-0.5493801041852582
train:7753,-2.3537115986684336,-8.563890221484764
train:7754,-1.9710439576497563,-6.3214933986994515
train:7755,0.33304027722748564,-0.12421119499638691
train:7756,0.36930004337468075,-0.019907454315741202
train:7757,0.1709222732692789,0.03476259331240615
train:7758,-21.131104310984195,-6.28857584339862
train:7759,5.760982029554089,7.623110596863777
train:7760,0.0616712008291056,0.03940499006122303
train:7761,-3.5802728541840776,-6.880314622720673
train:7762,-9.051579226312885,-3.797310376095306
train:7763,9.487043539613348,5.311604883208779
train:7764,0.162240887828893,0.09723076613711261
train:7765,2.9388618167802805,-0.3308481025890626
train:7766,-9.300674037901366,-0.43267995941473086
train:7767,26.056964451198752,10.752621982229545
train:7768,-4.5346473614412615,-7.342640645496937
train:7769,4.597048278377226,8.360984832880543
train:7770,-1.093092421457245,1.4647950877926295
train:7771,6.190722929139923,3.443510651496185
train:7772,17.660855482579834,5.20171154933128
train:7773,-12.07033400484846,-4.685411866159386
train:7774,-0.5156045512419556,-0.08665202758119361
train:7775,3.41383606796169,-0.2942053882173492
train:7776,-5.791855911351499,-0.6620635981848582
train:7777,7.814926320594685,0.7870131514707257
train:7778,-9.865462017077064,-4.47668968550685
train:7779,-0.03385762923085514,-0.057338084341118895
train:7780,-2.3794779673924924,-0.9293969740027732
train:7781,5.812370177976771,11.79447501899133
train:7782,-4.029721563378328,-4.338120672853244
train:7783,7.444037338609488,0.3056380943819653
train:7784,1.789318160507869,-0.08281345316635672
train:7785,-10.198388708763474,-3.709048700839048
train:7786,0.6902751270968637,-0.1820140740122705
train:7787,0.35948123976475044,0.16246213619082922
train:7788,1.4710771343783895,0.24930619097805568
train:7789,3.829476748068664,2.182770280725681
train:7790,1.8245376760299443,0.2844604537885694
train:7791,-4.6513739422005225,-0.10901453753209608
train:7792,9.479811298842682,6.480300499363281
train:7793,1.378321298666374,-0.3569935492388996
train:7794,-4.71407257876082,-4.35642690799324
train:7795,-0.03416075477614147,-0.08755207463152276
train:7796,-3.366818075074285,-0.20221227681456883
train:7797,1.9722720939144263,5.283761487598249
train:7798,8.034194415376657,4.569321857519581
train:7799,-0.9474745358502416,-5.868775296155485
train:7800,-1.5379751858964998,-4.580812389619597
train:7801,-0.704711421809697,-3.3227443411421294
train:7802,13.045363648424507,12.409119417967979
train:7803,1.5899154820212038,1.7982787119415111
train:7804,-3.486183986693347,-0.14942028741974814
train:7805,-21.85053652923581,-11.692770475427064
train:7806,-0.1337363341114987,1.26336244654898
train:7807,-0.06091483856302335,-0.051229633778273276
train:7808,-14.865363534303505,-5.805109771152397
train:7809,-0.8909630078124445,-1.68313280951927
train:7810,-0.8662717584495433,-5.250611169674364
train:7811,7.053852927934078,10.97788796637526
train:7812,-0.9789186970924125,0.3901597738431008
train:7813,-0.976288432103981,-0.01956663764063639
train:7814,31.316142450936635,13.786540353312835
train:7815,1.336416981529422,-0.47593500233023184
train:7816,-2.5937261264762594,-1.3076358621451811
train:7817,-9.934267796525216,-1.007809061614583
train:7818,0.678877699577394,0.6051600287615801
train:7819,-4.9383826927738195,-0.14117427861017456
train:7820,4.678778271066812,5.164051948705843
train:7821,0.480682874107069,-0.24086536732088965
train:7822,4.125667134215365,9.481090747790171
train:7823,0.8446174029186996,0.5949958740310681
train:7824,-2.3746737529412405,-0.1322689628671573
train:7825,-2.2931771483248657,-0.13255143127096958
train:7826,-3.1743208010724935,-0.40918457997156915
train:7827,-1.2223345538715797,-0.0752475797684877
train:7828,-0.05705905373199244,-0.029006646099556888
train:7829,14.578236056950868,3.430260315462809
train:7830,13.026482460318421,3.763216379936287
train:7831,9.972250834988815,3.9628932945911903
train:7832,1.6541106847322324,-0.18848017522580168
train:7833,0.12538277417129373,-0.10560822537157794
train:7834,-1.4700422871404872,0.1198104058408445
train:7835,0.01767057528157709,0.2577648357249435
train:7836,-1.0662718546136518,-1.3549461812459185
train:7837,-1.1825714095855728,0.4011011446665266
train:7838,-13.746938132820434,-7.817601850893831
train:7839,-0.2762688014956608,-1.2315199002704211
train:7840,6.512520915032591,14.422741371324662
train:7841,-7.73494133253323,-0.46243672180906487
train:7842,-2.703462687951195,-10.754158213650568
train:7843,2.0705731047184917,4.0022046220748795
train:7844,1.0810532361178726,-0.6053091334617102
train:7845,9.527496852414657,5.522914074989968
train:7846,0.6120292185121488,0.5095059556524206
train:7847,4.146553972018331,9.02043157391802
train:7848,-1.557403115783655,-0.19494756038662292
train:7849,3.757620651591948,-0.06361573062463188
train:7850,-1.013180949581137,0.2684049069176362
train:7851,-0.13343785773101735,-0.04877486922049651
train:7852,0.038769531228771,-0.07870025669225783
train:7853,0.1601290047162195,-0.44499172997907616
train:7854,0.04923968282788255,-1.3887085738636067
train:7855,33.453973482219865,11.297566874583081
train:7856,-1.1681741084756738,0.26244539424043706
train:7857,-4.909534625158764,-9.650670000533703
train:7858,-0.7337917152067631,-2.017566982645223
train:7859,-3.2732048171431063,-0.06360317647335134
train:7860,1.2246731431499254,4.500469756107907
train:7861,-0.0799461946923114,-0.10615504425633174
train:7862,-12.144335690882686,-20.642010911201986
train:7863,0.031465228403627615,-0.33696796601670875
train:7864,4.297468186171196,3.5412858055285166
train:7865,-1.3895568758692014,0.1393937405520161
train:7866,-4.823079686277851,-0.4819584270503137
train:7867,1.473614532299841,3.546392777205119
train:7868,-0.07509235040676601,0.07905349636936217
train:7869,1.4488858571602594,-0.5021717518984727
train:7870,-0.7479330797941469,0.1055896196474011
train:7871,-6.432587997616953,-4.93478524462319
train:7872,21.96238549812133,14.739176743356182
train:7873,-0.6835330813734576,-1.3368991607977037
train:7874,0.8120795256561512,-0.41557606958146703
train:7875,3.286403158031223,1.4295193493023954
train:7876,-1.7238348473061853,-10.255720745359053
train:7877,0.12110438025948787,0.10422514033009676
train:7878,-3.774495898161487,-10.897341732864636
train:7879,-16.715232736228405,-6.196323945286489
train:7880,1.1209939784994303,0.38861190405453344
train:7881,-0.8144847116865924,-0.1995418091120627
train:7882,3.450372691873023,0.34327123142714683
train:7883,7.997949526556837,0.5476993930289015
train:7884,-3.0996082577395825,0.19813218915992037
train:7885,-6.428136887232641,0.24100575706946473
train:7886,-0.16074658687913634,0.13381070975242332
train:7887,2.4303845217228037,7.870354334755808
train:7888,-1.2249550556139206,0.11083761153469432
train:7889,0.044841572922347805,-0.34446964205007496
train:7890,-8.6051998957229,-7.030858869087819
train:7891,0.20035148648496065,0.4069184245161495
train:7892,-2.602113684700969,-10.19446333482887
train:7893,-4.952886227299513,-0.23374045848674985
train:7894,2.935290793293556,-0.027452784556969312
train:7895,2.0847902506921967,2.7530160677338182
train:7896,0.6903346364063678,-0.22535870791645535
train:7897,0.20729408428827464,0.011731717466624644
train:7898,-11.073798546557088,-1.6598912236571093
train:7899,2.1471341559778727,-0.5178573436238574
train:7900,-0.954351580429805,0.17171839752646173
train:7901,1.3456341832135847,0.3770654374054664
train:7902,-1.2851801040397155,0.3031030117881551
train:7903,0.477910112217364,-0.12673871656726682
train:7904,-2.6786138319014046,0.022499612745082886
train:7905,0.07903989939500372,-0.03415598803673081
train:7906,8.783565395306585,2.8711717450836365
train:7907,0.36713701944915217,-0.2816035882262612
train:7908,1.8154659932041781,0.1596537154850471
train:7909,8.391041989817777,3.611573645332093
train:7910,-1.1534404402921323,0.023334249814024183
train:7911,-1.1421778385520076,0.04573106968973312
train:7912,1.2855253639079152,-0.41100321997752826
train:7913,0.8070098438945335,2.2229692437692288
train:7914,1.1560886639464911,0.007910690331418488
train:7915,4.309066922526722,4.5682598904498946
train:7916,-0.7307114110652071,-0.3709416392940161
train:7917,0.46376828271349974,0.11211471110586985
train:7918,-5.59513487112436,0.014698919653943668
train:7919,-0.5680415512446462,0.17500915443087484
train:7920,-23.4679084379261,-8.315463540156161
train:7921,-6.9842253492252135,-1.447587543369367
train:7922,-7.871970815995949,-5.165050063551523
train:7923,13.957641363121812,15.978338810648388
train:7924,-9.432059435290808,-0.9681262453816375
train:7925,-4.44121681568692,-0.5697616261284144
train:7926,2.1831093932390018,0.22720617691756465
train:7927,-0.006434995545013533,-0.07907459865771413
train:7928,-2.1819588980265747,-0.04072152383483632
train:7929,0.18654881355362152,-0.06710164751713346
train:7930,14.520625466353167,3.0323559199826655
train:7931,-15.369637984377258,-9.526535693958145
train:7932,-6.318551423613868,-7.34938678988051
train:7933,10.673142183998072,5.508021998355041
train:7934,1.0291388022392645,-0.33108106769180273
train:7935,-0.7594018719933735,0.1282062798313296
train:7936,2.252971462930851,0.19882152619387033
train:7937,-6.755695653235192,-13.92373446089848
train:7938,-0.4151913086378566,0.20640080970787994
train:7939,0.22583239648999193,0.12113615274823214
train:7940,2.7854847075719635,4.288670381783537
train:7941,-3.220590683961345,-3.674906830466743
train:7942,-1.1350864674749337,0.13798368110591477
train:7943,-0.15497976285500814,-0.14653490120696766
train:7944,27.39847909601703,15.959241663977718
train:7945,0.14949787578573465,-0.09244705234445563
train:7946,-2.244320005222029,-0.08310376791471932
train:7947,5.608579152830661,0.535659391307618
train:7948,-0.024328468588276614,1.930597326526315
train:7949,-12.21094148554511,-3.864500764392028
train:7950,0.5038689563643497,0.03613598893033587
train:7951,-3.267952655662892,-0.38889136506980665
train:7952,-20.931842967107603,-8.066116981924637
train:7953,-7.437425004584142,-5.695644990348156
train:7954,6.194133556440875,13.289625361185708
train:7955,5.090757966348085,1.662066883851638
train:7956,6.117243809229779,7.245200399227623
train:7957,0.363950714350042,-0.0810564426303203
train:7958,-6.49120745697734,-1.2620384713901884
train:7959,-0.14330966181972477,0.3872727470310052
train:7960,-0.32448343002244584,0.19282206848986944
train:7961,1.1673477788130122,-0.11796949923699548
train:7962,-0.196314789761587,0.05649439982227117
train:7963,-7.6506728958601125,-6.41252697349413
train:7964,-7.312461963456334,-6.3795038491938945
train:7965,6.209145244679755,0.2667994021618264
train:7966,-1.1059889721680887,-0.3671104832412995
train:7967,-6.832744401882618,-0.33470707749973044
train:7968,-6.404432655557843,-0.13208535840467933
train:7969,1.4478795454382163,3.0892470537617993
train:7970,-0.6460301285574042,-0.3479042010509743
train:7971,17.798630692077275,11.33796042697148
train:7972,9.058029769403017,9.898175033210789
train:7973,-0.03497668319941985,-0.2656120247286158
train:7974,1.7483429789571976,-0.3201476858737373
train:7975,6.5683085681102495,2.9657550061528895
train:7976,-1.3889517870698302,0.16646819439661342
train:7977,0.26408967629565744,0.2959417244474637
train:7978,8.56936535507855,1.791404886132982
train:7979,-0.21758599726480632,0.3062507512305369
train:7980,-0.14638903612831983,-3.3566479679617234
train:7981,9.98491701958357,2.040581678000598
train:7982,1.0488110457369224,-0.06518813807252025
train:7983,12.296704920542705,5.155819849325245
train:7984,6.8945655679673985,3.8751623175481553
train:7985,0.4973589633461415,0.17285597482545123
train:7986,1.7048767749040041,3.633833582160601
train:7987,5.007959130669828,1.425164342755336
train:7988,-24.318649807264357,-17.224355504358645
train:7989,11.610517949978716,3.254954432302885
train:7990,1.0357252740185152,-0.08623046488762529
train:7991,-0.6156999072025124,0.14921065887097298
train:7992,-4.397180856486873,0.028850872006559072
train:7993,-0.41687488744286905,0.07788467635298134
train:7994,1.887791190409719,4.904000123291454
train:7995,-5.7422023663175645,-0.3302313799074058
train:7996,2.444048882001194,7.6228395413247645
train:7997,-8.780683551120775,-0.8328857947470965
train:7998,-2.290910680482426,-0.15940704343301743
train:7999,1.0435573732781467,0.20742297441157437
train:8000,1.4791298365080183,0.08209609479476947
train:8001,0.19534759040533375,0.05568665431601604
