row_id,pred_displacement_m,pred_v_final_m_s
train:2,25.79743691378784,9.941298542859464
train:3,2.7154624741525817,-0.14741101690641825
train:4,-0.5224405669421148,0.19867683246732154
train:5,-0.3227821843911744,0.19313503064182055
train:6,0.2579977594225392,-0.07491621437204579
train:7,0.9733859016685241,-0.24216832416387885
train:8,-0.16029375822712888,0.050154945742823
train:9,-6.083233947008539,-0.17749254663473135
train:10,-0.8966011662005943,0.18913867337111678
train:11,-2.848997353508189,-2.211455577594934
train:12,-0.49290279572823625,-0.11097651598690889
train:13,-6.346147471146937,-6.59235206579343
train:14,-1.1889671493786982,-0.014078939927330253
train:15,28.822367642850384,10.107549744408294
train:16,-2.9754378992110277,-8.83884553639888
train:17,2.2724816830350547,5.319012973750781
train:18,-9.92001252740011,-6.931900771618916
train:19,7.292389951166873,10.465642072961625
train:20,1.6545206248389137,3.3568282314066953
train:21,14.288719546881751,2.6880857119892148
train:22,-7.493054586058429,-4.9295786957012036
train:23,6.081257878889599,2.412272577624531
train:24,-11.55080936438133,-12.072950121228796
train:25,0.7953617101629538,-0.14994010774620825
train:26,-29.3740828085877,-14.531462663806026
train:27,0.975361564252411,-0.007059600092595014
train:28,-0.8726907440666937,-0.4379597289974529
train:29,-1.5848135454118832,-1.9302808220077874
train:30,-10.466487446408893,-1.3826400683275628
train:31,-0.39609044749473377,0.1873114023861523
train:32,-0.25006901438265566,-0.3191125033711298
train:33,-1.8419501335927015,-0.04521437638956419
train:34,0.03156576659253585,0.17187286351849596
train:35,17.623818376077242,7.394173094111741
train:36,-1.0803749798205144,0.04327712543161391
train:37,25.93690999827207,18.198723070449745
train:38,-2.49451062495505,-0.2663955535623724
train:39,0.12321568222656078,-0.005371352066981597
train:40,1.043422082582321,-0.15329905651780432
train:41,-5.744646897172037,-1.856825484239643
train:42,2.207732299879269,-0.003300915731361556
train:43,16.551719112377164,4.418426665559819
train:44,2.556838085087096,0.31588395809140835
train:45,0.9985325367240756,3.4686554752246384
train:46,-2.689025636482213,-2.2640770159913925
train:47,3.4452669790841663,9.754806625586955
train:48,-1.24050407107514,-0.4582098603345935
train:49,-1.379875571308379,0.29342743466671184
train:50,-6.533001123991932,-4.445618446409118
train:51,6.510221903036517,14.674698622379298
train:52,1.2810685582967172,4.377168588662785
train:53,-1.0996022982463334,-2.0495412646702933
train:54,1.2230651132729942,-0.5931766875355426
train:55,14.063374528783157,5.581280036222946
train:56,-5.1877704017450155,-0.31132015593737594
train:57,-0.23039049451251092,0.06671629651563317
train:58,-11.092310590977657,-1.0302155110949673
train:59,-0.9995243766537952,-1.1762201478269065
train:60,-0.5211211339704545,0.055576341844678745
train:61,6.65992640450712,9.610078375122141
train:62,-14.663146251443889,-1.5787453269431504
train:63,4.552353997440791,1.6661305770246646
train:64,6.721164273485685,0.33599399651312284
train:65,6.256413303252241,7.176994265963657
train:66,0.3738347224963625,0.44650676362766856
train:67,-34.0597770312986,-13.245905018526843
train:68,-0.6593896198537061,0.3497542022814612
train:69,24.968860902573926,11.073426198906695
train:70,0.09279294249204945,-0.13682273158775782
train:71,-2.478842939562183,-0.19591669093419756
train:72,0.7189175853984185,-0.11722398950910556
train:73,0.43111057322810237,0.467765221569933
train:74,1.0496893891977082,4.305447863683506
train:75,0.20629997662384444,-0.011602062944002539
train:76,-3.2860072222666488,-0.39613942584818435
train:77,3.9416927091341094,-0.30272241690073204
train:78,-0.07309042004173086,-0.2915425172029759
train:79,7.7114266137056635,0.533719168626331
train:80,0.1263896670389377,0.2304957568702952
train:81,-3.225744283147693,-0.010209907429557005
train:82,6.550110342314018,1.3359331446342757
train:83,6.55602872911079,5.607750464197977
train:84,0.13089052348666305,-0.00334942040676367
train:85,0.671658360239062,0.15975518298616403
train:86,-2.4980012178906477,-0.0053384687502751604
train:87,-4.997443357874201,-4.975149694206345
train:88,20.62506811928901,5.489352263471149
train:89,-2.5499500555888126,0.03679290629521194
train:90,-0.44252537573416284,3.8316604714313436
train:91,3.3072269996510806,2.0789047940533742
train:92,0.7271284753605378,3.2494582819365863
train:93,-1.0383553633963984,0.1803705973273255
train:94,0.16623882087383696,-0.04519996764775355
train:95,-2.317393717961176,-0.14686048884060432
train:96,1.1090915354530169,2.750657884544416
train:97,4.629125190949359,2.499611950744099
train:98,-1.4380366230189918,-3.8915090236207823
train:99,0.35897924619493,0.4919013620412376
train:100,0.4110804602695791,0.10606935228624946
train:101,-0.8074183298703452,0.24969305142959
train:102,-4.1670188387338145,-0.019826315980050177
train:103,13.219482309035634,3.045885871203654
train:104,13.697833016156677,8.097772214559658
train:105,2.121435432601727,4.965282071480959
train:106,-13.486174847404351,-6.400702104274337
train:107,1.5596432589972546,0.32847940967645106
train:108,-0.07618746117658495,-2.3557882296336006
train:109,11.625052168992124,7.047214585814533
train:110,1.6794296875729295,0.11061160114644199
train:111,7.384126341266271,2.7337480134127605
train:112,1.040893634303119,-0.2589900309149503
train:113,0.08989721019325206,0.08029261249987354
train:114,-0.01596717814471532,-0.05802474648488126
train:115,-4.256779333791085,-8.263513320870782
train:116,6.647374124450087,5.981209073918698
train:117,7.420978875926104,4.213850493367683
train:118,0.22727445118338435,0.2159412870422473
train:119,0.10388887167391467,-0.8193709655719688
train:120,0.1535015040575647,-0.03784138040682358
train:121,-0.8550529750877058,0.2640568550850646
train:122,16.336855171414975,6.872949841246036
train:123,-18.27151647904685,-6.838273623298324
train:124,0.3530680656036064,0.3909599226612231
train:125,2.315187051267909,0.3638779077936954
train:126,-0.16177858523672733,0.11112988786919452
train:127,0.09125546369103428,0.031046100885732036
train:128,0.07836472443619687,-0.059911792349238324
train:129,-3.6171751349073245,-0.0027777785410688094
train:130,1.722225482061241,8.825643074578789
train:131,11.172863242061803,4.308708519157008
train:132,0.47900115496797857,-0.3046406341520755
train:133,-1.91919600682786,-0.18847757166601908
train:134,-2.5418781756543627,-9.543999659675864
train:135,-2.492107471667343,-0.5107816527691695
train:136,1.5321225279340274,2.477151004834292
train:137,-1.5297855658633632,-0.0639082922807521
train:138,1.325628710828528,0.2069542979855015
train:139,-2.80732735427741,-0.1665237849357844
train:140,9.623410052174872,4.0121583521106325
train:141,0.8519353045508976,0.047364072316671633
train:142,-0.5530395100227359,-0.26838595718357894
train:143,2.063315177312278,3.4184382994592144
train:144,4.9979713299192365,4.068240028453792
train:145,7.916763951065917,0.37743553521182494
train:146,3.317637641940688,-0.024348948978866844
train:147,0.8652872409543915,0.05850688020382618
train:148,0.9174001941701733,4.726035327954635
train:149,-23.42320764815894,-20.518544257217258
train:150,20.24302765060253,13.773914300984048
train:151,-2.7363564587795666,0.16809220939252156
train:152,-0.11534551666322024,-0.12460105132493135
train:153,2.9140850227849673,6.466827041823055
train:154,-0.029336897603588374,0.482438099870286
train:155,1.802069076131196,3.3226136040212877
train:156,0.18682973933696395,0.19968658568054545
train:157,18.62091359381114,11.10341350117
train:158,-13.330792320957395,-10.750403381131205
train:159,-9.96948943533249e-05,-0.06050091016415893
train:160,-0.624097809818913,0.004262675093547344
train:161,0.0481986185989218,-0.6299726196172026
train:162,11.025663245671655,2.4877180336922615
train:163,-0.5539321496652969,0.04839258542641136
train:164,-3.254161373185325,0.0876041930039065
train:165,3.225186675210761,6.351070919297541
train:166,-7.780898326630705,-3.999186549797265
train:167,-1.1406600024722935,-4.336587925110537
train:168,-0.7904653828671346,0.30785158384481903
train:169,1.882233462572696,6.068858163656789
train:170,-33.658126385464605,-13.242774469712067
train:171,-4.113586452546373,-4.1173239665634025
train:172,-1.6015805258228935,-4.621682999756654
train:173,-0.7167245149784696,0.2454175069537041
train:174,-2.3951570432391316,-4.225479691775026
train:175,3.108555867246483,-0.28447025020772837
train:176,20.309430741679456,8.027533450074724
train:177,-0.15455471296271056,-0.07585749039646672
train:178,-0.6338931351465782,-0.18133326096171837
train:179,0.817403865419963,-0.03202467120044063
train:180,-0.011495960122621884,0.20994247131189142
train:181,-5.5163120011873445,-0.14256482919050753
train:182,3.5710808173712905,0.31815226497050697
train:183,31.647869658103353,10.944015724933868
train:184,-0.1656878354630158,0.2417956343092666
train:185,0.37775071401161825,-0.15517804204639601
train:186,-3.7284761403391444,-10.823099906050926
train:187,0.36564010461106067,-0.07609288073297696
train:188,0.6191325611885958,-0.5563333920649605
train:189,-0.34997805506365187,-0.006221753155428569
train:190,-7.247498718719519,-2.7007283727908407
train:191,5.804679064639851,0.22388842145485788
train:192,8.362809471622905,10.385567130948383
train:193,-17.89269323240543,-16.78702137292251
train:194,-8.486640614197507,-0.30591616445434094
train:195,-1.1641192231618684,0.01423380974812094
train:196,0.025746639464351323,0.035277135188896025
train:197,-6.609260444455469,-0.09021608693237612
train:198,-0.5360791243558374,-0.1311812098560625
train:199,-2.0847350987078292,-0.06774686669558902
train:200,0.2439549571290216,0.12966830347747568
train:201,-0.43173071243166194,-0.17829180382279114
train:202,-4.365984030812329,-0.8040501218725675
train:203,-0.5486904488058939,0.250221609730663
train:204,3.789867258679463,0.41625546753544806
train:205,-3.8922392512636024,-2.2123803049653943
train:206,-1.7152412148514942,-0.06994427115211457
train:207,-13.370742594126803,-2.8033574182228236
train:208,10.207369327340489,6.061654363394716
train:209,-0.8707441387628382,0.566764476682523
train:210,-0.856181792302361,0.13074332401127742
train:211,2.7703147152714727,9.187262548998714
train:212,-3.763165418615209,-0.19532892839697202
train:213,2.9775535610369737,0.06172388146946607
train:214,0.06318264430721272,0.09338010121862766
train:215,3.819161181199319,0.970045258778965
train:216,2.2051362062521545,0.20812397396674237
train:217,1.3589462530288756,1.4473033032169587
train:218,-14.002527827641506,-12.264851736416741
train:219,-1.3637869040424189,-0.45061631073958325
train:220,-0.02704253477231841,0.06115808869698147
train:221,0.7628491708485927,-0.3081455249323079
train:222,0.0666760267416935,-0.10698693510468041
train:223,0.486626947539388,0.010036942708953445
train:224,-3.3815331465986063,-0.21931449038331502
train:225,14.236596830419879,3.858865317256287
train:226,-10.993353118103126,-2.2089721382143463
train:227,13.823743557071746,7.144214806326912
train:228,-2.8465765333942232,-5.8170128184960745
train:229,-4.067053891846038,-1.9523344713050261
train:230,-0.9091097441084602,0.517619182913081
train:231,2.8802967526481127,10.007998748613005
train:232,1.365911166823254,-0.27965915705107913
train:233,-0.07286540046516862,0.07921024493435648
train:234,24.28160834343663,7.870539793808816
train:235,1.2854559751232006,0.0010616518386281498
train:236,-7.728032673632993,-1.6848742700270156
train:237,-0.45904560172314757,-0.34155868388710087
train:238,-21.84352186937802,-5.786002923546645
train:239,-22.01948345891785,-5.959156625726815
train:240,9.63143358079535,0.9168748615856028
train:241,-1.5866074256518945,-1.058515278636708
train:242,1.1497896267813101,-0.046813746730543726
train:243,-0.5212117926841521,0.07186649441766713
train:244,-0.49565858816640296,0.1645287563497816
train:245,-2.925448684478172,-5.438585618084458
train:246,-0.7425120374023909,-0.2894889148429366
train:247,0.5845241783801385,1.9007308579690863
train:248,0.3171410634273295,-0.2321105943976315
train:249,-9.936851802323838,-7.921099985980371
train:250,5.322068327807981,0.016189546792496
train:251,0.38336760247078505,0.34157531538299557
train:252,-5.741715598762481,-0.15518296384434122
train:253,3.178845660100393,0.02537975617309564
train:254,-0.28813602711867636,0.2394434428738843
train:255,6.636453701239611,1.1307074377741815
train:256,0.07728216641135144,0.23734304776816295
train:257,1.2691812250359202,0.06964391032817549
train:258,0.6034739416670987,5.796622534424631
train:259,3.1555138265264753,0.025787623428903367
train:260,-1.4757876087773925,-0.18535308593566818
train:261,-4.9658969150063195,-2.9833907953047323
train:262,-18.975630629098937,-4.416140157915916
train:263,12.34750076536923,2.2536360394705923
train:264,0.14879259748481538,0.04672958836416904
train:265,0.768836249055358,0.05826214558426054
train:266,-10.031029003945864,-4.3025707402861775
train:267,0.707773072444341,-0.26536782508708767
train:268,-6.17700713620901,-6.285237009801235
train:269,-0.5709267066935122,-2.9701815455846377
train:270,0.6040892586290411,-0.21024896655066078
train:271,0.9381347718257749,-0.2820367421106425
train:272,-5.427103361992428,-4.770695639667575
train:273,5.24673419114064,1.1235110558742285
train:274,1.1796265717503909,-0.1976173504502815
train:275,-2.2489533628666973,-0.9149888028353867
train:276,-2.9171313286420184,-0.21523446254754258
train:277,-0.44049845610830085,0.2164106411071677
train:278,0.32530255601339564,-0.042764747620947674
train:279,-1.3688775070456591,-1.7891727322576911
train:280,2.240976617733938,0.006931716187953407
train:281,5.486704086966338,5.697453298956918
train:282,0.21254217774928444,-0.0015691561586962527
train:283,3.0702941707342526,0.23501967381640193
train:284,3.6234001935044144,0.6712257862278206
train:285,1.4856531958750412,3.7960323607403943
train:286,2.281696792595055,-0.07337362303344871
train:287,-2.1871520151137656,-0.39358950653013347
train:288,3.5384924966706075,-0.06870561866923572
train:289,-4.930957976580227,-5.855684169586076
train:290,1.4600916228606429,-0.15795543402600182
train:291,-3.8471046944201333,-0.22750949795331138
train:292,-3.9292861210122845,-0.26312969096930533
train:293,2.7326797261749567,-0.04962159679308584
train:294,-0.45225596144191826,-0.23492757475201398
train:295,6.423025887285687,0.10693409078610207
train:296,11.914842979784735,11.705839287091235
train:297,3.3951719958519972,0.059691107587687676
train:298,0.1474785110526807,0.02884759080792894
train:299,-1.9523157270657543,-0.2915559273191165
train:300,-0.7819332356169895,0.1856456947685199
train:301,1.7427101671085734,-0.03860361711468671
train:302,-4.300733932607044,0.04447704550457609
train:303,-5.453599417132631,-4.508971258916674
train:304,-1.7347040134746865,-0.29000934147783924
train:305,0.29485378095597625,-0.08371810102780855
train:306,15.799757617817885,21.84789528749003
train:307,1.5493183937982993,-0.39989682626212775
train:308,-0.23356657144905008,-0.004059086606139531
train:309,2.8343206969749377,0.15774673277249168
train:310,1.6954623324029892,0.19049972882898097
train:311,-0.2190179400247479,-0.06862772586697233
train:312,15.295058234080956,4.024709079531738
train:313,-17.509711772762415,-4.090193875002902
train:314,-2.7880179780927827,-4.244874714216989
train:315,0.7147555368358579,0.1654763807802478
train:316,7.977277480167863,0.8485564542641619
train:317,-13.699352071375285,-14.022814105377508
train:318,0.09249702315221087,-0.023416945907096323
train:319,1.226996214573866,0.0110591787430529
train:320,-6.345793204788795,-1.4668931174834565
train:321,1.4112642344125583,1.047729062955693
train:322,3.066672936267634,8.246913249199583
train:323,-2.0151524438207606,-6.424098477115353
train:324,-5.5856900928229924,-0.21462166303816094
train:325,-0.7951368636632037,-1.109196102034652
train:326,7.321315659834172,13.55781398855961
train:327,1.973994958162041,0.08077409273364448
train:328,-17.803570602759407,-5.832435593344225
train:329,9.467842488968678,5.460851486848109
train:330,-2.5092280210617735,-0.031422214599784434
train:331,0.24387510772349563,-0.1394320691331763
train:332,-14.109089474471105,-4.620365955158677
train:333,-5.37284853855098,-2.4640261274717874
train:334,0.3970080195504295,0.861803865750933
train:335,-2.578145380465246,-0.041134562545006775
train:336,0.04582893929781075,0.06883423890098528
train:337,-0.9110068358071425,0.3378274732433226
train:338,4.922535841459147,0.8047306967782311
train:339,-9.77919118512243,-4.602207516617848
train:340,0.4909708946749445,0.06584941810363047
train:341,-6.234745578838848,-14.601961070965173
train:342,-0.987154808773599,0.13362592833826276
train:343,-2.227300807620347,1.919374913907177
train:344,0.3775797409759142,0.07729645016812325
train:345,-5.355805630208793,-1.6516027732565588
train:346,-2.997778065932038,0.05686214372526466
train:347,-4.77350331737968,-5.400434693629359
train:348,-2.767842927421463,-0.13354139029680515
train:349,3.509987537418161,0.05883286015469036
train:350,3.1462912783027868,0.06967593768002188
train:351,-1.7754648685278474,-0.0005090436795401609
train:352,-3.553176126951067,0.16999102477370415
train:353,-2.9876935625535017,-1.7203785511348795
train:354,11.760135512067466,11.801256543255786
train:355,8.868645111238177,2.8694543942527817
train:356,-2.3741116689163153,-0.030720323414553913
train:357,1.7771774477651991,-0.37591212024064474
train:358,11.470055523223984,3.9584728067323383
train:359,-8.979117343662077,-7.539628974526463
train:360,0.028241846215197514,-1.668374976706558
train:361,-0.6400572303032941,0.09906292325481979
train:362,-0.8137872207367216,-0.19873053275075991
train:363,-2.7520836534819377,-0.014477248908867563
train:364,0.23055385580771476,-0.05157747649827088
train:365,1.178103505360271,3.47076856714245
train:366,7.013346614653991,0.2474345881463818
train:367,0.9497616356283717,-0.0077592087048654335
train:368,-1.5729721226535354,0.010178961545314613
train:369,-9.0021009547921,-14.760283755337097
train:370,-2.109596507502594,-0.8800103694732058
train:371,1.302475637641363,0.5868471955591213
train:372,-19.259426806791975,-5.280842707244399
train:373,6.152637900890283,4.303390694803217
train:374,1.3617166903361784,-0.25620300933066914
train:375,-1.256310998953917,0.024091386397929612
train:376,11.747156903597814,2.7976623388685
train:377,0.5581622516445588,-0.16366564693771513
train:378,1.827274988038011,5.930511416545173
train:379,-5.898222758175767,-0.8813238475509328
train:380,-7.18752077340311,-3.4958187239119356
train:381,-6.383607651646784,-0.8518402806077607
train:382,-21.203735423233905,-11.592154659345889
train:383,-4.811537669732946,-1.4974233867896443
train:384,-0.32282879226834454,-0.0764505313836625
train:385,-0.39876825019329654,0.07360396042273268
train:386,0.4591417825869191,0.12495728687904581
train:387,5.944486888990039,0.2736288247932409
train:388,-5.381507143083821,-2.675306787090975
train:389,-1.8276771976413362,0.06772048595726685
train:390,0.4882074311148495,-0.12404203494092206
train:391,-6.97375310550194,0.12675695299727407
train:392,-3.3253823937496776,-0.20423217555824413
train:393,-3.322708194153839,0.29700436915599737
train:394,0.01907938844661375,0.011779259181559212
train:395,-2.5688363577761844,-0.8177388545750928
train:396,-0.5773899756054302,-0.5070135527944757
train:397,3.5130787670970087,2.554340061321919
train:398,-0.2246426158349631,0.0651233459111039
train:399,-0.5407754781836132,-0.050024185598923354
train:400,-37.02045444309005,-14.096940662256731
train:401,12.437131083811959,4.934305273839453
train:402,-2.538846455285019,-0.10687066654452534
train:403,1.120017305203019,-0.1848917208761081
train:404,0.4176266005441463,-0.18959745902456776
train:405,0.31097452745909093,0.11008889193857925
train:406,9.27957456019,8.188094767877265
train:407,-0.09414102467495272,-0.054539542896429705
train:408,4.178360768115292,-0.12032215432001028
train:409,1.3877280700454606,-0.14214654769556934
train:410,5.2553291021156525,11.626905631558044
train:411,6.36142445361937,5.165540186275828
train:412,-2.2263686500769437,-4.450431251495488
train:413,-1.403037710366914,-2.2629732493043746
train:414,51.775201301864065,18.920423565114486
train:415,0.8102441516202553,-0.2338402140581467
train:416,-1.6032746814778376,1.2208573715116817
train:417,-3.2733842749045796,-0.4424427022910879
train:418,1.2261217066740446,2.3731906487233316
train:419,-0.29535420416580704,-0.3586234846584229
train:420,0.2570882665575601,-0.062217547690963576
train:421,-6.201114450472402,-0.1964130078922091
train:422,-0.3794879312887005,-0.09165175399387354
train:423,26.081777973596026,9.345804360374808
train:424,-0.2699876636149789,-0.36994076671621506
train:425,-7.995086279030247,-0.31900536510281513
train:426,6.723040676400985,1.671659254055645
train:427,0.3671657280418231,-0.047619352324648784
train:428,5.292184426274369,-0.15587280019112623
train:429,2.2602906430833705,5.296740768092613
train:430,-5.889580890636224,-0.20258772440130263
train:431,12.413465905121523,5.3548915968241015
train:432,0.16177841215991515,0.10937672917502828
train:433,3.9369077887167983,6.774063074182135
train:434,-0.045085246005822144,-0.6679773167420453
train:435,-1.9624211516859136,0.3533271422680666
train:436,0.11976600194124705,-0.060091616300251144
train:437,2.064655531525561,-0.7305172479541848
train:438,0.868493305003923,4.961884461629852
train:439,9.948026826688816,1.5612690325768945
train:440,6.602469701264465,2.1665995352506675
train:441,-3.403654802573781,-3.507023303929823
train:442,-3.4854075761709113,-7.59820093796909
train:443,-4.859763456255263,-9.325510064005442
train:444,-0.8264287647580107,0.21315226820662603
train:445,-0.004057063976373593,0.12006252315732796
train:446,0.306692414215441,0.09518254922265104
train:447,1.5759771697066784,-0.16153115589840228
train:448,-25.606704635822844,-8.015921490602334
train:449,-0.7004782410256198,-0.6018768570337709
train:450,6.448430318529676,7.710402463933613
train:451,2.4806257211880904,0.18753088604234686
train:452,-33.7463080241541,-10.505695581797843
train:453,-0.1833316483562501,0.12145596261906355
train:454,-1.5986396966254879,0.25745123159934735
train:455,-2.8832272943015194,-0.036131019955659205
train:456,-6.144701949644952,-0.3597385215494314
train:457,-3.3105087857055056,0.05347452013085735
train:458,-1.8027759222583688,-0.13638333629293872
train:459,-0.3695981116863737,-0.04939198421938085
train:460,-10.696484418811375,-12.856903228234327
train:461,4.58202264264393,0.4178801601702037
train:462,-2.6875016402591325,-0.4096625293502924
train:463,3.220057251681399,0.3927685050800767
train:464,8.49623399269582,1.9859096331211104
train:465,-35.12020317200627,-12.417537606863702
train:466,2.142239050354683,5.788142775877862
train:467,-7.627897102396873,-4.360295298517368
train:468,3.379597991129951,3.2601367288871708
train:469,-5.805171584269513,-7.312416526289023
train:470,12.063136459737018,4.398558579871875
train:471,-12.014214866320206,-3.408887503369795
train:472,-2.0977164966763646,-0.5630034982368004
train:473,1.9457010709917415,0.24143156392213075
train:474,1.8358038808727928,0.15755143012359318
train:475,-2.3084138561403087,0.15777426630882288
train:476,2.864831770840744,0.17323641554053526
train:477,0.42537699073232993,-0.04505673619450734
train:478,-3.1859162830126566,-3.5448717874677085
train:479,-2.3752637319549956,0.13158759068489412
train:480,0.14471644224202723,5.1898718433872455
train:481,0.567421760728447,0.920375615202345
train:482,-4.409649451577416,-4.120207426855248
train:483,13.105027310200098,19.42204522268534
train:484,-0.8984687357027646,-3.4492291272233495
train:485,-10.196930730680624,-3.65459564030292
train:486,-1.238269914928095,-0.20125006531627948
train:487,1.1373250997099715,1.6487820239022402
train:488,2.0348818151978283,4.759768903088703
train:489,0.1554216091220318,-0.07735114907723167
train:490,-11.502770474284175,-5.7160489100384835
train:491,1.1617565769893932,-0.04065450891933589
train:492,-2.8404396358516166,-0.6854783742703663
train:493,-5.594107405702454,-1.7512221035798408
train:494,1.375847826760991,8.441576207026008
train:495,-21.29772479859781,-6.688981938843032
train:496,1.1514865719351368,-0.2029913831632152
train:497,4.851198591774669,0.3561690882642002
train:498,-0.07379500096792938,0.36834040926109446
train:499,1.7358842633418652,-0.21049334451820145
train:500,0.3288166272312587,0.7164515455727472
train:501,-2.6530108813202418,-7.382663850422557
train:502,5.253161196567079,-0.0377453696816894
train:503,-7.007866817175144,-0.3164590123050144
train:504,-0.07355835847935463,0.052993895861946444
train:505,0.8518481327108037,0.1919058651028071
train:506,-0.14050098513190112,-0.3438078742176587
train:507,2.8974972676771897,0.15219037954437006
train:508,-0.35514804255593757,0.35071552214968804
train:509,-8.081024230784843,-2.5643651815815507
train:510,2.8028114474254964,0.03517028224220138
train:511,20.37718952921352,8.749303563214749
train:512,3.1388791148541673,3.4526831709363437
train:513,23.61119505922306,7.5904852109018375
train:514,17.724357494818438,3.5545241580538525
train:515,5.430286936974082,5.256567483994866
train:516,-0.37450948938638096,-0.49430447187426313
train:517,16.07072767964688,7.342580668137858
train:518,4.835939567968163,-0.06879834819573974
train:519,4.089584966163721,11.233265653010605
train:520,2.2042435666095934,6.6330160432587215
train:521,2.225863577702308,0.39713114398047145
train:522,-0.026078762908240877,-0.028636048980363274
train:523,0.4867087728399561,0.1390447565455384
train:524,-2.953140504806224,-4.185499285092407
train:525,-12.6509905133366,-7.511464306771798
train:526,-5.3238207710998,-0.6507732790201572
train:527,1.4360103439201586,0.14600189626711096
train:528,0.40540557347946987,-0.11259742811019938
train:529,1.8809405298404243,0.13565570634303104
train:530,0.8816471869867236,3.514119763443895
train:531,-1.8097476935708343,-6.260404898568315
train:532,4.644438609984084,0.2359502502800724
train:533,2.7728973263206527,-0.04402016274900225
train:534,-11.535158415981762,-1.9023053224871906
train:535,-0.9575277735954643,-0.10535710668076453
train:536,-1.1323379974713346,0.21045804747925384
train:537,0.2538309454660535,0.06946886551429787
train:538,2.2217746372563063,0.15996439506403812
train:539,-0.48834684667757156,0.2071069450522081
train:540,0.12053416019615401,0.041244422880240515
train:541,0.949819517730194,0.03517028224220138
train:542,1.0731906848287682,2.3477841850693264
train:543,-9.863431261890238,-7.607367750976849
train:544,-0.7411814464351985,0.060475171399481775
train:545,5.11738466301931,13.87514412919149
train:546,6.839556185078099,5.10166523520365
train:547,1.076939538869284,4.488799531206159
train:548,-0.08829528107825951,-0.32113279443203263
train:549,6.57826661420609,1.5646936053210936
train:550,2.97785668658226,-0.05833674567636482
train:551,-0.34804714069101317,-0.031625934236473294
train:552,0.3841600526117982,-0.042539343541137864
train:553,-5.703292576231517,-4.889665054277668
train:554,-0.23674706509215399,-4.022051653781819
train:555,0.37302065373900617,-0.27927782470593254
train:556,-0.5793454143224153,0.0520775854792766
train:557,0.8695772577782098,0.1038556131669782
train:558,5.452662902264091,8.406288770349354
train:559,5.241300712233031,0.13385390031265268
train:560,0.34163135264153427,0.16382365529632592
train:561,28.14934896668009,11.254635101063055
train:562,-0.21216367635272898,-0.025636605449982836
train:563,-4.92564770053995,-4.241984406206263
train:564,0.13002240818844849,-0.04487776820835454
train:565,26.609493512616613,14.524463094005005
train:566,11.377386510664701,13.3419008471179
train:567,-4.669179313570731,-2.4127646745771183
train:568,-0.926818877767205,0.16767863570431357
train:569,1.4112758573245707,0.011951593440046704
train:570,20.497762828932444,14.224065079591142
train:571,-0.14932765697244338,0.004408189119753672
train:572,-0.9886574188385765,0.241851058033954
train:573,-0.4645948448344016,-1.2129583022805142
train:574,-18.11164471906418,-5.104314791585962
train:575,2.036141273943504,1.18517790292913
train:576,-2.6914924833277487,-0.2456329845956895
train:577,0.6673841505755806,-0.04599373239462809
train:578,0.2116935889432509,0.3112698081829727
train:579,2.70043125942152,0.2019778609500551
train:580,-10.795364715550143,-15.248224811871594
train:581,10.238893454217306,5.238072365942422
train:582,3.745011651724294,0.9053537885607168
train:583,-2.7675737407792536,-0.6901891768775812
train:584,-0.08440276784526907,-0.044130867537567064
train:585,3.1938266638515604,2.303219801239589
train:586,-0.10038217973831157,-0.7323277562939736
train:587,-11.882831328596685,-5.445374560711033
train:588,10.357138452201882,3.986254572872946
train:589,-0.03364713829430854,-1.1550452891193057
train:590,0.2510573699725076,0.24524445939116657
train:591,0.38395409461093644,-0.0075009926387542
train:592,0.4985302041896424,2.709202365086333
train:593,-1.1245896994073132,0.21264075787234876
train:594,3.863844304140222,0.1744146511703765
train:595,0.9932606162934401,-0.33540743508125337
train:596,4.0844081211533485,10.941359951294793
train:597,1.0271358258121484,-0.35879168175342024
train:598,7.889005182764674,0.5524288485370246
train:599,2.620445633366772,-0.3242854556723597
train:600,-6.498666112074009,-0.5549226193148091
train:601,21.369959164012837,6.141715039326957
train:602,-0.5573706719550786,0.08850088752520048
train:603,-0.9173276078177871,0.3184036333177379
train:604,-7.459412299696452,-0.6147532077537159
train:605,-1.3238919559341906,0.3195043327973408
train:606,3.398660961579913,0.06761206374166212
train:607,-0.1452896248810563,0.1651955529757506
train:608,7.028243933438669,7.737150795166536
train:609,-1.3376195448539288,-0.1924849851494983
train:610,-0.7633667959682019,0.17363372589640252
train:611,16.30452487936097,12.450040244710157
train:612,-0.08724015312576364,-0.18442336543685778
train:613,-2.0623419315080422,-9.674317456400331
train:614,0.35864380895424885,-0.12892231859042427
train:615,-0.9144039805301597,0.3023593566507952
train:616,6.17266231862192,5.6933469502017
train:617,1.3287929323948147,-0.1171607907702728
train:618,-1.4405694880047588,-3.1744176144057192
train:619,-6.453515283153722,-5.850429686631927
train:620,9.286204269201937,13.71143114877429
train:621,3.064385547183572,0.24998679003739277
train:622,17.947601090425167,8.599748241582565
train:623,-0.9891072255334609,0.26207872029351864
train:624,5.682966719543702,4.753225907698578
train:625,0.08088247963634733,-0.3021716035132981
train:626,7.680118208075799,0.2471976285409615
train:627,0.04999668308725749,-0.7483505625090103
train:628,6.282576478192407,0.10736635304042086
train:629,-6.552702424769621,-0.29282218466873156
train:630,4.414127818957264,7.27501251401624
train:631,-7.1894948087793145,-4.924785292484995
train:632,-4.417301511929974,-4.621297244926398
train:633,-1.1296133544373617,0.04692902817655771
train:634,2.54888103952333,3.8747708562854983
train:635,1.151171823477838,0.09063437993884327
train:636,12.46744084884171,4.149284493331836
train:637,-5.64604833982045,-13.219420324470812
train:638,1.719039409420371,0.10360866730485746
train:639,-4.588232705150789,-0.2621165852270463
train:640,0.20084766859877481,0.3513110597010589
train:641,0.77803415670558,0.02230634301272698
train:642,1.4120808602105575,-0.2231273858523508
train:643,0.03530869294792527,-0.08577869376753816
train:644,-0.06727489601627021,0.010023175940787846
train:645,-0.017278591307087116,-0.08339404699787945
train:646,4.833589880075713,0.3670301410515925
train:647,0.28092860253202523,0.0679197831088455
train:648,-1.8667343662517024,0.07443153578157867
train:649,-8.047631139656414,-6.016620399997314
train:650,11.202295244776368,19.096284398825336
train:651,0.24415673088155881,-0.03585967909502741
train:652,0.44299104897081215,-0.2511546712469796
train:653,-4.051085405490287,-9.184899575160648
train:654,11.619360661437836,10.101176800703696
train:655,1.9863684778323218,8.177494499050564
train:656,-2.619310480398202,0.017776006330169986
train:657,2.9849210925034653,3.197017309464786
train:658,2.3627289456474094,-0.10219467317495201
train:659,0.2999918054402276,0.08455774273662901
train:660,7.019191079730363,1.9652447868092817
train:661,-0.5437625665708289,-0.25546980409764225
train:662,-2.6342454574178,-0.30562385245463825
train:663,15.004623049046371,8.3866443768115
train:664,-0.09224776853723454,-0.04634339403995327
train:665,27.494958564050492,8.403993643237973
train:666,-8.435965647655912,-3.571602999403431
train:667,-7.526062726341004,-0.6023385787453561
train:668,-0.5393093640623549,0.09103240359876057
train:669,1.8170052154419953,0.48438848713428584
train:670,-0.11047691127941894,-0.7532994660081256
train:671,1.976934508839126,0.4685639794451577
train:672,3.313086574513069,0.3361599823655651
train:673,0.3297376267791302,-0.06618351820913604
train:674,-6.4217652068673825,-9.233420228573479
train:675,4.18207405604505,4.114373681193597
train:676,-13.977016000690522,-6.542800830689115
train:677,-0.34759698530876854,0.1245063360586162
train:678,11.144718128165264,2.1392294882077376
train:679,-5.676810468585727,-0.9653142581556051
train:680,-2.4843814895943854,-10.113651121749516
train:681,1.56535173600308,2.233427850411594
train:682,1.9900178397460104,-0.030163660933909694
train:683,3.00650437519422,0.8144779252915
train:684,3.212022100148909,1.7019618367090628
train:685,0.07914299462455471,-0.038032973874661896
train:686,-1.4756251204674573,-0.18873700034901536
train:687,2.038911711250807,0.21422272359450756
train:688,1.388980322585689,-0.03346269216530315
train:689,1.8437606939783184,0.6361093998623635
train:690,5.225571657864737,0.5536181403796414
train:691,10.121443463414385,1.6296607675546786
train:692,2.558341624985035,1.7967633688176252
train:693,-1.7467918419676995,-0.37978229402489805
train:694,-1.6073998854093183,0.22516637699089345
train:695,-14.451624130143538,-9.44640482890738
train:696,0.6553163134912291,-0.1860110375914168
train:697,-2.5922890696350325,-10.576486158295882
train:698,-3.956745018183606,-6.625752955918562
train:699,-0.8156148074215691,0.16306441446547293
train:700,17.87469288795308,4.260409845964547
train:701,22.958952570733377,6.575630447112106
train:702,0.23521185402584927,-0.2262458084982764
train:703,-0.11753876015998133,0.30198551399817397
train:704,1.1207156097567306,1.9873891683816847
train:705,-6.256625943160643,-2.6181962409860517
train:706,-7.136780718554246,-2.194621744675012
train:707,-2.0424913925401125,-2.2418363383722353
train:708,-5.954910024643193,-8.098485007785325
train:709,0.2912385904036044,-0.3391748217518972
train:710,7.860311002504663,6.5966472376422205
train:711,13.54395402960766,19.97467211433609
train:712,-8.262837259148252,-4.579794362079393
train:713,1.088874874756693,0.14798209964040204
train:714,7.851207937816464,3.3286356021332693
train:715,-0.3596774913672137,0.06879671910795364
train:716,0.27810435114210486,-0.12503509683937522
train:717,-1.9265667927097145,0.9520446030940022
train:718,-2.2582442538130194,-0.8843311374258636
train:719,-12.553445456729829,-6.495490511588378
train:720,-1.676863521677379,-0.17836056633321412
train:721,14.620561123502672,11.906182998372108
train:722,1.0490152603009824,-0.1100059231660317
train:723,-9.302030664191467,-2.085131998229021
train:724,-1.895327194718964,0.13504112357352432
train:725,0.3551171849914123,3.365417553455549
train:726,-10.191661367290632,-1.4559380512222702
train:727,-11.610482324486531,-4.269579572007383
train:728,-6.767319959997146,-0.12976401736946086
train:729,-0.03602495363382835,0.16865629023528608
train:730,3.6335827942603363,9.502356909416177
train:731,-9.70012283928371,-10.54033705032679
train:732,-0.7121860002958237,-0.006678695729878448
train:733,-7.800518731940787,-3.703491206324446
train:734,-4.31985548253355,-0.0011494480556580033
train:735,-0.5685535405187974,0.09290368544361194
train:736,1.1809929612865817,0.026906369500972013
train:737,-15.458213872242213,-11.50409870097766
train:738,3.362854489001206,12.334298958908885
train:739,0.8191840306237995,-0.05065738560413588
train:740,-1.746884127889079,-1.9565762051689406
train:741,-15.741520957797764,-6.0378146605750755
train:742,0.9815502999825935,2.642033090589492
train:743,0.6370572998651725,-0.0680062953785853
train:744,3.4156276236192986,0.0018828074610238582
train:745,-12.212767677480516,-9.01980792067555
train:746,0.8314376018421109,0.018000269123499738
train:747,-1.1996509301005998,-0.08063976606949469
train:748,-1.7436473793518346,-3.83120344601496
train:749,5.900998601404023,0.1020388277515492
train:750,-39.71625591827891,-14.274110551560195
train:751,-0.7632394088525448,-2.618665880372592
train:752,-0.26015084449142917,-0.07894738088039108
train:753,-6.351802715215745,-0.5601016347004644
train:754,25.25690083790097,8.642784442815518
train:755,2.739611630899219,0.09491662947279948
train:756,3.755155199495854,0.3422331243779342
train:757,-6.668939913391396,-4.507548645319291
train:758,-0.38767104249110995,0.13818094534095085
train:759,0.40709345276192693,-0.13607889812438548
train:760,-2.878613463149032,0.20573918453627366
train:761,-0.02780232453057635,-0.05612436183478861
train:762,-4.323220548019412,-0.5666122460867173
train:763,4.652492358175794,9.054318652083653
train:764,-1.1908716797410688,-2.307988298632922
train:765,-1.647380378149959,0.2826648891686288
train:766,0.3705899541498294,0.0050524453377416845
train:767,0.7853030096490852,0.3117179771176072
train:768,0.33661804200317724,-0.020227620838597624
train:769,0.7498694000877394,6.467959768654504
train:770,-20.911611661542143,-15.398791313325102
train:771,-1.1374678859171774,-0.11426762954334702
train:772,-9.798107706881034,-2.54250897484536
train:773,3.9185561404820017,-0.14175908093559247
train:774,1.2156166863388957,7.266136158417654
train:775,0.2421420153133099,-0.038544484208939134
train:776,-8.559737572760678,-4.579127280131804
train:777,4.317044424415631,2.4131422379223286
train:778,-12.888915241564577,-1.120930096318472
train:779,-3.7144031184743946,-2.1483763885209712
train:780,-24.512306118052038,-6.761695012416714
train:781,-0.34825263377539434,-0.01713473447766313
train:782,-0.05969826836267367,-0.492277261764075
train:783,-8.339880428797912,-14.128484679278822
train:784,-3.958285286483504,-1.190053395929968
train:785,-0.9067098452361168,-4.767799625224448
train:786,-0.8799027609704576,0.2654840338283667
train:787,9.729180411154658,1.9724772618941662
train:788,-4.055075318725943,-6.48381743347043
train:789,1.5047263944875744,4.5087572078827876
train:790,-8.393064084668287,-1.6536535224003979
train:791,14.326560958895609,8.25603441074814
train:792,7.2092094190581255,0.38366995526990605
train:793,0.6939994567930331,-0.1277022833432512
train:794,0.05260928124943007,0.23356253630299856
train:795,-1.4564022187482033,-0.035439970991989145
train:796,-1.740548246092818,-1.3856570591375739
train:797,-12.375986836122788,-6.037359857912776
train:798,-16.08174683822803,-8.674690878113902
train:799,10.627161944076573,1.1795757555809965
train:800,4.0078498593928495,5.547802679903651
train:801,-5.323464180159256,-4.768147146957624
train:802,-5.011787426047083,-0.18530301199135601
train:803,7.073012136095504,10.86843745165202
train:804,7.88439460602755,3.5041243764516206
train:805,3.7727099808830724,0.07758833418539594
train:806,0.9926025270152916,-0.08778792861566553
train:807,-6.73234987216686,-0.30508402394957473
train:808,9.749902668523527,5.853937370809483
train:809,-8.078689420219769,-12.019091670948775
train:810,6.135114733823738,0.005206376351738387
train:811,-2.1336852251067664,-0.07402315770140697
train:812,0.018429783894234414,0.30962179050578104
train:813,-1.8295703375499341,1.0682473966156452
train:814,8.797925735556284,3.6568490506389018
train:815,-15.09359940307785,-7.233609553555116
train:816,-6.037495928573381,-0.2513125254332515
train:817,-3.0874074545418075,-0.34958635032695995
train:818,-1.3625055942221596,0.08152976704424734
train:819,4.907764515040685,4.074262597209013
train:820,2.4202298159557114,0.012092328329117816
train:821,-3.7125759967060277,-5.418901850163042
train:822,8.387780135790585,8.97492049295308
train:823,-0.8621620129910391,0.19123728521671302
train:824,-10.739784880139268,-16.227893713481397
train:825,-0.9491437022443584,-6.26717672189769
train:826,2.299139529110473,0.0033868803809192632
train:827,-1.2224188199836705,0.1409116159052796
train:828,-2.022707336628894,-0.02476951304676514
train:829,10.208008122584696,4.604636685071757
train:830,0.6225159908754382,-0.11499134783250847
train:831,3.3626643381606813,0.44088421578370407
train:832,-1.056427829284654,0.08209349123498685
train:833,-0.09945048711138857,0.8490978520381354
train:834,-0.35859458465500793,-0.028262562979767036
train:835,1.16778235949316,0.007788929330078187
train:836,1.151920571469684,-0.25376607737414314
train:837,-0.4356406600326712,0.1749501998511398
train:838,5.303024418933719,0.9499333657667204
train:839,2.6317737883306473,-0.9155654378294318
train:840,6.328205706171129,0.42768209910411
train:841,31.798231086560904,13.257203694860458
train:842,1.6391807055648,-0.8004213301788448
train:843,-6.7258512696024235,-8.111743903467302
train:844,-1.8168874159618804,-0.05868041556766976
train:845,2.7840841466744557,-0.07791009413083597
train:846,0.7629010090361685,0.14174504035733584
train:847,-0.8876650065288941,0.2765781230489041
train:848,-3.641460977099229,-1.6028223345087076
train:849,-3.7473689513572435,0.28719501185997076
train:850,-0.3876484940418057,0.0612322723181847
train:851,0.5701268772702391,-0.2061411911873422
train:852,-0.1750932120926611,0.03467325198013976
train:853,-0.05474551309590181,-0.015809272891895487
train:854,0.04939926540981435,-0.36310260611018774
train:855,2.244609475112569,0.3930316429441332
train:856,-16.51726014083576,-12.866831279324279
train:857,1.3214033173954993,0.7440462833914372
train:858,-2.3169371699773245,-0.8305285388529591
train:859,9.237870622056143,16.275976053067012
train:860,-15.913456370616458,-7.788998929130827
train:861,-0.2783820793577758,-0.1207733191316549
train:862,8.627621249751185,17.18773384396794
train:863,1.5485217594089615,0.19662002023905711
train:864,4.807569899411542,0.5745913480322984
train:865,-13.379081336121061,-4.337018760756756
train:866,-4.214187405179473,-0.1598041041324672
train:867,0.5638498074087617,-0.093662914762936
train:868,-0.10387091300798734,0.011774337383613998
train:869,-7.404970579829843,-2.0538678817161613
train:870,-0.3737258726584973,0.17398424350658775
train:871,-1.6927771478884308,0.2137149937716955
train:872,-0.024899502255451345,0.08339819567289859
train:873,0.2547977392872543,-0.019912340448483917
train:874,-2.3530239871937737,-1.554981174533937
train:875,8.78419303255526,1.5463432879908054
train:876,-0.043054723277236195,-0.08002789385537806
train:877,0.10626227030686972,0.030342783092401453
train:878,-6.2856925215215345,-9.022560703665429
train:879,-4.232411201382132,-0.11657288557223724
train:880,7.870207214708597,1.5429391157424375
train:881,10.107180755625592,18.1034655943924
train:882,-6.34325197130638,-1.4423125172585776
train:883,-3.966741187430847,-13.381357463125054
train:884,-0.677743592670905,0.038183706531962416
train:885,-0.24958073584900997,0.060605064066992426
train:886,0.9205616262375766,-0.2998172721657657
train:887,1.1894690861008268,-0.23032833289822396
train:888,-2.132941823654446,-2.890761131367704
train:889,0.05114270221169123,0.12491349001037391
train:890,-0.42468699529383913,0.03822158297701907
train:891,1.1425745879204228,0.8729915404628346
train:892,-15.726035519665254,-5.940327681378957
train:893,-3.9933097695420092,-2.3286541435704207
train:894,-1.5879663765243976,-0.010620271249539848
train:895,3.00406077417271,6.917576425188936
train:896,-20.84642107264636,-5.760721716083826
train:897,-0.7502212824820502,0.07069938633100638
train:898,0.4117972452533908,-0.29642372814774315
train:899,1.4638734859712743,4.7414084568409045
train:900,0.5149883638284802,0.3870306159712222
train:901,0.556059434403255,-0.32267559976184473
train:902,5.505946515177773,0.6811103257707205
train:903,-1.2513375549037624,0.0581623543476612
train:904,-3.0918697229216514,-0.26697397181654253
train:905,0.7475385413127501,0.24959333152339566
train:906,-0.8418144783054541,0.1964358451333391
train:907,-0.8063399560938244,-1.5482940917257064
train:908,-0.00819330967426643,-0.016220777998358388
train:909,-15.530430278991316,-6.508215855840931
train:910,0.2844642923662316,-0.06044684171716658
train:911,0.5859612352213655,3.952802324856212
train:912,0.7109947111959692,-0.13313423634504742
train:913,0.5812811534704072,-0.005295171194438286
train:914,-0.8485294994915631,0.2507992433503781
train:915,7.197422391527996,7.561182680526564
train:916,1.6364790758966112,3.848752948399807
train:917,5.142707733879211,11.705498042433701
train:918,-11.707527130960283,-8.38581757457558
train:919,0.051564846375985685,-0.15132962403566866
train:920,-0.5817041680862346,0.19803714139525375
train:921,1.4678310875115348,0.28891321865568553
train:922,1.7641344483629977,-0.4144065719262387
train:923,0.18381847529276218,-0.05717156351063915
train:924,-1.4160946572635305,0.08262882592453513
train:925,-0.5012120155259815,-0.29761701449304007
train:926,-1.166194842789063,0.1607624396352128
train:927,31.431222297521963,17.531101294355672
train:928,3.0720185459604292,0.4700097040937606
train:929,-0.5381438184457401,-1.9055935114970237
train:930,13.199465794884164,3.245730269649504
train:931,-2.2252463416930155,-2.4503854714622344
train:932,1.8643653274776204,2.752295630643287
train:933,-0.21601051154151024,0.1276383114814924
train:934,-0.100532115303273,-0.3435341081232568
train:935,-0.24677078064086494,0.2787023425098965
train:936,23.626072386599077,7.719426616131365
train:937,0.8032971371103765,-0.29159943886616835
train:938,-0.17513865767863002,0.6977157587338225
train:939,-2.756822082251199,-0.16951245757500938
train:940,31.605372572453764,10.606110471639653
train:941,-0.32959878982827273,0.028119200377239764
train:942,0.19131513731171265,0.06247905646723391
train:943,7.135296996988156,0.20251512156053847
train:944,0.008779977424966001,-0.03566009662182873
train:945,5.1830643440525765,4.387508073528795
train:946,0.5584973401978794,0.7578685466121282
train:947,-10.603150575684976,-4.995353888762664
train:948,-3.168876164169352,-0.3554390100574645
train:949,-0.14277628638747059,0.11325268072208683
train:950,-2.9509470288512225,0.052520404633535855
train:951,-5.982931005839439,-4.403017645968306
train:952,-1.3696978521755026,0.2224786473303766
train:953,-0.028729019305333975,-0.5374324040080485
train:954,0.17492497170814797,-0.017887270250445855
train:955,28.933555208660962,18.572480697228237
train:956,-1.4736048259014427,-0.3648163904207922
train:957,6.8704224551350075,11.911742204816429
train:958,6.142440422806985,2.5516420600830814
train:959,-1.3114721770741,-0.8940786512607526
train:960,6.451157983520772,0.29365911582216186
train:961,5.246080053652576,9.071230235145029
train:962,-3.6044889589039073,0.09205050246936984
train:963,0.5844046948446497,-2.7238154569957644
train:964,0.5084940617414888,-0.27207117122765917
train:965,-26.50657465948855,-9.977093911838617
train:966,13.952900144853668,4.776336388276343
train:967,0.47211364976760384,0.5481745605218296
train:968,-2.061398151052626,0.16102122634456406
train:969,0.10229188356339544,-0.34261323259466675
train:970,-25.041812515355513,-17.17889578128531
train:971,0.9156688451967894,-0.27176245323480575
train:972,-0.20076531900029815,-0.38105190390354826
train:973,0.18981113249729353,0.0824828839158988
train:974,-6.252843382675291,-0.9582427044644077
train:975,-7.098082930383306,0.03367862081277651
train:976,-29.073159107753025,-8.70429642004963
train:977,7.335550937550617,6.816460725629499
train:978,-3.78728063645877,-0.060907778794296624
train:979,-0.1887268878833383,-0.16715213447345673
train:980,-0.8820620655641424,0.196709682558146
train:981,-3.281445926676458,-5.731033430878295
train:982,-6.42614750961258,-9.578080756543105
train:983,-0.2585925606779116,-3.2920813972826357
train:984,1.0301597588304436,0.3975327341606389
train:985,-1.7982899431380193,-2.106226824222208
train:986,1.1423746738338076,-0.19424327963282478
train:987,6.983529661093572,13.031068050416945
train:988,0.21679662846234454,-0.12904472156540958
train:989,1.4247158954011194,3.182077869440936
train:990,-4.440720284885745,-11.047810083680858
train:991,-1.0246819372466387,-0.019884236268912697
train:992,-11.434262241383543,-0.7296801143210685
train:993,1.4399435373451928,-0.18521627421887227
train:994,-0.09167894322334216,0.14517103970963482
train:995,0.14934119893180597,1.0673516293896164
train:996,-0.35364891936456366,-0.824276642845652
train:997,1.7781256449271798,0.5009014758925039
train:998,-3.9485592337114332,-0.13662728627804932
train:999,0.05077751031625809,-0.03926941511498566
train:1000,-19.172044824448946,-11.482884467886498
train:1001,-0.4729223126040064,-1.8499131400124125
train:1002,2.4133732277012903,-0.13655595587304623
train:1003,14.807319003552685,3.9899420694899868
train:1004,5.475199263739872,-0.002976933031837478
train:1005,-5.184537837456095,-7.055300089701322
train:1006,0.1501227235355273,-0.04794119511202277
train:1007,-9.050195634866917,-4.342245282192144
train:1008,-0.2896224813359566,-0.38084518838984927
train:1009,-3.120135715103121,-5.9729947242974175
train:1010,-9.962821107091635,-4.258843490089556
train:1011,-0.6698867366086868,0.11898864391000627
train:1012,1.534858561421773,8.849450881195864
train:1013,11.44090433006364,2.5986037161641637
train:1014,-2.3276372227760436,-5.968356536042496
train:1015,0.40244033616683766,-0.07331498944053616
train:1016,-20.27868366331837,-7.771618847969391
train:1017,-2.20127571287489,-4.612514474819176
train:1018,4.305085377787716,2.5846161090646755
train:1019,1.4865528092648095,3.476530351936981
train:1020,-0.8467623519491807,0.26275764308833816
train:1021,4.150303523433567,0.26527503574170763
train:1022,-4.7495782503766435,-1.599570238683806
train:1023,2.07427837283896,4.858391462332471
train:1024,-1.4179115508693263,-2.5856530276506766
train:1025,2.1397884755859646,3.021095987570496
train:1026,4.202402994071414,-0.10461662574642733
train:1027,0.060650709154407,-0.3551633893725325
train:1028,0.8406871152216684,0.7189016023237937
train:1029,-10.405774003220332,-4.034670858391728
train:1030,2.0567333546978324,6.463529294538952
train:1031,2.179145050409774,3.991488512670454
train:1032,3.263758471015485,1.2691453451433914
train:1033,-2.9206158776633697,0.16714009114654016
train:1034,-1.4841654037560112,-1.0785589797817696
train:1035,7.972959335896974,9.358922307176499
train:1036,1.073283435666628,-0.22925124378267714
train:1037,6.781864699012791,7.29136429605915
train:1038,-7.223026445018933,-0.968989913925415
train:1039,-7.187718827823803,-11.84997013390262
train:1040,4.307368582623454,0.41527788433488055
train:1041,-1.1835455258413417,0.1842616709202447
train:1042,11.667934205487567,10.831646940681141
train:1043,7.853544608047459,7.2032472788642385
train:1044,-0.8342600504138015,0.2893772942706357
train:1045,0.9506607841016597,1.8602668311405466
train:1046,-4.217553865414778,-0.05589125407123849
train:1047,1.9505455007185568,3.2577445924249866
train:1048,-1.9623216595590862,0.0827612151562209
train:1049,0.21301127847810944,0.8995114004085327
train:1050,31.32379869553752,17.8381142052079
train:1051,0.5273859429266268,-0.2754289073823702
train:1052,-1.1877076906330224,-0.32503078707423716
train:1053,1.73813655123165,-0.1982566135399193
train:1054,0.28503637209548743,0.1906919642704643
train:1055,-0.9152257204094444,0.2958185725032258
train:1056,-2.9657992507372914,1.5436270261682874
train:1057,-3.4550587581567993,-4.288694979261734
train:1058,-16.519162579073967,-4.917623719822684
train:1059,-0.07716529676419764,0.0939557375870027
train:1060,-0.8694639912337799,0.12758452835612005
train:1061,3.5256640562241572,4.282410996083704
train:1062,0.10372859171726212,-0.03172472684740259
train:1063,-0.6839258195703605,-0.1115632085680594
train:1064,4.801997410476263,0.010539322751390287
train:1065,-7.13945956731489,-3.9737735237459995
train:1066,-1.8913874924632026,-0.2836278381246417
train:1067,-2.58624887472037,0.03459956767177156
train:1068,-3.795550570813913,-0.18261057452410895
train:1069,-8.607676040898045,-7.408078017760302
train:1070,0.03787956485597291,0.02141292969006313
train:1071,0.7519738445367249,-0.294972368397145
train:1072,3.460010875430279,12.288077997753355
train:1073,-0.5597059474366326,0.15729656658651708
train:1074,-0.27278948278471515,-0.34018956809347134
train:1075,9.001116553526067,2.6960284952471203
train:1076,-0.18057504231424248,0.05819801955016275
train:1077,11.907006347589418,6.262806105503463
train:1078,-0.4552915173722262,-2.6015445859205073
train:1079,0.48736872178402657,2.284435367064452
train:1080,6.599848502147403,0.2592754353768967
train:1081,0.29148290401410737,0.014761726075548903
train:1082,5.266766047535965,-0.03499629587286984
train:1083,0.8352629346436691,1.0775433176564595
train:1084,4.485224241904843,8.539050632070847
train:1085,-0.09881610857374562,-0.6730123873704044
train:1086,0.7521521400069969,-0.3262484684180451
train:1087,-0.9863012221154001,0.23923287551831515
train:1088,6.507013979321063,6.387332443984918
train:1089,0.21647467379959795,1.9999440329662805
train:1090,2.1321861612968207,-1.3005681602958539
train:1091,0.16200296681999687,-0.032524483348297356
train:1092,3.4041669674584805,-0.10735899449717659
train:1093,-2.571710006542158,-0.20391218736140027
train:1094,0.019889040497405377,0.277172804635415
train:1095,6.2543049070131715,0.07523114962166344
train:1096,-0.410886182028422,-0.5155361095842463
train:1097,-1.7854794019760685,-1.368043014247728
train:1098,0.043629186970322614,0.12803305394277956
train:1099,10.546185581001879,4.433792376083967
train:1100,-2.7299545588430747,-0.12996531177237963
train:1101,-0.3642392518738846,0.12192717127451405
train:1102,24.826364001300522,11.57324804769851
train:1103,-0.8994204197383492,0.13778934141748383
train:1104,3.8928801980134007,0.4933531497742657
train:1105,-0.11102690747585103,2.3775144125529994
train:1106,-4.632603404216796,0.17560686755959834
train:1107,-0.8209657636538896,-0.22074980079278744
train:1108,1.115492738014788,0.0070538338413187185
train:1109,2.8970081755397032,-0.06819574893427355
train:1110,14.517722527848923,3.144245934557011
train:1111,-9.982514039372676,-15.796901711014895
train:1112,-10.06120580286219,-7.15920452277476
train:1113,-15.433723001882408,-6.267563618014426
train:1114,-0.7886945159929083,1.9698140698929705
train:1115,-1.1125783496753425,-3.4938716891769706
train:1116,-0.031951355431682954,0.18666857277626436
train:1117,0.7765565359014293,-0.34669119184869407
train:1118,-3.859005161571505,0.041047622292836955
train:1119,3.288586870740134,0.32587749049315295
train:1120,0.3117987081498982,0.010148824449200802
train:1121,-1.4610062866545999,-0.3671765708615349
train:1122,-0.851689536809525,0.20604455000009192
train:1123,-2.944374969482867,-0.17862876865602578
train:1124,2.5079711787381687,0.06548584702932966
train:1125,20.897213489980707,5.730903835043933
train:1126,17.14131689461829,3.049148238606876
train:1127,-0.10475402186269803,-0.8442861053963122
train:1128,0.03973365178020892,0.6467503270199162
train:1129,-8.518494831775477,-0.11488934535335404
train:1130,-0.14748414689813877,0.0031756710517050757
train:1131,3.4369207984262213,0.08578491102430238
train:1132,0.96495696587705,-0.05247153179457978
train:1133,1.3685386423128025,0.12437152159316034
train:1134,-1.7494325675769424,-0.6597310939412568
train:1135,-0.7491961416425467,-1.5224081450892706
train:1136,13.904764552128567,3.3966317386849063
train:1137,4.871540082546008,10.276883560739737
train:1138,8.066761814835717,0.5524192902627543
train:1139,0.12367873904113927,0.09071205874989165
train:1140,-2.0567903638143856,-0.6517436578498195
train:1141,0.9178527903639405,-0.23937787872015748
train:1142,1.5389256507931912,0.7327910587859978
train:1143,0.31500163401318626,-0.06505492854117698
train:1144,-4.368946013709597,-0.0368350510530398
train:1145,2.871578173889287,3.6488258066841532
train:1146,5.6132673706200285,0.20766988460849262
train:1147,-13.978140168740373,-20.81436571284612
train:1148,3.197170808095801,1.637783303433192
train:1149,-0.4398367637274284,-0.1898518945792138
train:1150,5.514637663864249,0.26907295182569274
train:1151,-6.188335756089366,-2.8694943990984596
train:1152,-8.851601911056322,-4.43692241407438
train:1153,2.0988079474957675,0.3358276540086556
train:1154,0.10093142171233085,-0.16720606025963908
train:1155,-2.967282334310088,-7.306872156568941
train:1156,2.239233645848542,0.9437037961761794
train:1157,0.28003933353394794,-0.0776485968660946
train:1158,5.524253996346921,0.12275645856308011
train:1159,0.6316025510285803,-0.11724167944954633
train:1160,-8.864878995906455,-2.727423634202441
train:1161,-3.024640940175357,-0.7801622112106739
train:1162,-0.7086472885044941,0.09856703427923821
train:1163,4.335817751898241,4.680093981986718
train:1164,-23.71336016397338,-10.339684050409824
train:1165,0.260282591465959,-0.012172420862407343
train:1166,18.485608020658116,21.63380592184344
train:1167,-1.101064228119267,0.13347855972152636
train:1168,-0.08641818078823874,0.3253415138299596
train:1169,12.758948131280329,5.192382103000115
train:1170,-0.5666576111113164,-0.7523309417689936
train:1171,-4.882963718465199,0.0341980488220091
train:1172,-1.3278297985240295,-0.8825826152080225
train:1173,-2.305047395905005,-0.7852657590278358
train:1174,-1.3574547415780023,-0.11327799150433396
train:1175,-5.079335606415481,-0.0039859729410113565
train:1176,-0.3394506025083186,-0.6560100720338649
train:1177,2.1001585298716217,6.2846760076774135
train:1178,3.763466976334242,0.03175755034523298
train:1179,7.035028924555093,5.1540987893133305
train:1180,-17.29669076072893,-7.9557796876064
train:1181,-1.355563461335326,-0.033806362056608114
train:1182,8.794127367910596,1.7095412628838822
train:1183,-1.2355101706998437,0.0759751257458458
train:1184,1.4899785463513777,-0.18587465385705088
train:1185,6.903506841720384,10.585999862574699
train:1186,-0.348846797037474,-0.3551180232349505
train:1187,-2.0187662396236914,0.0006777515989014465
train:1188,1.9309780958872516,-0.008927315417196227
train:1189,-2.164671443615644,-6.420923418127855
train:1190,8.229029754358885,5.102011615650345
train:1191,3.426597792893188,0.34359239657567325
train:1192,0.7127146697155808,2.5470826205952832
train:1193,4.812972693831438,0.23598220630151379
train:1194,2.1541990268155584,-0.04572809796639654
train:1195,2.678662475055045,6.9726412152783706
train:1196,0.8495244801412623,-0.15083487634656714
train:1197,-6.32597474505802,-0.5117652990541623
train:1198,-2.8233376831164056,-0.24780228487264383
train:1199,4.108326214409177,8.096050013261262
train:1200,-0.83752841327172,1.5431615239452372
train:1201,0.7139257771472847,0.26547889803920643
train:1202,0.6980658487897308,-0.2933601585832649
train:1203,16.146059026815333,23.08051207681915
train:1204,-28.910786097105262,-12.930543597073049
train:1205,-6.738055327215561,-6.423525551302369
train:1206,1.4266957422333308,1.127114239952555
train:1207,0.7280946880361381,-0.23621209268530985
train:1208,11.926684402543083,1.5923678052109569
train:1209,-1.9722611089957067,-8.704766059436169
train:1210,-2.9214782977346982,-0.08415079126455735
train:1211,14.521226138445973,4.456656338782041
train:1212,0.045276618518976144,0.03766477783556485
train:1213,-4.578721443792709,0.036247870670583236
train:1214,4.615127485554449,1.4181144735072595
train:1215,-1.0668303355358528,0.10008765585309434
train:1216,-7.951068916489421,-1.4506384874521596
train:1217,-2.0229030664671845,0.043464011092722035
train:1218,-6.043166514886045,-0.46681458975092766
train:1219,4.019216137508126,-0.07425170031903688
train:1220,7.322293844109145,6.020429954448843
train:1221,1.4043685931737748,4.984828885024769
train:1222,-13.278072651734561,-5.534453682408627
train:1223,-0.8456951361681918,0.21007343393547712
train:1224,1.2186172573040457,1.8697777420220403
train:1225,-1.7982797149754486,-0.01017131768045032
train:1226,1.8155537461898725,-0.010937263569373634
train:1227,-0.4578378649359274,0.07532116859277736
train:1228,-10.076992506874065,-0.39125329310547186
train:1229,0.3539651219527321,2.9116215058311754
train:1230,-5.756824454545786,-13.978674850761589
train:1231,0.16477317166905914,0.09536672432836905
train:1232,4.953094801722445,7.948193496554633
train:1233,-0.2571641047915738,-0.024623428377318776
train:1234,2.5855099493560423,-0.6735303887715369
train:1235,1.0945098949585992,3.312804246725261
train:1236,0.43601218768201916,-0.17182855582546008
train:1237,3.8718934031671273,2.5761511872421474
train:1238,0.20162547387065216,-0.09588307361865755
train:1239,0.21646862988535143,0.026414261036855624
train:1240,12.846158094525574,10.040825571638672
train:1241,0.8733279714846477,-0.23680014054415538
train:1242,-0.04500667512061754,-0.044316041268955136
train:1243,0.35848852684976173,-0.30831236674961016
train:1244,0.048964103584065874,0.2755954753895814
train:1245,-4.675077708958841,-0.11218677896859652
train:1246,8.85504909368242,3.4822493384885096
train:1247,2.2938511041447796,0.015829756229660347
train:1248,-0.583275353332086,-0.140506519023738
train:1249,-1.321362810280268,-0.19166240291900255
train:1250,0.25510737366326763,-1.0189338942396768
train:1251,-5.76591310682309,-1.9868538221806071
train:1252,-2.942559005710032,-0.20921374838285078
train:1253,-3.0865106306509222,0.1230092535184111
train:1254,-7.343443532800407,-6.492218443250076
train:1255,0.9091307247315108,1.6376141077125246
train:1256,0.09907047727000746,0.43042803437510935
train:1257,-0.3977550809531658,0.010553160849960885
train:1258,2.2809782641744416,0.28099889622937635
train:1259,7.426066921888702,1.1160108064489622
train:1260,-0.5676973968199557,-0.05852142009491784
train:1261,-13.882046581385724,-3.156230643702888
train:1262,-4.285296845788506,-0.05852134876451284
train:1263,-0.030644707663236292,-0.533992566557179
train:1264,-16.07071901931056,-5.244841395874473
train:1265,-3.6218326682089783,-4.664365402180791
train:1266,-2.2736864547128435,-0.251830312843169
train:1267,-10.142581994110115,-8.241396330173899
train:1268,8.584148769325505,6.228978374234792
train:1269,-0.15432109243125902,-0.7134420329437323
train:1270,-18.138784683529877,-12.279913294093957
train:1271,-1.4268986188956414,0.10699072712767453
train:1272,-14.61166697939103,-9.182589040681789
train:1273,0.6516425434623141,-0.3209249376318536
train:1274,-1.060039068046942,0.20526348206530798
train:1275,-30.066905067161393,-11.17710985286512
train:1276,-0.1586064600902724,-0.4769316664141376
train:1277,6.69256819060306,1.0135619416200172
train:1278,1.3710303621900448,-0.26613305767196094
train:1279,6.083674979671722,3.2264625006500665
train:1280,13.837004834761542,11.023719748841094
train:1281,6.819178895737762,0.3161440287480497
train:1282,7.562959254989672,1.9072167890352083
train:1283,-17.03146148760116,-8.771526182729913
train:1284,-1.6587957049539281,0.13781616164976498
train:1285,-4.028092496030655,-10.328363629814213
train:1286,7.542230488790077,2.8338576689400337
train:1287,-2.3564945887207096,-0.012475004440430496
train:1288,4.743955842301138,0.010975864830009271
train:1289,4.600912664163147,1.4125310147252366
train:1290,-0.36978675154833673,-0.1574677480469956
train:1291,0.11689607250711745,-0.023365017372254063
train:1292,0.3967136111891526,-0.04062847332150976
train:1293,1.686380188956412,-0.06736924353150262
train:1294,-1.0230496154836013,0.07711042047187516
train:1295,0.4105246526171408,2.323209148616038
train:1296,-8.85864167640406,-17.06392828771751
train:1297,11.848752312582706,15.417643023583686
train:1298,2.697165221146004,4.266152799532158
train:1299,-8.756822177675568,-17.0646324614757
train:1300,14.429969542154453,6.726670582454834
train:1301,0.6056273185756569,-0.19912969769715727
train:1302,1.606573788204897,2.6483250029540057
train:1303,2.745911249210001,0.5944849700052335
train:1304,-1.217619022238983,-1.596600753923527
train:1305,-1.6971964114938283,-2.2885256549670157
train:1306,-2.9199096695294893,-9.531429530384598
train:1307,1.9844803357758893,0.786724192000058
train:1308,-4.308964813977825,0.15090864349686933
train:1309,-33.0467909682612,-13.797420297146026
train:1310,-0.38564958563389373,-1.1609911063587441
train:1311,1.6702368940039931,4.008726503665123
train:1312,1.0268815164973144,6.86086761192499
train:1313,9.47409747529733,1.2112873990548454
train:1314,0.3500721438032611,0.018403785224602273
train:1315,-4.783198685664037,-4.937971145832249
train:1316,-0.18468339302330533,-0.06621361964004735
train:1317,18.88624514856462,7.25133081955521
train:1318,-0.09997096111130888,-0.014488804434478073
train:1319,10.88584054399409,14.540237955732252
train:1320,-4.756452040540844,-1.6341435153455695
train:1321,9.415722562005689,13.2673782638301
train:1322,5.418782578664097,0.18028157698188163
train:1323,0.8166802229180641,0.1910551073623351
train:1324,4.259250191808133,2.275263988910773
train:1325,30.985101460495137,10.673206703801771
train:1326,2.1775048250665683,-0.004873394509654946
train:1327,-2.7336273990390287,-0.03274517962137696
train:1328,-0.515625356254458,-0.5020453900860098
train:1329,0.01299769973606657,0.11621496111146065
train:1330,-6.249160779233247,-0.26710878628199836
train:1331,0.8447542045930868,0.849871644271609
train:1332,10.877026657356762,1.2310132519152133
train:1333,1.5331362783197586,-0.2751000028849009
train:1334,-12.277147452034303,-5.540131012003634
train:1335,1.241742203044141,-0.29902464870537127
train:1336,2.9409492917777276,5.7359511745019525
train:1337,1.2070059682035459,0.748182020273517
train:1338,-0.2915688541815719,-0.9993972096133772
train:1339,-0.10423773211110224,0.07168517252814925
train:1340,-3.879280169286132,-3.1528963752514234
train:1341,-2.38737155185667,0.1851039403425213
train:1342,-0.7091324288518964,0.02819245670317795
train:1343,1.326649434961467,-0.3617571720110192
train:1344,1.7287691815242856,7.145786928453179
train:1345,7.370069126561858,1.1032349602696667
train:1346,0.48200358559905077,-0.10224802831789431
train:1347,-1.1731220983485207,0.07974579361511977
train:1348,-1.8099624849848253,-1.9398613513645637
train:1349,-4.972562422587256,-0.3305114587426505
train:1350,-5.038052417696478,-0.20169445373944883
train:1351,-5.857411924600952,-0.09682163908768834
train:1352,-1.2107566225285558,-0.4445834704060409
train:1353,7.64199738125716,0.3542699875613976
train:1354,-0.8646153772586401,-3.050051626674711
train:1355,6.255265424461886,0.2829147595773547
train:1356,0.03769057630664946,-0.04111145149378578
train:1357,-3.655045371742973,-3.9522865231861055
train:1358,-0.06860699796202427,6.513572424116168
train:1359,6.8303224788588786,10.150852436034336
train:1360,-1.9835897288760624,-0.6401376303125748
train:1361,-5.307141892361844,-1.3090914303896746
train:1362,0.21531122030714545,-0.24140808470735575
train:1363,0.5911594663898416,-0.02631895210424251
train:1364,-9.851843683530243,-19.257116831985762
train:1365,-2.12412096326991,-2.3469281373673554
train:1366,-2.231289326106561,-7.581454270804082
train:1367,11.595579253627275,10.156347730435776
train:1368,20.796722722553486,5.546059935448615
train:1369,-3.470458651656898,-1.4596948809929735
train:1370,6.790900815727799,3.4077609937951103
train:1371,1.0095473379800934,0.18516870835026414
train:1372,3.3488702661842313,0.22721141970233238
train:1373,-31.284750068500614,-12.8180732383236
train:1374,0.6279441232435219,0.07707703784233372
train:1375,2.9028024296361807,3.653402365469152
train:1376,-1.4861041054796984,0.2567539055600371
train:1377,-4.826925475404551,-0.003926340722428756
train:1378,-0.31339180131802524,-0.4051500252689862
train:1379,5.749022982926174,0.17993719378652664
train:1380,-2.3244757907086404,0.03754800996257478
train:1381,2.9768306159097953,10.729402508792935
train:1382,-8.898531510431004,-7.035222007301049
train:1383,0.0023172896586486635,0.2647405570170194
train:1384,1.6326848924992468,-0.1784890323926247
train:1385,39.0474431684309,13.222674072406557
train:1386,12.239956285099852,14.799857804213941
train:1387,8.300704998324687,0.5351168165819618
train:1388,-21.96074591077142,-9.75843141126647
train:1389,-0.5172451252725218,0.2775161892050999
train:1390,1.3664367549044596,-0.1446134384221966
train:1391,-3.057711844182799,-0.15838990752287568
train:1392,-3.8634883511929705,-8.602094215761184
train:1393,5.628677957199178,0.3846042409146367
train:1394,-2.1391554324163353,0.03283335551348976
train:1395,4.187616790325576,1.6219011607768212
train:1396,-1.6910506805380918,-0.16941872942283526
train:1397,-10.264362217012417,-5.715721360818709
train:1398,-0.9373820126624165,0.17096425681956645
train:1399,5.924447129014546,1.4659640504698201
train:1400,21.07694834167628,13.880865398315978
train:1401,-1.1852798967718488,-0.9537223540385511
train:1402,10.00633758150615,1.3101179577596032
train:1403,3.0716861306768712,0.2541103294202171
train:1404,8.33407577346205,7.883653175464587
train:1405,-0.06654311747596242,0.005630007627051806
train:1406,-2.264175193354764,-8.583712085070266
train:1407,-0.5127342731204656,-0.09374016559155435
train:1408,-12.605870368904027,-12.508896448305194
train:1409,0.23962216798899716,-0.06752403051035932
train:1410,2.515295008055493,0.35800834275720517
train:1411,-2.922672668173104,0.1118330630017151
train:1412,0.1652791170289638,-0.2594582436933907
train:1413,-12.109894678007208,-3.437552625245962
train:1414,-0.5677445858427266,-0.22029770868587778
train:1415,-2.777841421251107,-7.693682676819762
train:1416,-0.5922766013110563,-0.015306536197433634
train:1417,1.0815808000941205,0.11543460648072672
train:1418,4.3515100778645746,1.5814155921659707
train:1419,4.288887687607079,10.708851363146682
train:1420,1.9779734809439242,8.163813327370969
train:1421,-4.4445005207886945,-0.4285914075955605
train:1422,25.672149360956645,7.587123551574852
train:1423,-0.7074252555354985,0.20551356646524885
train:1424,3.3726056472632235,0.0170199753675421
train:1425,2.1329095713404795,0.00798155708878906
train:1426,3.214003574188802,-0.0301842040905506
train:1427,1.9348689819125604,4.658113945667442
train:1428,2.0478576341685972,-0.2757518201258192
train:1429,0.15189359040975373,-0.047328609593856125
train:1430,-2.8886779751189073,-4.054856221721126
train:1431,1.746716119962806,0.1997014224047861
train:1432,7.427743875633867,3.665706004367327
train:1433,5.273073104510435,0.2319651632133591
train:1434,-1.9483899723044082,-0.02357815262240333
train:1435,4.131048077560678,5.358923761958117
train:1436,27.201363806614427,7.758816407060558
train:1437,-0.6154894162659658,-2.3364257338563186
train:1438,-0.9737331348980299,-6.72159819451313
train:1439,-0.8641076884619338,-0.17775311660420773
train:1440,-3.7564417964742107,-1.77374168308256
train:1441,1.4684008426583883,0.3520076724363192
train:1442,-2.8417009542632146,0.5747136083464737
train:1443,-0.159626951764971,-0.7850653205897771
train:1444,8.408186249952713,6.969561453711957
train:1445,-9.315441644987985,-4.944082164289674
train:1446,-3.540939990100774,-4.601191771650604
train:1447,-11.020401029105683,-0.46538940825896574
train:1448,12.581657810439228,19.291374768438537
train:1449,4.980544400564155,1.1839866851655783
train:1450,0.35197202500082647,0.1990018137925157
train:1451,0.22443195182160428,-0.06133633186755527
train:1452,-7.806725366955469,-5.564222998954241
train:1453,1.4610042539118653,0.28133443445451095
train:1454,1.115906978598914,0.46534940341328795
train:1455,-5.951472897102853,-0.22035448768826027
train:1456,-5.745228042772662,-0.7700322950745633
train:1457,-9.172240860163102,-0.34328901685166613
train:1458,-0.7559011671243249,0.09247441906630328
train:1459,0.5796560379128177,4.053350234391824
train:1460,26.56161269412283,10.500562015391704
train:1461,2.9693677765648014,0.7763714396787178
train:1462,34.30467765823968,10.71988189697636
train:1463,25.90525290528183,8.951472762220462
train:1464,1.1764653721412275,-0.131491211796206
train:1465,3.4633973270742446,-0.09423206006445575
train:1466,-2.914331136679964,-0.2651185966520068
train:1467,-5.563009607238256,-0.49247370569945353
train:1468,0.19699537064134764,0.15076220217539796
train:1469,12.949028304499999,1.5914998568428793
train:1470,-0.5143738010889507,0.062311929328311644
train:1471,6.455796455246725,13.876808124879402
train:1472,0.016801646379521668,-2.2193932250636794
train:1473,0.5184264212017815,-0.09858949184528523
train:1474,-11.70306393274748,-6.89360604506733
train:1475,2.978092864154354,-0.10199409207608329
train:1476,-0.9647383957497867,0.060546929786914894
train:1477,7.442651887497596,0.22304772130149134
train:1478,-0.019228451026306215,-1.0328210681289207
train:1479,2.3457725117705954,3.6758372044507275
train:1480,7.103923503051021,5.201328077073984
train:1481,-1.635929020318751,-0.028592180781286364
train:1482,1.7035158481364592,1.149414835111915
train:1483,0.9041886625437905,-0.16848002129299444
train:1484,-2.5826969128093458,0.140070202447863
train:1485,0.3593889538433711,-0.031164925828938247
train:1486,8.124174351012723,4.323275329145122
train:1487,10.487532647654897,2.418365050176656
train:1488,5.322251039984817,11.070902814499306
train:1489,1.0181692141109753,1.0817020229289502
train:1490,2.211751502853196,0.31587967826710817
train:1491,-1.4434842818792566,-0.2022777937915642
train:1492,0.3304140802582584,-0.25819562419443076
train:1493,0.00028955642894570865,0.11627930113677344
train:1494,8.390065665208727,2.3585048596196727
train:1495,-4.206821733378904,-2.4983206449107986
train:1496,0.9304150661253043,-2.891395116007372
train:1497,-0.8400403570158642,0.23682832756566058
train:1498,-5.967032256955763,-4.446009907671775
train:1499,-2.8155828762216575,-2.0793720680250205
train:1500,0.06717023296046554,0.13175849833528158
train:1501,6.342596265992061,8.385166410819835
train:1502,-2.0281105959652708,0.2874627862003525
train:1503,0.21433326849041262,0.2512430611303074
train:1504,-22.228500610221268,-4.9207548392807
train:1505,0.3772453497973142,2.291389225587394
train:1506,-7.035353609335296,-1.1827724161696813
train:1507,-2.0262727811178523,-3.2888966373600574
train:1508,2.586647135067347,0.2138670701951621
train:1509,20.208311407170598,6.426916253615719
train:1510,-9.779509187995092,-7.051796910850809
train:1511,-2.8076672082246557,0.05901261277529817
train:1512,-6.078052917749842,-1.071831523964307
train:1513,-0.3167731388807054,-0.05781503509417213
train:1514,14.065675865361635,3.8110682394718083
train:1515,13.681252234796107,4.728906804738441
train:1516,-5.798728306766257,-0.09644715446142207
train:1517,-22.14573617836257,-13.068785345828502
train:1518,-0.8775405203330348,-6.607946604256829
train:1519,0.47260018486444766,-0.7414249508264492
train:1520,0.13336225195524398,0.047102717712740265
train:1521,-6.062617690597225,-0.27981101948333076
train:1522,-1.637286111525332,-3.0405390038634974
train:1523,-2.74109674721475,-0.32567083479833
train:1524,3.658485580621865,-0.15237375850410406
train:1525,0.689053907731709,0.0473632876822166
train:1526,-0.1976350363370883,0.029296152059790942
train:1527,-0.805570519318596,-0.00555624047674963
train:1528,-11.022676330361254,-7.919846853425277
train:1529,-14.713851902473197,-6.051772023582843
train:1530,11.13270375647617,3.3383730583810527
train:1531,0.03199314106723594,-0.04914610831333516
train:1532,-2.3333794062267055,-0.1946967983478345
train:1533,-4.306900119887922,-1.6058025188297371
train:1534,-1.858721995626757,-0.007533162651410602
train:1535,2.4207609830346835,0.26609476475600324
train:1536,-2.438597444427657,-1.5306128535943475
train:1537,-1.559338214404618,-0.3587929657007103
train:1538,8.809230644696134,0.7008815447686703
train:1539,1.426164342696119,0.07137994972514097
train:1540,-6.854011076450153,-0.22709242907525823
train:1541,18.920637810126124,4.428136730932081
train:1542,1.802097203578266,0.6550855701661487
train:1543,-1.637762186001365,0.021066691904178078
train:1544,-0.6799256781721341,0.0676967329324008
train:1545,14.68428257632007,10.352567973664229
train:1546,25.69026994570063,10.585921113807576
train:1547,-3.9623653935163765,-0.3617585986191193
train:1548,3.347548973546649,3.1476817775052006
train:1549,7.0763725524165615,0.1732444045458956
train:1550,-0.25073791296897574,0.22159022713606294
train:1551,11.945842680871547,4.899839563428434
train:1552,-0.20554965827200872,-0.005222342850930109
train:1553,-2.44278029800272,0.14523823295114774
train:1554,1.2531082487011767,-0.01430420134633005
train:1555,-13.304193519275001,-3.1272779176337493
train:1556,5.8595122441830405,0.09051226228547796
train:1557,-9.417424794317613,-17.110960703560355
train:1558,1.259025473206747,-0.055216040457479104
train:1559,7.76998098475878,7.3660791861188395
train:1560,9.770408274812482,2.390101375819847
train:1561,3.4834845085307493,-0.02352608142675107
train:1562,-2.0202135246274895,-0.5232395080029613
train:1563,-1.9444405068025565,-0.018826905675551717
train:1564,-4.243050815038386,-2.5346067072574967
train:1565,18.824905927793303,8.350139187460632
train:1566,14.569977280591257,9.382912148987142
train:1567,13.458199254946381,2.90345617170966
train:1568,9.324324631104094,3.3033572478866504
train:1569,5.62065396366222,2.73810316262063
train:1570,5.442598855210696,2.9649344211737336
train:1571,-1.478955549675523,0.012131702712679535
train:1572,-0.05635272936899205,0.6705685478761221
train:1573,0.3140226361343723,-0.09826065867822092
train:1574,0.18827679188252175,-0.018323954989874852
train:1575,8.172592612957967,9.290039961673104
train:1576,2.144175892412448,0.4558881384936765
train:1577,0.06192585883129974,-0.12267020859190239
train:1578,4.036326458739986,0.15775115525760186
train:1579,-2.317028293607503,-0.2810555210594199
train:1580,9.4250971379185,1.7813813949611363
train:1581,-1.9530777251772946,-3.089449406609264
train:1582,3.6020423953067016,4.747313473088681
train:1583,-2.264452748493623,-0.3317720096598653
train:1584,1.7984134378450203,-0.17681768967299705
train:1585,-0.012700791181838922,-0.024029460094857957
train:1586,-0.0041130864122738975,-0.05379956127492752
train:1587,-1.649128696574881,0.2264687275254401
train:1588,1.1972390027811914,-0.1473662214120763
train:1589,3.709381847408177,0.13640724349014371
train:1590,-1.6383117172813164,0.3746239759682227
train:1591,-4.306735539453825,-8.190108057046949
train:1592,-2.0627924355776472,1.0922778967571403
train:1593,-9.709053884874125,-0.10582054032206967
train:1594,-1.3142200659320982,-0.03319563112897156
train:1595,4.590454367934288,1.890079231250783
train:1596,-0.5032962361080652,-0.048275378059462304
train:1597,-2.263506643455804,-0.02698617671264153
train:1598,-16.708554675902498,-7.771724416968795
train:1599,7.108148664025809,1.267595050121054
train:1600,-1.6157246799091602,-0.12363388236349429
train:1601,0.07867679962373282,-0.08455808787712507
train:1602,-8.644692691075495,-11.58894307919103
train:1603,-2.1993904765464607,0.7463274297434364
train:1604,0.4007031757374475,-0.05227430322474619
train:1605,-3.70233249189116,-0.15303827255711297
train:1606,-22.47777209007234,-6.025897347150398
train:1607,-0.9153070807935318,-7.099374290987878
train:1608,-7.071989957831696,-2.191696484765835
train:1609,0.3731915105455901,-0.011051249556568582
train:1610,23.200878370192537,8.212565091296009
train:1611,0.6010705559211513,-0.23725686912739025
train:1612,4.154688615677648,-0.1992195740074612
train:1613,-0.7449314627669156,-1.4500146317300027
train:1614,-1.54385533331275,-0.03902489448663504
train:1615,-1.8968367785311493,-1.213597280048532
train:1616,0.6499172384031768,-0.19902291608086764
train:1617,8.543389541480026,10.46572881073411
train:1618,-10.039912628055268,-0.7674744580815571
train:1619,-0.38716591073504614,-0.8498758412539753
train:1620,3.9320349990846726,6.042518983626963
train:1621,3.852954565417459,0.2595969928426507
train:1622,-1.43487658570103,-0.12883187163688034
train:1623,-0.8285699376089558,0.10407516815357774
train:1624,0.4183546597526101,-0.08206951270737686
train:1625,3.0098038874563326,0.03387549273058507
train:1626,-4.998084942617291,-3.5286278569971623
train:1627,0.7209679833065459,-0.20232102001699603
train:1628,1.515305569001363,-0.07698479611713574
train:1629,2.940163118009201,-0.32374819506187635
train:1630,-4.004521695385759,-0.17535384710152335
train:1631,-4.1519964574158825,-1.2316826762546382
train:1632,0.9208449928324417,1.958808644365852
train:1633,1.8136633957801576,0.17657153995686029
train:1634,-0.3147873643633676,0.11641775345288446
train:1635,-0.9718162842489265,-0.1398897963420812
train:1636,0.13765226877906236,-0.13082997894182724
train:1637,-12.669204081376689,-3.913892504710756
train:1638,10.63947665181207,15.080581180998228
train:1639,0.38126176327235806,1.6418425741211085
train:1640,-0.9898025081300493,0.34170449474645614
train:1641,-3.9368637947279628,-0.015808702248655465
train:1642,1.1370002393192218,-0.3216509384939752
train:1643,0.8651342834323068,-0.07629246320617564
train:1644,-0.050545225152820034,-6.696053920516659
train:1645,21.386605033680677,12.600526856110061
train:1646,-1.806166441921539,-0.3613949562144135
train:1647,-1.0423524828375017,-0.24776005727288197
train:1648,1.6942830717502,5.981169128891896
train:1649,-1.8424127254907994,-4.404399743895646
train:1650,-0.8480576092638551,0.2878385547739088
train:1651,-2.342851149683942,0.40388998517613534
train:1652,-0.6421230866843981,0.2628649240174628
train:1653,-1.348268921756273,-0.29827446683595366
train:1654,5.025176382692204,5.688388060445884
train:1655,-0.6477690324235962,0.03439513473103267
train:1656,9.838714733960577,6.5397210093038245
train:1657,-1.7184117127902674,0.1328795269803103
train:1658,-5.520045745442244,-7.350666742667886
train:1659,-6.807180039369337,-4.017580663996225
train:1660,-0.017060313019492124,0.2887833973185799
train:1661,-3.6614881843297495,-5.333620929871054
train:1662,-7.587193664529054,-0.9409235394688444
train:1663,-2.0733376711883595,-3.4231096448409337
train:1664,0.4925244130945369,1.060975404486389
train:1665,-1.996864489143793,0.050301458394699364
train:1666,0.21514629118568787,0.13553701254910588
train:1667,-0.701432482101847,0.043823373673127664
train:1668,13.706431181547053,6.65022664337787
train:1669,-0.07844497937677528,-0.028845118397427358
train:1670,0.18235050150558185,-0.03271251029588554
train:1671,-4.791556954150476,-3.7034056098384425
train:1672,-2.4859347755557373,-0.2691079635430203
train:1673,2.512154032313232,-0.2683601355769678
train:1674,1.8742926890857476,5.124473274864202
train:1675,-0.4976372727074131,0.22242800274282437
train:1676,-1.6516338990300583,-0.5030130583602819
train:1677,0.4788082146285708,-0.07990520555877273
train:1678,-3.893225804035225,-0.6595887897832755
train:1679,0.2272242402034903,-0.2017478802127961
train:1680,-1.5269191233028376,-3.3196263464786337
train:1681,29.753387070709625,10.748041999585105
train:1682,3.2181008831314526,-0.01504004580434204
train:1683,11.594941388216027,4.171503058525442
train:1684,-0.3822377960417408,0.19182840028297374
train:1685,-15.32470008720504,-4.4908242332406445
train:1686,-4.622434286038808,-5.511094972021451
train:1687,-17.78555415930705,-3.2601076859008056
train:1688,5.836013970509104,9.320343400291382
train:1689,2.7485022287558305,-0.07161090606501205
train:1690,-0.119773381223507,0.005676015738278806
train:1691,3.6365061890897232,0.03690760558645693
train:1692,0.6606795900102829,-0.06077125239912068
train:1693,5.9697169765538405,0.33656249984099756
train:1694,8.782775967122696,7.221159770168617
train:1695,1.4425282405185351,0.43643448245880057
train:1696,0.8571567815433987,-5.823999203683698
train:1697,-3.8973765783731333,-1.3976291543132946
train:1698,3.7130421348591574,-0.09025353539500275
train:1699,-14.349184432830057,-2.7803205506230215
train:1700,0.20242931446543752,0.15152058704139093
train:1701,-0.8857267697216874,0.288350849742641
train:1702,12.716485449450296,5.532036948468245
train:1703,-0.418283933066146,-0.0032594014356497614
train:1704,-7.9544321223093615,-0.8516304978866467
train:1705,0.43646315666810465,-0.04119376678115935
train:1706,1.0820347910373291,2.9767701326150884
train:1707,0.12744746826119646,-0.01834621007623581
train:1708,1.0081904792317529,-0.2270745251436025
train:1709,-4.570212077450108,-0.5140888156667334
train:1710,28.884698065558126,12.121268707115782
train:1711,0.36707867243084935,0.5109825307011873
train:1712,0.34870668410003114,0.022157761779105528
train:1713,-3.9071667896195126,-0.4682045340228181
train:1714,0.9259437318740907,1.4980588808793458
train:1715,2.102047485531895,-0.3025389550990641
train:1716,-13.444766596152094,-8.944106388453857
train:1717,0.01375156180919812,-0.1501555255693176
train:1718,-1.8601836930414506,-4.969135685099724
train:1719,14.803479723256713,8.52529927127273
train:1720,2.727500091665701,9.721886217069923
train:1721,-1.5330699683398592,-0.5553973944905097
train:1722,3.86610891231674,3.625782091365471
train:1723,2.1758115992445854,0.08028719138909331
train:1724,0.6936059049922895,0.1431327020562662
train:1725,-1.970116914187638,-1.62932417787226e-05
train:1726,-1.2983599051163042,-2.574333748341544
train:1727,0.5934547590540726,0.04851242050681657
train:1728,-0.4169849564196275,-0.05949087162931502
train:1729,-6.974653183808189,-0.3063677572484156
train:1730,7.951983234129752,9.23640120904049
train:1731,-1.0024098807900215,-4.132491663883262
train:1732,-0.8610350554423057,-0.4460450304045545
train:1733,0.14295963909133597,-0.18627210687372814
train:1734,0.2890932333043348,-0.10761992111867794
train:1735,2.7576606185052097,0.7939775668936084
train:1736,-12.208258917452621,-9.894948676150566
train:1737,27.15250666351159,7.495388656238182
train:1738,-1.5172177111042338,-0.04049323087362389
train:1739,0.07385549949182249,2.542804508224817
train:1740,-4.942475352551665,-0.41591656526974935
train:1741,-0.756024834908138,0.18247213371952686
train:1742,34.00026150480348,16.46862406961291
train:1743,-0.6137445847146474,0.20459846869946405
train:1744,0.08721080653980004,-0.16929832369919007
train:1745,-11.216517677908172,-4.016790893752031
train:1746,-0.14562366737229593,0.1378829269088479
train:1747,-3.7252375321359783,-2.9522593533451786
train:1748,0.059696468078179715,-0.031251092958181986
train:1749,-0.29210629763303053,0.059258274690128857
train:1750,-2.242808561743922,0.01276839790773722
train:1751,8.90373328785451,5.817944619088158
train:1752,-4.595527709646322,-5.568670592366995
train:1753,7.649210560452125,1.3276777915416467
train:1754,0.9748560838089869,0.2927119907045307
train:1755,-8.569100060844997,-3.2103921055433635
train:1756,41.65218052275117,17.327456982574496
train:1757,-3.828832081987022,-1.3512877874341194
train:1758,-0.3691807329160043,-0.6313545748837328
train:1759,-1.2430141551533622,-0.10023936411300699
train:1760,-4.517254835905738,-8.789557938471457
train:1761,0.8466994151475009,-0.09879706332384425
train:1762,5.00686425235825,7.037786988846083
train:1763,10.503205912045528,3.975139583843743
train:1764,1.3801722474043663,0.022133580771809477
train:1765,8.129009482409929,11.477996278073569
train:1766,0.5820508227038758,-0.34126865446035826
train:1767,-1.9306362066635354,-1.927541449134048
train:1768,0.5803152894821675,0.019113594084788146
train:1769,0.8632992580837714,-0.08210603387473844
train:1770,0.195681284209213,0.2324198232148489
train:1771,1.0456081198736342,1.645443903608905
train:1772,0.8680655818418624,-0.17034716597435567
train:1773,0.13139949080369098,-0.23974751287888357
train:1774,-11.897871376740877,-5.522712127101876
train:1775,-1.4118497373383208,0.1522257594252516
train:1776,-5.331221311636407,-0.4328372072925602
train:1777,-0.11253160966499093,-0.09244723067046814
train:1778,-11.862523776728423,-0.46102555674168594
train:1779,-1.7886942994387294,0.12187039227213158
train:1780,0.5541019035621075,-0.16739437252884726
train:1781,-0.1538652418221283,-0.4107302028523789
train:1782,-3.1309738480965486,0.24806800214280936
train:1783,-5.420218878749176,-1.2012796603909761
train:1784,2.1252695988164145,-0.028885848058684133
train:1785,-0.3844928734304085,0.01238906281393072
train:1786,-1.1590985900889437,-0.6415846389084676
train:1787,0.13280295742920187,0.08020041795140703
train:1788,0.6525107749896488,-0.5332045082427046
train:1789,0.29795663354683666,-0.08620075577394151
train:1790,-0.21747348747652523,0.041012670394385435
train:1791,-0.8984366564656102,0.06570418939904416
train:1792,-4.9986605092201515,-0.04351792536737542
train:1793,0.594517906815857,0.10427503594839643
train:1794,3.5067187096437618,6.664977200489272
train:1795,-2.1393042056900953,-10.714556714079327
train:1796,-3.2057333479939905,-1.1266920237738127
train:1797,2.9499073025240112,0.14457757074000901
train:1798,-6.132601568406965,-2.581851687707251
train:1799,-6.755991805033271,-14.36230346430603
train:1800,-2.364567863404601,0.6386410585967337
train:1801,-1.1722989637197943,-6.855162380630099
train:1802,-0.05425874554081778,0.144094592567733
train:1803,-10.98951197814123,-1.6542956387062357
train:1804,-14.198376684551226,-3.5388218278369656
train:1805,1.8179571319358199,-0.11161920293598684
train:1806,-8.218308488478876,-6.962544884251488
train:1807,2.401152433094854,0.019466750919958503
train:1808,2.5218605585931213,-0.11538566231136563
train:1809,1.3268818932017172,5.658532576771026
train:1810,-0.3522439417604912,-0.7295829623094543
train:1811,0.07182637151267805,0.10030542757956881
train:1812,10.896631255506508,7.474113934963577
train:1813,-0.839446658670265,-0.18201339637342295
train:1814,1.0403050500388054,-0.35098628085555084
train:1815,-1.2648670894028076,2.2008278580738363
train:1816,-0.31047747236000783,-0.000204320189366905
train:1817,1.9427702374986664,-0.11223827952100876
train:1818,8.089079665565663,1.116391710811679
train:1819,0.19235364450003065,0.030420604564259837
train:1820,-0.5272466410592889,0.32245712624284917
train:1821,-7.41577058967187,-4.4531811812691675
train:1822,7.995775577094017,7.905900272820194
train:1823,5.582038930624809,8.93349750015968
train:1824,0.2191737464271436,-1.6753567967482617
train:1825,-11.758448503236542,-4.587674945224136
train:1826,-2.663943392359211,0.08328406702489363
train:1827,11.517350546952338,12.155336108545262
train:1828,-8.609650076274251,-8.728149878125906
train:1829,-3.734102559586162,-0.08934022088934301
train:1830,-0.5963336949781439,-2.1057102494291757
train:1831,-1.877591560820831,-0.043055490351740305
train:1832,1.9609026776129066,3.863719208655938
train:1833,20.194477352376822,10.759533613152726
train:1834,-0.6809075817789512,-2.4927505962449166
train:1835,0.7313087718949581,0.002218916329398468
train:1836,0.0015979476341942411,-0.3659852104371731
train:1837,-2.554577369319234,-0.1931119794094756
train:1838,21.445195668219274,8.137643628383431
train:1839,-1.3673051595086068,-1.0120724799216185
train:1840,-0.8389057283452027,0.26503650686737723
train:1841,-14.775548179101534,-4.449995280060109
train:1842,-14.202471668911475,-4.431544101537146
train:1843,3.447273093697526,0.15476754707713214
train:1844,0.00355524601710136,-0.08381389776172771
train:1845,-0.47559511745040384,-0.005129755985236087
train:1846,-16.59317914243557,-9.195076997346492
train:1847,7.656584600749343,0.2014163480018707
train:1848,-0.15771079849058822,-0.720725009955359
train:1849,0.8334121021347966,-0.29618384399571773
train:1850,0.3576227361339497,-0.035855755922752225
train:1851,0.992148536072083,-0.2742707155963348
train:1852,1.283236463845291,-0.1346766850228345
train:1853,-2.83942100384284,-2.818297999533153
train:1854,1.52977516462398,3.342422913455509
train:1855,6.6097098456153,4.059528588751572
train:1856,38.590712937319054,16.23360008606277
train:1857,0.36916045220141047,-0.2902497249426997
train:1858,-0.7500478686348235,0.012367378370809784
train:1859,-0.8956201924267381,0.2723378871234947
train:1860,-1.0247542317593563,-0.1888782345509215
train:1861,-8.111411171950357,-1.834425311834899
train:1862,39.991829874937494,17.255215830960314
train:1863,-1.6392015674249945,-0.03457758639550165
train:1864,-0.9896021291269536,0.07862576359576107
train:1865,-0.9340227586325601,0.03739079774994794
train:1866,4.922359638113037,4.72798065075988
train:1867,3.941019974986825,0.5283977777522897
train:1868,-30.16297912802386,-9.219190098096979
train:1869,-4.278119930079019,0.07417560228842754
train:1870,0.6523494489709152,-0.25553221820202
train:1871,0.8918883672191887,1.4409416297163522
train:1872,2.2454337720324964,0.7297325536802748
train:1873,-7.0456412812158105,-3.4401062537450726
train:1874,-4.931848756556866,-5.219631518816657
train:1875,0.4692300052972995,-0.20830521301432625
train:1876,8.364179115574458,5.068819010307822
train:1877,-28.86537863428774,-14.849184265700563
train:1878,-0.24330192255073058,-0.4077979525635113
train:1879,0.2875955048624025,0.1592555134991173
train:1880,-1.921715389235692,0.10509640556200715
train:1881,0.9434243590826693,-0.28081570823779944
train:1882,-2.6611385512323515,0.029623059305920157
train:1883,-0.016275301542167026,0.07724601957178606
train:1884,-0.39733247187239085,0.10757620709193999
train:1885,-0.6121331841932327,0.04229476309391119
train:1886,5.035861558163547,11.818901973523833
train:1887,16.896685281242615,6.289052841328404
train:1888,-6.570491988979493,-11.89805823973951
train:1889,6.170723616898233,0.30401771723671234
train:1890,2.020523334614051,-3.5577135429412268
train:1891,-0.2404417563626915,0.09417308133104714
train:1892,-0.4636080596045392,0.08053392325999904
train:1893,6.305529404834717,1.5940835867729015
train:1894,-0.04719852386793716,-0.07596063416210119
train:1895,3.1226014590388838,2.1890146870404625
train:1896,-12.003241907547432,-10.787427855830495
train:1897,0.5132227272646595,-0.005219917617160008
train:1898,-0.9707923057006241,1.1399972244001655
train:1899,0.3987426229391769,-0.07505823320840696
train:1900,12.041818179440149,6.07462736681344
train:1901,-13.26607036787396,-15.390998609239324
train:1902,-18.453611246797443,-7.8581414879516736
train:1903,-0.1130634741186835,-0.08904177447481004
train:1904,0.6447989728693467,3.052838588440116
train:1905,-2.8072106602408042,0.04051335755936372
train:1906,7.63231828504962,2.9023748027698133
train:1907,-2.6805609021217407,-0.18575225088206554
train:1908,-2.5934327641770634,0.047091590169559785
train:1909,9.101479004004672,2.41133558142441
train:1910,2.2271806860915664,1.461776527713708
train:1911,-0.5329114159159472,0.12048850833600648
train:1912,-0.7999659511461624,0.08705088305229744
train:1913,0.5630722345951246,-0.1133565976106474
train:1914,-0.7181804009371568,0.05819295509140753
train:1915,0.8593442135841536,0.3291462776328251
train:1916,-6.9176060719848556,-11.296167717177418
train:1917,-10.29909705710357,-7.374404360166438
train:1918,0.13754928977863148,0.14340382892568299
train:1919,-2.96829678207054,-0.16945710518072693
train:1920,0.9052356544578776,5.65909523100569
train:1921,4.465227254245556,4.689621441522172
train:1922,-2.125884391480448,-0.5364704421661768
train:1923,-21.541261068745424,-10.497827552804381
train:1924,0.3765028781779549,-0.05791675225170656
train:1925,1.3397819307861645,-0.18682662944222228
train:1926,10.77309085880903,1.026112526380313
train:1927,-0.30713425794872873,-1.7953496600093397
train:1928,-33.81782705618245,-12.340030559430572
train:1929,4.043464786381591,0.348621475450012
train:1930,-2.5524466570891002,0.884941523213004
train:1931,1.022006169824546,-0.5804837272868606
train:1932,-10.500122294107182,-12.136382823789955
train:1933,2.439639614100127,-0.03721096228740617
train:1934,-8.091429061618443,-3.2240738478661983
train:1935,6.2953003124307445,5.529533536574256
train:1936,-1.480251736823158,1.0476012388699274
train:1937,-0.9257611927740662,0.2881665319761131
train:1938,-0.7844212361623879,0.2283204648393206
train:1939,-7.360953217289016,-4.912769828423032
train:1940,-0.6327898883383505,-0.1878624895836773
train:1941,7.133221609819202,13.919734191967029
train:1942,-3.468848645884925,-2.749303237311473
train:1943,-1.9355750144358925,0.2726914006106901
train:1944,12.888330668471774,5.289094148676281
train:1945,-4.903336823557211,-0.1468940141309558
train:1946,-6.792359431803942,-0.39606524222698114
train:1947,0.5838645781234284,-0.1718379714389205
train:1948,3.2008055251403538,-0.03715546723231375
train:1949,-0.29361506784137476,-0.038470657239760925
train:1950,0.10398627167657952,0.5750123400826267
train:1951,1.137268961044951,-0.2228694551078596
train:1952,1.71978164858149,0.29091203926468245
train:1953,-2.1891195416592435,-0.08496110466539258
train:1954,0.733321627797285,-0.28253405769432416
train:1955,-3.1431574493845447,0.05072908417269296
train:1956,-4.3510072113094855,-5.463865113617557
train:1957,-1.1647380269974148,-1.4571836227544344
train:1958,11.248911490443191,0.927964171669005
train:1959,0.8755240044802918,2.0212836649094386
train:1960,-4.059479937462204,-0.18034369425311036
train:1961,13.6121163646468,16.139650524311563
train:1962,-0.06348826751171374,-0.0658515465042516
train:1963,-0.9391719411123435,2.671118776533557
train:1964,0.41916175476275896,5.305377453530388
train:1965,0.6445607031730902,2.4367391918622148
train:1966,-15.920340853859713,-5.991564596614305
train:1967,-0.01895624242697319,0.15513390003722805
train:1968,-15.372493501400491,-4.30675070201936
train:1969,0.10535638054461449,-0.029594016319554925
train:1970,1.036694741109479,-0.03371976694493434
train:1971,1.316571672871898,-0.06915542820318527
train:1972,-2.750471323127562,-0.11871229840949529
train:1973,-0.44967799955754295,0.08784429114714694
train:1974,0.3300822461203012,0.012255532295764912
train:1975,-8.399947638078578,-1.8522236744912728
train:1976,0.5662352938702098,0.7040985460343101
train:1977,0.2032896424126037,0.14002155511165087
train:1978,1.505311259420044,0.019974195421150573
train:1979,-0.813006393507721,0.19213497836367707
train:1980,0.258349584969158,0.08906361309026996
train:1981,0.5457919863896417,-0.22997995520018882
train:1982,-17.36852221663218,-6.416983126555484
train:1983,5.742934901614021,0.0838535689784384
train:1984,0.906013459729755,-0.16336448996779201
train:1985,1.4687002488718304,0.04782871857486184
train:1986,-0.1553426301680388,0.0693222815320165
train:1987,0.2902404147199698,1.3806829875170217
train:1988,-8.21920391762032,-4.662768171751961
train:1989,1.1066098112801053,0.11948096636533767
train:1990,-1.9324345036101116,-2.750501017472285
train:1991,0.20094030320751455,-0.02312713047156871
train:1992,-7.260534976832752,-1.4349195487624362
train:1993,-0.9094700543808482,-0.2788397846888085
train:1994,7.185779953023303,1.0603569698750122
train:1995,0.7419429227825662,-0.13999008689151557
train:1996,9.927045145923827,18.33573565366618
train:1997,14.524554940446357,16.90479751269884
train:1998,0.8957311343887656,-0.22658106140179102
train:1999,2.1722029175229403,0.6236529712366718
train:2000,-4.11177234843946,-8.238559662627736
train:2001,-4.338447492588765,-2.7489123466920558
train:2002,-0.11127703254236032,-0.21585189853324943
train:2003,-24.636795874202697,-11.729490226636182
train:2004,2.171583183854433,7.79727376693555
train:2005,0.35033877340482816,-5.04056538202659
train:2006,13.293648575503957,16.369173507027867
train:2007,-0.33115405168466705,0.08090362874913011
train:2008,16.953094527654702,4.305966578388689
train:2009,0.81436354409573,-0.05085547013882949
train:2010,16.31335085382679,6.144245842096467
train:2011,-6.563145378754624,-4.324561048183774
train:2012,14.58955305391921,2.7687021944372403
train:2013,-1.4431137434442975,-5.0260932988163205
train:2014,-0.3063385533923521,-0.7594639822693037
train:2015,0.47228938819723304,-0.14745595506157022
train:2016,1.644025832666336,2.8240135024063657
train:2017,-3.086749132805419,0.03510779680741866
train:2018,5.621525217146678,4.659166211802048
train:2019,-3.821491050759919,-2.063922330283779
train:2020,-0.16507228604283314,-0.21988884280440002
train:2021,-3.055475130995111,-0.2196771341623508
train:2022,0.9233390372920867,-0.16332169172479016
train:2023,2.804752473731586,-0.46739165272740274
train:2024,0.013713089970436715,0.2348324315032688
train:2025,-3.207074167123754,-4.5456054136397865
train:2026,-0.99730858470773,-0.10315856093775891
train:2027,0.0649728052153799,0.7684675314915392
train:2028,7.49086558619142,0.34361878882552443
train:2029,-3.3661750955817524,-0.5198815578570353
train:2030,-0.03715516559792509,-0.12170196967439029
train:2031,-1.1470786394020838,0.09560739311484952
train:2032,-31.245830980084957,-13.737685362780228
train:2033,3.689016645896333,-0.11420386016127423
train:2034,0.5974686154884736,0.14530728078319075
train:2035,0.7461519279096575,1.6360882076886982
train:2036,-0.13825520607284347,0.19692666965016542
train:2037,-3.806623951546474,-0.2988624433643942
train:2038,-0.8339002050578941,0.27785030082213447
train:2039,0.20651662770375767,0.02327379729578405
train:2040,-2.7904820354394353,0.10851555719542583
train:2041,3.537554760129438,0.27011565968602813
train:2042,-1.5336664561843412,-0.27515977776429346
train:2043,5.496043329226632,0.23712463406804346
train:2044,1.726862559037753,0.5738550042614514
train:2045,-0.21297204988319923,-0.38408002225673993
train:2046,-3.070623504679259,-0.15857065876915355
train:2047,-10.759230476852682,-12.372404291723658
train:2048,-2.1307418388687176,0.13345972849460555
train:2049,0.5721969178996676,4.331399576953355
train:2050,-3.5602856297708807,-2.760119779926143
train:2051,15.560389788834437,8.837667668932593
train:2052,-2.138210257211478,-8.810475437077807
train:2053,1.993312470385077,0.10624389778729205
train:2054,-0.6267615487939407,-0.08843732062281376
train:2055,0.30944100044816003,-0.0971283598292017
train:2056,-1.8037020358875258,-0.16983458568400334
train:2057,-3.2976436168570955,-0.26897742890186466
train:2058,-18.94415392370313,-7.341227732834636
train:2059,3.60575661306942,-0.07294892180206025
train:2060,-0.6594244885897438,0.09218003848485548
train:2061,-0.46261883356315425,0.13348041431205643
train:2062,27.514405090596867,12.67958262929662
train:2063,6.329369392121822,0.4335862593870267
train:2064,2.7591855445612516,8.009898862028237
train:2065,-1.120766226271677,0.2390872188312988
train:2066,4.833051971707774,6.8720784690185175
train:2067,6.655072676450694,5.015359439652577
train:2068,-4.495443744139537,-0.42902431182352435
train:2069,0.7277040419633974,1.5597432752138782
train:2070,13.043651825943304,10.558923982122002
train:2071,8.315167620200095,0.41743734101594443
train:2072,-8.21430834708065,-0.2322282895658866
train:2073,-11.609234488652866,-4.235080193645203
train:2074,-1.9250074628341158,-2.967130316180225
train:2075,3.0495114742229195,6.204058954586149
train:2076,4.4396959008023895,0.39944324772824197
train:2077,-4.183565681191308,0.09121871861662867
train:2078,-2.511585612534392,0.049484154614173825
train:2079,5.88574329692936,1.4640579593873273
train:2080,-0.7609290064026976,-0.15836166068249447
train:2081,0.16085880736148517,0.13417039331965144
train:2082,1.802018167776581,-0.2905214937857615
train:2083,-3.2337613029374435,-1.4422203583753137
train:2084,-9.915714839454363,-1.6421710391246187
train:2085,3.391541695514009,1.70948947700985
train:2086,3.3669820175150895,0.46400496793978946
train:2087,-1.9215382560566212,-0.8098517090330899
train:2088,1.0435283159981155,-0.3453078099740639
train:2089,8.811248382221507,17.265746481311734
train:2090,-2.5506027983274353,-0.39143946546252995
train:2091,19.202107545750735,16.294403264573894
train:2092,8.827957480530696,2.349748909744732
train:2093,2.3658982812949816,2.7268803220190616
train:2094,-5.63122215325729,-3.3276279059902616
train:2095,-2.5361996857615297,-0.5997633371335291
train:2096,-3.48731977765521,-0.6471297219325989
train:2097,-1.2138948087719341,-2.4402708200327945
train:2098,-1.053049281220857,-2.8700193908792824
train:2099,0.7959272810614826,-0.12747117283104117
train:2100,2.1769413462922014,1.93876380193431
train:2101,-2.392427518582113,-3.7058451096895486
train:2102,-11.72084419862774,-13.707951426115496
train:2103,2.461518118756,-0.2865695040269696
train:2104,-0.15099415009679745,0.05832712758321837
train:2105,0.3845224550083483,-0.22027730819004687
train:2106,7.013886382687852,4.104170580061954
train:2107,1.1855305461362668,-2.3375675909796083
train:2108,14.367419678867915,21.723947010610722
train:2109,1.2326674982612515,5.144533096680794
train:2110,-10.080835506501883,-9.729139152469514
train:2111,-4.090828325909392,-0.3743465605116367
train:2112,-1.0550451676716457,-1.8414964375436664
train:2113,2.063307041273869,-0.1360632054352848
train:2114,-1.6261676338941626,0.37212862440999916
train:2115,4.743971184544995,3.0455126705246776
train:2116,-1.8225087211276119,-4.126320727885633
train:2117,1.5274845211245545,3.949565065755551
train:2118,-0.16116047877590195,0.9219105028572017
train:2119,0.12665187993393998,1.1600034057521953
train:2120,-4.22502460833994,-0.4346949363604609
train:2121,-1.1626647319526229,0.10254070848115102
train:2122,0.30805601425274903,-0.1372059185234345
train:2123,-0.3519871916341348,-0.06616097780115507
train:2124,1.9902970220925509,3.466102988012007
train:2125,-1.1886716949553402,-0.014004043002076985
train:2126,14.777639665270494,6.2462334845266625
train:2127,-1.9484187971261995,-0.03683604967870985
train:2128,-6.408039012697086,-3.6091735796834246
train:2129,-3.2239613284449735,-0.2749861595585159
train:2130,-16.390125939744014,-7.121977469725262
train:2131,0.7959012457385746,0.2783638797381568
train:2132,-7.600824085904367,-1.9647284144959354
train:2133,-2.483593456159937,-4.16764157553907
train:2134,2.0097084474446483,-0.15665329748267018
train:2135,-30.200224517109717,-12.849105959002628
train:2136,5.292698158985322,2.351585239691132
train:2137,1.9523231088817505,0.07082521316543185
train:2138,4.7616552127137926,11.422481821110994
train:2139,3.24268636399504,0.015187925245442435
train:2140,0.7403597659373419,-0.1168798203049656
train:2141,0.9123614293545088,-0.29683765848797616
train:2142,-0.9675911232741378,0.12004319261757213
train:2143,-2.8690161922420603,0.06950132084857429
train:2144,0.9711319865710577,0.7477584603286087
train:2145,-12.737729981103579,-4.725012795087388
train:2146,10.757107030209424,14.804239203010852
train:2147,0.15351010501245396,-0.024388608684048574
train:2148,-2.701337089802347,-12.589875289210635
train:2149,1.8830810053166487,0.08768600897844506
train:2150,-0.3015659532617742,-1.7184670389416064
train:2151,1.0040378452279222,-0.3273773434076242
train:2152,-4.403628783154935,0.02053549437811998
train:2153,-0.8931668281591371,-4.9778134568507815
train:2154,-7.8991786582677985,-0.8158907551118675
train:2155,0.4819692980086139,-0.09817163833277706
train:2156,-0.6066378713937167,0.08453384705095297
train:2157,2.2877351278437956,-0.38745423573500665
train:2158,10.672239316192941,1.038369087211186
train:2159,-1.4826004948826466,0.10064117979591841
train:2160,-10.330769027421187,-5.178554906469951
train:2161,-0.725487260802943,-2.2557210870277093
train:2162,0.1843883466687357,-0.034852065793953585
train:2163,24.377306751782854,7.495039422575287
train:2164,2.027768709275291,0.00433001099587027
train:2165,0.046223885847995916,0.23807575368835482
train:2166,-9.908742022079817,-9.437381817996108
train:2167,0.2964637867279495,-0.9919510286351034
train:2168,1.1484746105162142,1.1106123787375175
train:2169,-0.8946678110164329,0.1803412092004642
train:2170,-2.753362173803314,-4.467358812567584
train:2171,-1.0722775294796372,0.13629668136238893
train:2172,1.0499223123544388,-0.3793595187144447
train:2173,-0.14390103558292144,-0.043356718652068416
train:2174,-2.6074760313870615,0.10687852440060465
train:2175,-8.53299743646821,-3.029187768532924
train:2176,-22.111163129206627,-10.07744951460234
train:2177,-0.6399184527338647,0.28428701390880434
train:2178,14.767853173355958,9.279479637873205
train:2179,4.321915354381834,0.2514295188089855
train:2180,-15.582311238883328,-9.907187832362618
train:2181,14.911636963447387,2.87193669234689
train:2182,-0.31123156689137965,-0.19546559745295794
train:2183,-0.1161030980681958,0.18608416276807394
train:2184,15.184706588102317,9.42725569388299
train:2185,-0.7212221170108314,0.17285986233252387
train:2186,-4.458664201367143,-0.7614171514190986
train:2187,1.0470063561887395,-0.4069806487829858
train:2188,1.9222908989908598,-0.06918410302599654
train:2189,2.822401633164346,-0.16953656725190042
train:2190,-6.059895604603894,-0.33880982406949633
train:2191,-0.9535641281409571,0.04877741296140309
train:2192,3.4253652993033814,0.4995852872593867
train:2193,-14.951578576280479,-5.2225657663568645
train:2194,-2.4763923647934645,-2.2944597740200336
train:2195,0.43010112331981565,-0.06357353869007254
train:2196,10.024514886060759,4.184495463814327
train:2197,1.421620249015707,0.06732952400744484
train:2198,0.2124027028051343,-0.24857379453315737
train:2199,-4.3865049793451405,-2.038542116218815
train:2200,-6.957477309352578,-0.757813824679962
train:2201,-0.9307655537701737,-2.0676911435625227
train:2202,3.2651662381184408,0.36269574899157897
train:2203,0.0017595061111681798,0.184084700185432
train:2204,11.882629846683816,7.565130961104295
train:2205,-1.9429392914870203,0.2984726342125812
train:2206,-5.266849440662788,-0.6425640053691601
train:2207,-1.6492795619728038,-0.21970423971625197
train:2208,3.4510068379524257,0.5155941127150429
train:2209,-1.9791990576342156,-3.617395407485702
train:2210,-33.32756704849691,-12.317410261395986
train:2211,0.24596339632478376,0.14827376966645975
train:2212,-5.367800475405706,-3.703092326699669
train:2213,-1.6803541146129768,0.11092730951898572
train:2214,-8.666911979511575,-8.118109999453019
train:2215,7.396771139702923,0.2003866222752459
train:2216,-0.642568011756237,-1.754379757948518
train:2217,2.317208508125125,10.493507723658517
train:2218,0.546789929615036,0.21598009078256897
train:2219,0.09429950434711132,-3.479251238724295
train:2220,-1.0429164265283486,0.18162679708983512
train:2221,-15.649348476039657,-5.918279167870878
train:2222,-0.5749452122927183,-1.3872154858260817
train:2223,-0.550989460801969,0.10199788409907741
train:2224,-18.78610091699218,-8.866335133200595
train:2225,24.8068375091195,8.68078015230933
train:2226,0.2040316491154825,-0.1465656089463215
train:2227,1.7401619598789502,-3.4536949812197837
train:2228,-0.17609359612957803,-0.42533039547003376
train:2229,-0.39107922898053893,-0.04388406433625633
train:2230,7.659178834710536,14.294752940305976
train:2231,13.665870008122267,9.321597674132956
train:2232,-1.149618478135058,-0.05269180008522936
train:2233,5.709386993297585,9.069570804603037
train:2234,-0.8791416926918784,0.2906690879052419
train:2235,-0.38972829791732466,-0.16754887418608394
train:2236,-2.8057545418238767,0.18604314778519715
train:2237,-0.16192154705448125,0.011656071572118856
train:2238,-0.9925678313560663,0.1816651015173218
train:2239,0.7197560622710012,-0.29904005607285195
train:2240,-1.5134535148198611,-4.555147139256241
train:2241,3.809060405743965,2.698207211137535
train:2242,2.400513637850646,-0.3147883828894367
train:2243,0.2964993528387078,0.5376999758687442
train:2244,-0.8266228673886197,0.012799141312293552
train:2245,-1.5436844765061664,-0.22417779739642651
train:2246,5.251229003674119,7.893106451378837
train:2247,-13.825184506321628,-7.109001613090337
train:2248,-0.9461024510871644,0.1410498542301756
train:2249,1.1156152435074,-0.24561344006471864
train:2250,6.996849053343431,4.010044689549581
train:2251,-1.5594888473443,0.01176677636068367
train:2252,-9.683554145751632,-3.5382243643646594
train:2253,4.797302683856168,2.8273477708578305
train:2254,-2.942106177058025,-1.4423302071990185
train:2255,-4.599758914535357,-0.6146315180827806
train:2256,-0.8875813215624041,0.16142752433146174
train:2257,-3.0020255428978904,-0.1559180949983032
train:2258,-6.818514703163939,-0.5275652690839694
train:2259,1.5225968541650525,-0.2634645872207949
train:2260,2.8475215355222687,0.17553610779783524
train:2261,30.72134318311167,10.06929153902407
train:2262,1.4849637247344587,-3.392278931868873
train:2263,12.549170376614814,7.491136793456757
train:2264,1.5222409605992295,0.21866739246065584
train:2265,9.290450816334829,2.227634680238862
train:2266,1.2722590883659537,0.027289841758268693
train:2267,10.308903367349954,4.165826870216915
train:2268,4.226799021469198,1.163625135735823
train:2269,0.22051456555690704,0.35141327617142837
train:2270,-1.6497289037512073,-0.04500844551032024
train:2271,-2.0824119110547685,-0.0739828560225802
train:2272,-2.3862041465741335,0.2750762613715638
train:2273,0.41079349057199016,-0.4305958633065527
train:2274,1.3208368166640096,0.24567001658741508
train:2275,1.1348142020279084,-0.35712811404793793
train:2276,-1.5673217602077725,-7.502481811530568
train:2277,-0.6164443547169138,0.05996130716183943
train:2278,4.551250750632564,2.510787998599985
train:2279,-0.08590793495088944,-0.03802826606793169
train:2280,6.185349424458298,9.859466019666945
train:2281,0.8757360063954001,-0.18065669207026397
train:2282,-1.2568737803535628,0.10122830035949895
train:2283,2.5443123052694516,0.28119284360057983
train:2284,0.6955062511063352,0.046050166256514494
train:2285,10.379312178822872,11.038976466506398
train:2286,0.8116644714681843,-0.11813359483370511
train:2287,-2.3462422504927125,-4.517339742031637
train:2288,-17.393012157159024,-16.62015615924741
train:2289,-10.167133303612387,-8.577510904980915
train:2290,3.5800220911242757,0.09842793998948217
train:2291,-1.756286366332481,-3.6241415518692754
train:2292,-2.8518379932040476,-8.823525477333934
train:2293,1.1205942665553201,-0.4392596542982295
train:2294,0.22570198741721154,-0.11426349237985683
train:2295,17.278947050173816,4.439277969550326
train:2296,-5.020255879739399,-0.04015013162555897
train:2297,0.9069937361288902,-0.10715663013818277
train:2298,-3.545201414561042,-0.009851900126846433
train:2299,-0.4017728891776511,-0.004567101750571623
train:2300,0.5783900703364149,-0.05742257520584507
train:2301,-1.1497361020046246,0.018480108757955596
train:2302,-7.61139721650391,-3.7883584102674166
train:2303,6.553184370083088,0.3708712833610095
train:2304,-0.15845396748466828,2.21954181780883
train:2305,-0.31685496418127346,0.7284470371213088
train:2306,-0.5233492462032531,0.036535260872340734
train:2307,1.3979394956231737,0.6519768484553035
train:2308,-9.45014561621524,-7.609363290387216
train:2309,0.3221775036605914,-0.034825388222482406
train:2310,-1.0274837564163746,-0.16548129106666404
train:2311,-19.15737206032435,-12.227730252366648
train:2312,0.6748178164114232,-0.12429725513002315
train:2313,-23.537195870848052,-8.913951887721225
train:2314,2.304308005624197,0.06599457547781179
train:2315,0.6430841284310207,-0.17529464286537078
train:2316,-6.995334528526773,-13.538292343137238
train:2317,-0.44413677625557757,-0.19245160251995685
train:2318,1.6892440744762949,0.3716838080043998
train:2319,-16.55728759014093,-4.24856848790967
train:2320,5.5350414534439745,4.128515361967892
train:2321,0.22100679588063696,-0.05953081665611676
train:2322,-7.873718901962631,-1.800601860390528
train:2323,-1.9308788930663567,-6.656198484703607
train:2324,0.5910183642380097,0.06842416040262245
train:2325,-1.1171673077961226,0.24309120845533794
train:2326,-0.9324183318583529,0.2142145919283372
train:2327,-0.10077201220721124,-0.026371736603944804
train:2328,-22.585074813771854,-7.075090567908623
train:2329,0.6846053543880399,3.0356622269153695
train:2330,0.11545227437692314,-0.3416278743799539
train:2331,-0.2442031631481808,-0.2987754202702904
train:2332,-1.9103254003799104,-9.302402436643877
train:2333,-6.120877769518184,-11.058312201870274
train:2334,-2.992790906845709,-10.364064212196645
train:2335,0.07903536645931884,-0.2506857451644892
train:2336,-3.605134262978842,-3.2773057318686734
train:2337,0.12486485721201618,-0.019865833024421894
train:2338,-0.03727674125757596,-0.7360544846337658
train:2339,5.975715328985259,4.743976351421016
train:2340,14.659213349858524,5.651671733096207
train:2341,-1.5244983031888713,-6.164542540676547
train:2342,8.068338811537574,7.721936305100994
train:2343,-7.536024956685169,-1.8787344754755357
train:2344,2.5618554637446573,0.5122950814836493
train:2345,-1.5742429718529838,-7.394891593769809
train:2346,6.607994768718734,6.059523010893223
train:2347,-1.0195492593019129,0.25089725132685237
train:2348,0.4325029980872014,-0.1587745210666524
train:2349,-1.8135795352031194,-0.1145526658417394
train:2350,-31.080488082959757,-11.46547300134686
train:2351,0.0910515978143348,0.11855302912665232
train:2352,1.1924215382102452,-0.24191224800991767
train:2353,0.8298138810339629,-0.0597547941278265
train:2354,-7.55857061649056,-1.5867982443463806
train:2355,-1.1162951244787038,0.21854049567015532
train:2356,2.1840369016176,0.07364618802249452
train:2357,0.742314274821366,-0.3314048007349093
train:2358,0.5049534902842373,2.419450984262423
train:2359,2.5065913066240433,2.8675564348364593
train:2360,4.547971694695593,8.361264448068155
train:2361,-3.298049953861053,0.15323123281417533
train:2362,0.17495042588545537,0.033716140605808145
train:2363,0.3354443603481537,0.19159372325051355
train:2364,1.5586150962006275,0.23150836329971924
train:2365,-8.959416042884389,-0.48803296000558033
train:2366,0.17007228971380384,-0.021570130391161013
train:2367,22.04321773708707,9.205285174448418
train:2368,-2.37621541599058,-1.927244144005995
train:2369,-2.668805953828766,-0.034522804644459254
train:2370,-33.69732814310041,-13.348206514739053
train:2371,-0.3949144412573077,-0.07167367682141479
train:2372,0.41009797551716143,-0.08237794537861026
train:2373,-6.6809719519067485,-0.21198821581585142
train:2374,10.097059523845095,5.5251287414045045
train:2375,0.30331305254780305,-0.02512602241097063
train:2376,3.2982348175434804,3.1958617569037355
train:2377,-13.467875734731852,-13.129540590307464
train:2378,0.11212045041941629,0.06607118433278512
train:2379,1.9595443078860044,0.47162747767923097
train:2380,-1.295385369474062,0.10353847818633441
train:2381,-9.789689929085093,-0.06540031036220198
train:2382,-3.899697441443791,-1.316740475039777
train:2383,10.625039135426608,17.008891969971202
train:2384,-0.11940214541382738,-0.029229232628369073
train:2385,-0.5800341880882768,-0.6060382728616518
train:2386,-3.8594677534696022,0.016462171600417852
train:2387,0.046125788470610316,-0.0704301738709957
train:2388,5.918423671093182,1.0160923164070972
train:2389,-9.940278236785128,-6.465363401731268
train:2390,3.12223556976873,0.14451850916466644
train:2391,11.484682725533489,8.69897111751484
train:2392,-0.6600525907548999,0.098722962544575
train:2393,-9.269551598863702,-11.095060485241392
train:2394,10.484954220854041,3.598458551746603
train:2395,-2.045607262792427,-5.304977492438008
train:2396,6.915797838715376,6.943330695897735
train:2397,1.6264487352880534,-0.12745747739328056
train:2398,-14.493747422942805,-9.55702402098619
train:2399,1.071980274771785,0.21997837397420786
train:2400,10.279175677753791,10.272648246612272
train:2401,-2.640069001252549,-0.2223839803714085
train:2402,0.22483177999483472,0.11202351518307338
train:2403,2.799150230141555,0.34383149609324365
train:2404,-22.71041071791702,-14.246707121887724
train:2405,-6.5405467184704555,-0.9700449619458158
train:2406,4.630469729410966,0.9816204715812482
train:2407,0.5651071740302752,0.07049723596322759
train:2408,0.6513240756731713,-0.12302529134800783
train:2409,30.404089755815892,11.14920876246847
train:2410,0.9343705755414026,0.14148917819458973
train:2411,5.271584441939872,6.811349474128597
train:2412,0.0065167639978895575,0.14410900130954363
train:2413,-0.3541156955109862,-2.7350343030946522
train:2414,0.29029899419651284,-0.034639215865424317
train:2415,-1.3437062314166415,-4.092771470518095
train:2416,8.978527191571509,8.715223607633988
train:2417,0.15236745653250386,-0.09429197760465835
train:2418,7.160571716534085,2.2540235062305696
train:2419,-15.584765997900371,-6.758868616448871
train:2420,3.593116928714053,0.6411958283823247
train:2421,0.22390357424151547,0.01006782877431979
train:2422,3.481471420170182,2.894766416450562
train:2423,0.11909698712580682,-0.053320934257356706
train:2424,-2.0228128726699675,-2.874290655530868
train:2425,0.14080068318501177,-0.1874360050921638
train:2426,-0.007991652150849349,0.27859349231186176
train:2427,-0.7431624555586112,-0.1379327753504161
train:2428,-8.459532264052482,-3.0746081172226987
train:2429,-1.5455453047193695,-3.832890267432473
train:2430,-2.1327828222181147,0.025170900747246552
train:2431,4.617880720951973,3.2561473619961574
train:2432,9.220271673603277,17.390927347589496
train:2433,3.3200129002395653,-0.5523641403481578
train:2434,0.09595263112265097,0.015539869463727735
train:2435,-0.4631115288033647,-0.09672719763146426
train:2436,-15.393178565450919,-4.3504785228592215
train:2437,-3.250313724392703,-3.8353828371049015
train:2438,-0.026437213514706764,0.19021034137588338
train:2439,3.7970009371562625,1.688700230471696
train:2440,-1.041037699030646,-6.035340922129568
train:2441,-7.13882821073437,-0.09605155603527488
train:2442,15.804148289059732,5.678984430493515
train:2443,-12.876859957225198,-11.997905970019614
train:2444,2.453151481772913,0.5760232345823306
train:2445,-0.41204056964950475,-0.4039003165733318
train:2446,-15.478934269945158,-22.885992410264844
train:2447,-16.23585735318434,-12.121158062146094
train:2448,1.2072605099766198,3.5698681841348794
train:2449,-0.5461531671135624,0.07359076429780712
train:2450,-0.5967611856819641,0.06524417961717915
train:2451,-1.2035315879633375,-0.05340695872579046
train:2452,1.4660060578673302,-0.12677684266874098
train:2453,-0.3784466346014994,0.1352295785035425
train:2454,-11.894972157568477,-13.633060207294639
train:2455,2.79608922003394,-1.0712707243201727
train:2456,-1.058884447967619,-1.5548614821143418
train:2457,11.560134950986876,1.6657385451187676
train:2458,16.874849083986465,13.23354254355607
train:2459,3.4872796217610746,2.640560260386988
train:2460,17.4664255507686,10.555939517976672
train:2461,-33.95695610247111,-12.82730852852016
train:2462,-0.32440032620155634,-0.038792928009564936
train:2463,11.106393203011685,12.106356657967453
train:2464,-11.845876977227622,-14.314193674026018
train:2465,-2.259272184151406,0.1615741796441481
train:2466,-10.68104268282803,-5.731724479841965
train:2467,-0.06758394924668293,0.12354437421674437
train:2468,-7.234125861074402,-5.7363712277454875
train:2469,-4.201706722260437,-4.862758654867258
train:2470,-0.860060822957417,-1.3519187761967768
train:2471,3.51235535705335,-0.000641004928795888
train:2472,0.5498414089348009,-6.044601891271931
train:2473,7.426741050785427,0.23266248925266944
train:2474,-0.9510614827264231,0.16789918931658315
train:2475,-13.071765033679501,-2.9483070782647665
train:2476,-16.927753498128872,-7.46274678144116
train:2477,4.397541458598929,2.9332568736334763
train:2478,-1.4091343926339572,-0.45633387068301196
train:2479,2.9117692737955942,1.2877293408804695
train:2480,1.685808109227156,1.0232431895086582
train:2481,-4.663167478561379,0.2707410846770953
train:2482,0.1914153268132605,-0.17737699137862634
train:2483,-9.93780953027367,-1.7529089249973542
train:2484,0.3947866486065981,-0.16724115481890056
train:2485,3.323388193887999,-0.03796093016560878
train:2486,-2.054034803834459,-1.1557961129623684
train:2487,2.285949383642193,-0.0570366777147783
train:2488,10.838627345566303,4.604414134208147
train:2489,-3.7076390485995927,0.5095803889300413
train:2490,-9.3456640057194,-17.126446819808148
train:2491,2.7988145604426338,0.1861228238475856
train:2492,3.930198114070215,2.633198962590668
train:2493,-0.6723645089915142,-0.2580135176704579
train:2494,5.73961818744213,1.4787641489868169
train:2495,-5.658521119159318,-8.765410599126566
train:2496,10.910010621982352,1.8779915808189576
train:2497,-2.615696219678791,-2.6294196522308595
train:2498,-13.620078232452183,-9.645759044810049
train:2499,1.9914723309552564,3.791726857494407
train:2500,1.690680201484561,0.09493931254159046
train:2501,-3.084014494067115,-7.942367288892857
train:2502,-3.2457477796377074,0.031149244651366523
train:2503,6.397379234555357,0.4832015491950342
train:2504,2.6627051466948264,0.00792320881749653
train:2505,-6.757446063784276,-6.5799502762579705
train:2506,-9.727604052446095,-13.345492535489495
train:2507,-1.7828833083489535,-3.414268669123229
train:2508,3.965252351783472,1.770982277876544
train:2509,-1.7116941345635155,-0.08401718941598654
train:2510,-5.1540551234956,-3.997760512340443
train:2511,2.1862266582407575,-0.08562775863055158
train:2512,4.692350112965583,8.111457380741932
train:2513,-3.42299346849668,-2.0732032719395423
train:2514,0.751073766230476,0.27418990975899526
train:2515,1.3902286233358327,-0.24949024757663724
train:2516,-0.7508187001594934,-0.46133926786288965
train:2517,5.511460424636509,0.3289947718525985
train:2518,-1.0974588008129857,0.18529888633939479
train:2519,-2.2396624719203753,-0.08725951297540255
train:2520,4.829316367786952,9.31432767925504
train:2521,3.4043180653146434,1.6769339948448143
train:2522,-4.687341275881483,-0.14461757558568678
train:2523,-0.6370164440625805,-5.259808797417084
train:2524,-0.8968931337503486,0.11494378196390037
train:2525,-7.219214129878829,-3.254394405781677
train:2526,2.0475277759256825,-0.03481475999213696
train:2527,1.9369462287474368,2.392385660709666
train:2528,2.1138912328726454,0.14830743761762122
train:2529,-2.0078527901604226,-3.231053385334942
train:2530,-0.3183127098058828,0.2954416626431894
train:2531,-5.354355555706111,-9.626798852516984
train:2532,0.3756194206358838,-0.14400976920465536
train:2533,0.8579545782239376,5.736784884275629
train:2534,1.022589640007574,2.7216269803513935
train:2535,-9.931899511973548,-16.303258566191474
train:2536,2.3970741857279037,6.56766655005432
train:2537,0.6271953752516757,-0.08844152911670894
train:2538,0.40056184112737536,0.03845476207097421
train:2539,-0.6637491416913593,-0.20102209334188959
train:2540,-5.011548923892586,-11.630918454640774
train:2541,0.30908673409001863,-0.020034315441039216
train:2542,3.6543394554487616,9.151613895151124
train:2543,-0.8802714397394945,0.20436393432781386
train:2544,17.106686195818767,16.892743244896554
train:2545,-0.5392626399560645,0.19686625279712783
train:2546,-17.942673613725155,-11.45511468525393
train:2547,-4.72823811900519,-0.26276940109363467
train:2548,-3.7143556969933833,0.059917581623572524
train:2549,-25.964177058013757,-8.069805049184918
train:2550,-9.74034369384477,-2.3439936045055276
train:2551,1.6387529824027394,0.07744881191320988
train:2552,-1.5527359354650305,0.47663893794353385
train:2553,1.258789295634653,0.17139823100360532
train:2554,4.39468129241089,-0.08329482640452013
train:2555,-7.636210738901183,-0.6527018391802262
train:2556,-0.5460752936030786,-0.06150652621389266
train:2557,-0.9722965429732834,0.12832650722896233
train:2558,0.5591266046542369,-0.10412330466542588
train:2559,-1.3572952752251903,-2.114007259478327
train:2560,-0.0244649215753035,-0.05118045146402364
train:2561,-4.880188167076611,-5.06562289733932
train:2562,-0.6837482214748092,-0.34487597570217515
train:2563,0.14530781600522386,-0.06968626907721837
train:2564,1.4380931697528005,3.709718005540721
train:2565,0.6989473304367597,-0.08759476587891712
train:2566,-1.245114182895783,-3.557005945323596
train:2567,-4.11978983314569,-5.351819313438685
train:2568,-0.05916268457713708,0.38130635096972326
train:2569,-0.9473463351307435,0.11252446861741017
train:2570,0.6751660388553181,-0.12304840239922885
train:2571,2.015242580770286,0.004329725674250259
train:2572,-1.1538092352902893,-0.28774888094329093
train:2573,1.0105436539978059,0.20004837349472118
train:2574,8.093726970704745,10.447273067065227
train:2575,0.8708485718941384,0.2515569149123211
train:2576,-1.4076417782733106,0.9982026508323194
train:2577,0.436344602965577,0.4342054073024536
train:2578,25.095128499346018,13.254425803568017
train:2579,0.21100318796970766,-0.08351509469516971
train:2580,0.5202957341407539,0.36395794050810887
train:2581,2.2843947029313996,0.13842946047198165
train:2582,-1.1778665710320282,0.04345516612250165
train:2583,0.3558780208117514,-0.11970700090726355
train:2584,-2.3075495764030585,0.04797323397539812
train:2585,1.610313343915803,-0.3692928013171669
train:2586,-16.35919039713151,-10.888637140881297
train:2587,10.675583925353662,7.047116435177249
train:2588,0.1879485608472884,0.02344791481439662
train:2589,-1.1569806630620234,-0.0003451977392480293
train:2590,-1.0977447244484937,2.4631853674995448
train:2591,-31.587592944566797,-13.702163962375163
train:2592,0.05564518586709834,-0.2792308892994405
train:2593,-3.868087769934562,-0.8181435119626754
train:2594,2.8913661815905893,0.5620012462276309
train:2595,-3.088644132379939,-2.8165158806945554
train:2596,-1.0531101852798028,0.0672917188927932
train:2597,-4.456914720651019,-3.81281732082136
train:2598,2.6860402346841075,-0.03293028202236001
train:2599,1.3511403053212723,3.4114930005848727
train:2600,-0.09193918022330233,-0.05052478238123512
train:2601,-21.525016886916738,-7.408230379505389
train:2602,12.101612017830279,3.774978478399679
train:2603,-0.18724089858253856,-0.07894381436014092
train:2604,-18.277978818125806,-8.062376415486275
train:2605,-2.6066289535595897,-0.6543417251912473
train:2606,4.432076384603467,0.3946468486350234
train:2607,0.2634477428652064,-0.21573513066025934
train:2608,0.8401278206956263,0.007888256919045003
train:2609,-1.3395266322569417,-1.6723340995058502
train:2610,-0.08501785234897125,0.01833124220271412
train:2611,-1.9735466030642903,-0.020911608092172365
train:2612,-1.7614848299591972,-7.097078593233259
train:2613,14.169993825256338,15.956962514877059
train:2614,-0.8112064693534633,-0.009339034514874126
train:2615,0.3389674974373865,-0.06639415689511019
train:2616,-13.000251580648914,-6.41137256221956
train:2617,5.202668942202322,0.06710832842153022
train:2618,1.6717997107531954,7.680779802700684
train:2619,1.9753822689398546,6.535094804556944
train:2620,-8.332942015242923,-4.387766634735403
train:2621,-4.136908057957719,-1.6807750543122972
train:2622,-6.49300993817224,-4.937947749459408
train:2623,-0.7839625960543741,0.10769996534462037
train:2624,2.348194261717522,0.07833074104066823
train:2625,-3.2627418717494425,0.05828718255641663
train:2626,8.193315800159796,0.4180068429694892
train:2627,-1.2437268721179695,-0.34547251187921607
train:2628,1.5687730563830828,2.0535489749869216
train:2629,-1.0740302646111242,0.2554679610186411
train:2630,0.09690059582639149,-0.17648800054107266
train:2631,0.9223364449018873,0.8298707413695494
train:2632,-2.1623454664637003,-5.002682659894303
train:2633,0.2748309904320209,-0.26231088925027474
train:2634,0.3936434189810474,0.0834213067241196
train:2635,-14.876600565637203,-11.080712231614209
train:2636,0.022215366336709758,-0.08528551534734671
train:2637,4.171545557427635,0.9223217939724495
train:2638,-1.748353728883941,-0.03157657359621115
train:2639,-4.440614748844672,-13.165453451975186
train:2640,4.112018116180831,0.04540362746556638
train:2641,-3.9632403663326783,-0.6041671336776104
train:2642,6.1998841083881855,0.5582983422431098
train:2643,23.33203130934173,9.640919359672521
train:2644,0.13661689977698774,-0.03269902884933995
train:2645,2.5988158590279666,0.07058525768300142
train:2646,-1.811851440645099,-4.135986853728414
train:2647,0.12043431938196653,-0.011175435791678984
train:2648,-1.9574470102610384,-0.006000486239108954
train:2649,-3.728856442020194,-1.8731055078951209
train:2650,-3.968593414689161,-0.21983748491279775
train:2651,0.027579688917844666,0.2101664487836012
train:2652,-12.762199465305281,-6.221466486441982
train:2653,0.1249824810815828,0.005884585842507881
train:2654,0.30814713788292714,-1.178396010501121
train:2655,-1.2619929757203536,-0.40121872132764524
train:2656,0.7374577572660578,-0.2288852474746062
train:2657,-0.0038443646865446157,-0.09734149507935097
train:2658,33.15787003545501,13.787292461103188
train:2659,-23.666001911603676,-13.363457525971954
train:2660,-1.2434311852363713,-3.407462607199453
train:2661,2.8925412579950542,9.346183267486186
train:2662,-0.21533812608158642,0.17627951327877758
train:2663,-0.4203243352699425,-0.03175882278099407
train:2664,3.0814005605369292,0.17703276235561033
train:2665,-10.952677575224136,-6.626975844381936
train:2666,-0.6632881770009431,-4.728353340614493
train:2667,-0.9400787607075597,0.2722826773900223
train:2668,-3.5410013590762004,-2.365036929946303
train:2669,0.19538489995289393,-0.06114973152806716
train:2670,12.174693169233114,5.260625328074682
train:2671,13.7027202181997,1.759552293778847
train:2672,0.9308223329622227,-0.3188045700127314
train:2673,0.49649177788088794,-0.10011910105017174
train:2674,0.6900769564470504,0.40194180915469063
train:2675,11.950038087191583,2.3875617280801165
train:2676,0.732305320370911,-0.009462721437149504
train:2677,-1.0824050376326197,-0.16490151753479887
train:2678,-0.8934304358035808,0.14744876220219386
train:2679,10.325495306706056,0.646904115373103
train:2680,-12.962089376263512,-2.1420045861028543
train:2681,-0.48633701273236796,0.12381942425843634
train:2682,4.004186317526506,-0.04142273738121932
train:2683,17.74614348109469,6.133585655729564
train:2684,38.011367493305926,21.477472499806243
train:2685,0.844496175946409,-0.02043676158606672
train:2686,0.3328379223293478,-0.06203594047982569
train:2687,-1.0288466590789618,0.25056927412464813
train:2688,-3.5251239963506276,0.12241664051364533
train:2689,2.4021608369410594,0.021105923626929785
train:2690,0.5678901640825512,0.42183386185871563
train:2691,-0.582328783377787,0.23987427852010304
train:2692,-13.200968113109475,-5.393935067125477
train:2693,-0.36494813327752773,0.10636387552850726
train:2694,-0.1368325616425119,-0.03471175888731248
train:2695,1.0151261032878591,-0.381229801933626
train:2696,-2.3654168008979948,-9.19689392542273
train:2697,1.8439764152252707,0.04795554403495735
train:2698,-6.09617443232679,-0.23032847555903396
train:2699,-1.9209347944649315,-0.059576111463293724
train:2700,0.537378392842024,0.33629886266410614
train:2701,-0.29644013283513604,0.07674478081582926
train:2702,0.5308439917085894,0.6874854093874676
train:2703,-0.610558976990258,-0.6010064834319231
train:2704,0.30271040455995424,-0.042355311096229864
train:2705,-12.802990307471434,-8.369661523163998
train:2706,36.77795522853363,12.911352805092138
train:2707,27.238081050578433,16.14140354034492
train:2708,0.3280846162327107,-0.2080526320502103
train:2709,-0.09166708785308941,-0.6489171192211665
train:2710,-0.6942811367987883,0.189856542567068
train:2711,1.7763431551409408,4.199321916476651
train:2712,-16.27382243298201,-7.300184788439091
train:2713,2.2159543478369206,-0.09424703944950641
train:2714,-2.1377704462209244,-0.07809441189736399
train:2715,-13.821160189266417,-14.311399804722857
train:2716,4.546894483210274,4.743309269473427
train:2717,4.325435701972184,5.800793936509212
train:2718,0.2804203325897181,0.06380644397393664
train:2719,6.006627160857256,0.5455978209714976
train:2720,-0.1494262192663095,-0.12835659714834466
train:2721,11.360241320696803,4.404081835792075
train:2722,2.9678670261657456,2.4758176969039742
train:2723,-5.420262580898343,-2.738026185602102
train:2724,-12.547830195478344,-12.340289631461543
train:2725,-4.379654435004966,-4.909929737017429
train:2726,0.9535037483799202,-0.08363978024311514
train:2727,0.20573010524787097,0.016878277518003443
train:2728,-9.224202715522722,-10.479356972411258
train:2729,8.581392744429097,6.713117805504245
train:2730,0.7091008739126504,-0.15991352497374195
train:2731,0.6282622423453043,-0.06217931459388193
train:2732,0.15334947636844104,0.09097548193556809
train:2733,1.1120737422171874,-0.4178822172404198
train:2734,11.067250024852425,4.336086269883679
train:2735,-3.917085782730991,-8.996299701759487
train:2736,-2.7750570364493896,0.06840083536018643
train:2737,-0.3307038963024224,-0.15753308669797841
train:2738,-3.6085165303744833,0.14037999039679147
train:2739,-0.004256745604748563,-3.35679177005821
train:2740,-7.909929386962892,-0.560877638176493
train:2741,5.184022536918889,4.646686814785945
train:2742,12.20371790511076,8.856216998092838
train:2743,-1.1904221055044246,-0.10643569373481643
train:2744,0.5560952329722535,-0.225568597633177
train:2745,-9.426021100042068,-2.9256519709925413
train:2746,0.29180997275813947,-0.030405185685250205
train:2747,4.696829118338725,0.39273305386879015
train:2748,-5.230060599560783,-8.446094620019402
train:2749,-0.7716390549057474,0.10451770198621699
train:2750,-16.716534502373808,-13.584193744078354
train:2751,1.255067406750006,0.5525799263348212
train:2752,-0.9306781494718396,-0.8283855594954508
train:2753,0.5136607948184111,-0.060725886261538714
train:2754,5.254049651961315,0.657276412225414
train:2755,-1.9852508754608906,-0.13613681841324798
train:2756,6.308428624007118,2.6714714340558925
train:2757,-2.05652489650402,-10.08336366114196
train:2758,2.7352107314948015,4.144535600288349
train:2759,-1.1092590784628094,0.1802257966051692
train:2760,1.9807799492784657,4.125618206238286
train:2761,-0.31514511759511277,-0.22811651969988778
train:2762,2.0595900340122677,0.31594815545591115
train:2763,-1.7096615197107674,0.4891008590104108
train:2764,-10.786943218422357,-8.908786425112522
train:2765,0.2914478028198296,-0.046504600755260306
train:2766,0.6420224916477977,-0.10295919245577526
train:2767,-0.6972875192199448,0.08201096195639827
train:2768,-14.055872344614134,-4.0717797882905415
train:2769,0.15695722825712494,-0.315254883738157
train:2770,-3.4478116400587577,-0.0366510186081318
train:2771,0.004146154863817503,-0.32034644804727846
train:2772,0.9098134545831258,0.874014133148959
train:2773,8.425620617971482,10.325142859548636
train:2774,6.8414307283274765,10.098937596629838
train:2775,-12.928627477495969,-2.5704904661199772
train:2776,-2.8332245969907293,-0.07248042370199986
train:2777,-0.639980984000492,0.10803985472446015
train:2778,-0.8952815007706935,0.3514617808468305
train:2779,-2.3930681734922428,-1.123340921346767
train:2780,-0.4940969337084018,0.330248403720528
train:2781,4.258968452420949,0.3689442924698507
train:2782,-0.24839299047045132,-0.1880345385205448
train:2783,-11.186683057521494,-0.6356342565231088
train:2784,-0.3169151708654983,-0.47570335683998427
train:2785,-1.9832852085813344,-6.196939669342475
train:2786,0.185746716395638,-0.1241468906362766
train:2787,-1.7890773906186617,-0.015178284129238051
train:2788,-3.4752779758937664,0.2535807011630691
train:2789,-0.7628563176726124,0.15094709058516598
train:2790,-0.4548096314401874,0.1926304393568286
train:2791,4.508049781431495,7.19294431516559
train:2792,-1.3849996482982152,-0.19268513826593703
train:2793,0.7383510942833394,-0.47173638769614173
train:2794,0.7329274948509408,-0.1505168854010633
train:2795,-0.6031523925394044,0.8385974457784389
train:2796,-6.639945862001462,-1.6147753131358873
train:2797,-3.3946163612763707,-0.10060186523123274
train:2798,-15.08208063235697,-14.58077765260897
train:2799,-5.426785359119765,-5.096481001186901
train:2800,-0.3719394310821742,0.0871304877842809
train:2801,7.835872667707155,4.8556141416832705
train:2802,-12.145330612150957,-9.311742154553365
train:2803,9.736003525422484,1.3443920747027835
train:2804,1.0352816274669974,-0.23191443578387294
train:2805,10.052483331694708,14.360215991515142
train:2806,0.5373187673033999,-0.054613298535202914
train:2807,1.5845028081260968,0.0014265781906240144
train:2808,2.2115613520126716,-0.05228050896998146
train:2809,0.7805092558186445,-0.026145904541704984
train:2810,0.12362457627116097,0.013025900669798418
train:2811,5.989372715516441,3.090904487052452
train:2812,-6.186177148870402,-0.22651272687379803
train:2813,0.06910428551934762,-0.02431228515069525
train:2814,38.882315992552655,13.561934032752589
train:2815,0.15310864963154178,0.03615806569068433
train:2816,-23.756586238664394,-6.150178309038642
train:2817,-7.640125335666998,-2.795939626745741
train:2818,-0.6311933651443118,-4.432167243955253
train:2819,-8.936824821263908,-4.505061782079263
train:2820,3.6990193239743014,0.41545221584470815
train:2821,4.238308028943988,0.056235577447717414
train:2822,0.6251456747182691,0.3510247394553765
train:2823,-4.240150201116544,-0.27720382185006237
train:2824,12.645928794536578,10.508474554557887
train:2825,-11.745167699054566,-7.590752902400286
train:2826,3.8902459812348846,0.5342550026287143
train:2827,-1.0388600302359818,-0.03223395460871972
train:2828,-15.814553757886628,-5.8933711610870345
train:2829,-14.177594917872854,-6.556108231046494
train:2830,-4.718252642837,-2.300606885662391
train:2831,7.751890619586025,9.321960603233611
train:2832,0.2432189943403893,0.3382946873960929
train:2833,-3.4489186061988293,-0.051066465476828665
train:2834,-2.6207870551402714,-0.6428157303684161
train:2835,-0.7184351751684712,-0.09032515112162584
train:2836,7.141767704563762,1.8253093689174364
train:2837,0.37356797666567537,-0.02449745888208331
train:2838,0.27640705730091764,0.023992522456595305
train:2839,-0.8969877442541304,-0.0032960652638213545
train:2840,-25.629522736685807,-10.997898202048848
train:2841,-4.380709795415702,-2.7167075247980152
train:2842,-0.9568457411185699,-0.5497729920560153
train:2843,-0.2783068791170549,0.08923145353324226
train:2844,0.651294088560179,-0.21087125300390785
train:2845,3.075888975660596,-0.23699458722819383
train:2846,5.673297851498734,6.656842110459478
train:2847,4.172134606608429,9.970499498738015
train:2848,-4.884193422556122,-11.859408573092631
train:2849,1.9598984580150258,1.1592321814133018
train:2850,-13.292230288398763,-3.0395318185448534
train:2851,-2.3666962510523324,-0.8704927535336417
train:2852,-0.062494276076403676,0.008994448839833108
train:2853,0.6590053095348805,-0.08750845608886337
train:2854,-5.053252397109961,-0.4268692776275706
train:2855,3.5622897116415064,0.027705983341056784
train:2856,5.761978345571801,3.2599512698341626
train:2857,-2.085733274391464,-0.03462616240130875
train:2858,0.7874648712834125,0.2544000021949347
train:2859,-3.3975653265121855,-0.001581924301191806
train:2860,-0.4269674106306941,0.25141382611988483
train:2861,0.23541920677615252,-0.11947118258832329
train:2862,1.7404871689570602,0.09407621464105294
train:2863,-0.39163352565441567,-2.471862771087048
train:2864,-38.44658016802757,-12.58700723628627
train:2865,-3.9078316201866286,-3.100444560558062
train:2866,3.8460375380205725,1.2893264286484891
train:2867,-5.621724839393625,-6.829340774018975
train:2868,-0.17044520957885734,-0.3665745422433087
train:2869,-0.23432903447707087,0.033388163403603885
train:2870,0.07297796963487779,-0.03178314644910013
train:2871,2.230517856588599,6.809901181585413
train:2872,8.396832989498892,1.3153932691920125
train:2873,-2.2448314133505796,-2.0104738871717145
train:2874,1.7366476562028472,-0.12094601004216743
train:2875,0.6997576798622721,-0.20132924206583291
train:2876,-1.502510543160081,-0.15598749948237123
train:2877,-28.58025093579455,-12.980046898145202
train:2878,5.859766088581394,1.9450559996204437
train:2879,2.4922895458508867,5.201653914364038
train:2880,2.661626540460065,2.4737539656264245
train:2881,-2.240706209419099,-0.33415330390048886
train:2882,-0.9587802585939326,-0.22225144847891276
train:2883,3.655937373392242,2.059079221286812
train:2884,0.6666657383840873,0.0034593520724024163
train:2885,-2.642203432814527,-6.852957415150643
train:2886,-3.3933136652980083,-0.0741896428666842
train:2887,1.9897158764919256,3.043973645706331
train:2888,0.8235482016262576,0.0422006782897121
train:2889,0.701417547926779,0.0164954115691493
train:2890,1.3877059865126369,-0.21635670380945637
train:2891,-2.1374450046845737,1.5861513604149367
train:2892,0.48397308803957106,-0.24429989065658653
train:2893,-4.015483961079481,-0.09354586156832592
train:2894,2.6323814341706617,0.21627789522345692
train:2895,2.2951096330574945,-0.0648211074735768
train:2896,-0.06009937505622548,0.07038966971248291
train:2897,-2.629308974227846,-0.25470806670261414
train:2898,-7.684722913975488,-1.0093205528965987
train:2899,-2.299275457799591,-1.2289123459851279
train:2900,-0.46240195002500084,-0.26753569875594196
train:2901,6.660792543910293,6.04612830212012
train:2902,43.50810479691811,16.763934228898712
train:2903,-13.96920168448627,-2.8232951223860505
train:2904,-2.033403670095769,-0.26072478636462576
train:2905,-3.893998030309336,-7.143672755067764
train:2906,0.987544933082167,-1.670509325085061
train:2907,-1.9694334869613024,-2.131052230397058
train:2908,1.3301030670368648,0.04035129487919668
train:2909,0.3141396788583384,2.4282662810343263
train:2910,-6.842165004527,-3.6129603682242295
train:2911,3.10088939448303,3.9809664219676364
train:2912,5.73324604216039,7.308529815362337
train:2913,9.550189425827888,9.019650363322425
train:2914,-0.00215880998649004,0.20695387000307147
train:2915,3.4708536575885116,0.5701787778484015
train:2916,-5.733885940314372,-3.0746469209630205
train:2917,2.0268978044781933,3.5575913654689857
train:2918,2.8667218887922186,1.8263416625386415
train:2919,3.5407180518627634,0.3271622937480688
train:2920,0.13453500377730648,0.015613054459260922
train:2921,2.763835174282737,0.08587806853323643
train:2922,-3.586558989916925,-0.3400558949144955
train:2923,0.6351865921767585,0.23246312077068576
train:2924,-2.2394402418426957,0.12067489468427958
train:2925,-15.048522960794443,-12.570343312391065
train:2926,-3.4130665718050333,-0.007051753748044662
train:2927,-26.96270049917575,-8.18664254065028
train:2928,1.1688277241995655,-0.0341283475047921
train:2929,1.2922653743548511,-0.11099598918747475
train:2930,6.120181616470062,4.129531106935136
train:2931,11.097390560283273,12.232408325829494
train:2932,-4.261514508144983,-2.670416945167202
train:2933,-1.7205598593884197,0.1063093790990849
train:2934,3.0608294010242236,0.1554294932355609
train:2935,-2.034753322638662,0.013398459375129623
train:2936,-0.255001778240766,-0.04160348862749716
train:2937,20.21459335865512,15.886609051100878
train:2938,14.281839712803304,3.7724237086140877
train:2939,-7.211719676213161,-13.838369656050206
train:2940,1.5325030620733169,-0.20208420307238573
train:2941,0.2031892204528156,0.12354430288633937
train:2942,0.0910654290796297,0.032772011365187086
train:2943,8.626163271668336,15.195935570682764
train:2944,-0.4467193873047579,-0.3255718281961857
train:2945,2.4734957620431346,0.004286214127198373
train:2946,0.005336922199499411,0.011927341102345654
train:2947,-15.232122198275936,-5.5338271161310795
train:2948,-14.106379941222748,-1.3872303225503224
train:2949,-4.3228783694897635,-0.4121953293711425
train:2950,-6.454069463598479,-0.22166140336872708
train:2951,-0.6857301604311828,0.010052706728459135
train:2952,-14.444386310375105,-19.61121237528596
train:2953,5.429205076323957,10.288655930781449
train:2954,3.792694880713867,8.147176223708046
train:2955,0.03883078397507694,-0.1508173290669364
train:2956,-0.8593023117194806,0.09421502360918897
train:2957,-2.158379728885031,0.09148734892187035
train:2958,-9.035618643537303,-10.17377637609149
train:2959,0.39370734499711624,-0.021459068950571175
train:2960,4.786378541313848,3.678324638333996
train:2961,-0.828281224474565,0.12337104133258683
train:2962,-13.555967179624126,-10.708511319594503
train:2963,1.392283786637885,-0.02842548162479412
train:2964,-11.79843411005847,-6.653547846853692
train:2965,0.7401087110378717,-0.17803558500801997
train:2966,-2.3435201644993824,-1.32945668900049
train:2967,-0.9887657443785333,-0.23062278481007675
train:2968,11.636079987909595,2.7505386201072506
train:2969,-0.3695753307788291,-0.10931401823750159
train:2970,5.074147895249244,0.070690684021596
train:2971,-4.357256618640373,-12.806849827078791
train:2972,3.710924905206958,5.768124040374551
train:2973,-0.7768549529004825,0.15747253869565975
train:2974,21.228382797370827,8.854222599968953
train:2975,-14.08479386903311,-6.937263106145429
train:2976,-7.456922207026891,-7.946401736599832
train:2977,0.6249926009670643,-0.1426582720210616
train:2978,-1.809411094038952,0.09670374143974719
train:2979,-7.053882390749163,-8.102879531376756
train:2980,-1.4113697110722039,-0.024284751614364053
train:2981,-0.5842893361760576,0.1807573507832523
train:2982,-0.20147617629898346,-0.1519189558418043
train:2983,-1.9113091636526494,0.22738239868312482
train:2984,2.7805568253368986,0.19304986213824685
train:2985,0.34431938350266805,-0.01061627674685968
train:2986,0.4223664240628489,0.991270334091688
train:2987,-0.035645814243980195,-0.058734626675472135
train:2988,11.042964647577001,9.146127160398285
train:2989,-15.58447589001654,-6.971842945204452
train:2990,1.6407809480906823,5.3379360742332445
train:2991,-7.309657122329474,-3.9829471844726387
train:2992,-0.8622968387703841,-4.279053391078275
train:2993,-9.080486803237445,-8.691851261627928
train:2994,3.0218098906487776,0.13213555085612796
train:2995,-2.17824793467922,0.054069415708583216
train:2996,5.711074175205321,0.04065131056263972
train:2997,16.925361329759884,12.34777298709235
train:2998,-11.28485575137694,-9.61840469045622
train:2999,-21.55746619758975,-18.63482581359278
train:3000,13.94768192227653,2.3847875459687358
train:3001,-0.20776021990766846,-0.5205512076992045
train:3002,3.0416660086144733,2.0447923118079308
train:3003,-17.419512396547553,-2.788661072219224
train:3004,-2.6985308539260457,-9.609619067132797
train:3005,-4.600204769440157,-0.0017660280765048192
train:3006,-4.342240281236688,0.1396814517405961
train:3007,3.1556598103013522,-0.10392600476518729
train:3008,1.9647184796266148,-0.3274349783748667
train:3009,-19.177062203106505,-4.40357174055437
train:3010,2.1920134736735473,0.39095521485449286
train:3011,-41.37289095358043,-16.993254122440437
train:3012,-1.3921244933618855,0.2928505143510467
train:3013,2.3765267369557033,0.1682886533279001
train:3014,2.791624162155213,-0.12164333608147773
train:3015,-0.4365240013456222,-0.2420021243202216
train:3016,-14.66824731506794,-5.153831788095875
train:3017,-0.33944967267535764,-0.04628076594436056
train:3018,-6.88167081754105,-6.938245183161512
train:3019,-5.765423084852642,-5.0818497085126655
train:3020,-4.023454489221182,0.125053226273775
train:3021,3.90024586981397,0.6298594297759916
train:3022,-2.788547053047592,-0.24093587742623523
train:3023,0.9443569815425533,-0.2930508699471715
train:3024,-7.836955166350573,-7.373606600916883
train:3025,2.992630802499605,-0.05957347223830861
train:3026,-2.8022132729919043,-7.670924853764332
train:3027,0.2993151195028591,-0.010689319081582854
train:3028,0.17981670668685412,0.04352549790183471
train:3029,-5.111659854555239,-4.127594974240609
train:3030,-0.2137690329598972,-0.20432782963135332
train:3031,12.359620208182916,3.5145814138250753
train:3032,0.28595853393456017,-2.0156573250424796
train:3033,4.735400449226968,1.8110236007250353
train:3034,-4.516934973367154,-0.10681959397454313
train:3035,0.8630749358819299,-0.15407741389719815
train:3036,10.27750197842399,1.838338152712873
train:3037,1.9736974116145207,-0.5253376205357225
train:3038,-3.9770920879527103,0.05889413297258802
train:3039,-4.446848349015222,-2.8135473945599463
train:3040,1.2044621776804871,0.03532563986429813
train:3041,2.9502257703131542,0.1969437889473662
train:3042,-2.3120230027784343,-1.9315776087707435
train:3043,-0.43715036007397645,-0.5299365770678925
train:3044,-5.182675846951692,-0.7380779142324887
train:3045,5.5068479882334636,0.04297867901708093
train:3046,4.7159846071683065,4.912729252934114
train:3047,-0.42663522780537644,0.05351403717522907
train:3048,-1.6088966840182897,-0.14194660857034563
train:3049,-5.164353488455166,-11.944638706136256
train:3050,-0.9910419754670637,0.17767559196549831
train:3051,-3.594961890385491,-0.545630264794245
train:3052,10.122118522144072,4.071960622378753
train:3053,1.425676877766314,3.8837413680186885
train:3054,-20.504439667585725,-5.367271761735317
train:3055,13.27725840990039,7.358316726124782
train:3056,5.129922530665447,8.535655875435939
train:3057,0.9742411155344048,0.1131441158456721
train:3058,6.285120966090187,4.183135050330107
train:3059,-2.0600717443337584,-0.10729843498332894
train:3060,-1.6653054655138964,-0.5989085135599719
train:3061,-1.6637312583109214,0.044805165367590355
train:3062,22.250507258748947,9.94005225802325
train:3063,-0.16312777286313979,-0.12655400648351128
train:3064,-0.5351160498664805,0.06017872223628888
train:3065,16.531396683181526,5.954649625598223
train:3066,-0.3542763241549991,-0.012280985738822067
train:3067,3.7217123623040114,0.7191072478814178
train:3068,0.5672267282648771,1.2065787363597806
train:3069,-0.609210254280326,0.09293692541234339
train:3070,-30.287751553394664,-11.373311835509893
train:3071,10.519182301981449,16.538268794484978
train:3072,4.4644894317910016,0.5494791936293364
train:3073,-22.021408213147122,-8.32761253473629
train:3074,-3.88624554799699,-0.0042066692140909495
train:3075,-0.05529527683409366,0.10330101926807908
train:3076,0.152730788762015,0.05754099518967918
train:3077,-1.0485716705971568,0.05718113329643853
train:3078,4.344008650451698,-0.06046895414271755
train:3079,-6.992710539910829,-3.110415409891016
train:3080,-0.040151784772991056,-0.09415616451353245
train:3081,-0.05233910539283121,-0.3393631340211054
train:3082,-0.14900361018553454,-0.09028249553943399
train:3083,0.21356080975806102,0.06569684236732884
train:3084,5.685802710074755,0.34181955068972614
train:3085,-0.15647458556893734,-1.0454603879130404
train:3086,23.166383427005325,7.749690109722841
train:3087,-3.377721761291463,-4.400001225801534
train:3088,-2.7556774578762067,-0.6485768731893018
train:3089,0.9308227978787033,-0.1515698291745166
train:3090,0.4164705857153818,2.465990364345887
train:3091,1.7339032542184527,7.948194067197873
train:3092,-10.161311619443559,-5.404707670210665
train:3093,-0.3453292389460072,-0.1467014220374474
train:3094,-17.326607206416174,-6.290910344893562
train:3095,2.4049442919098163,-0.14548210009432438
train:3096,3.5148942659533633,6.98275700799429
train:3097,-0.03305332371958927,0.18040661918185205
train:3098,0.9388488835398237,2.976759861036768
train:3099,-1.4083319467886137,0.18085764133268667
train:3100,4.580249451187302,5.168730081987566
train:3101,-1.0259609224844954,0.517345131497059
train:3102,-3.592389507498882,-3.0769905527498023
train:3103,-22.146792468606264,-6.21590956257062
train:3104,22.064382594945375,8.506307122958223
train:3105,6.070988803668304,2.3884145544023334
train:3106,2.7667892535998373,0.25237350538879655
train:3107,-0.24188997119945055,0.10933920938199665
train:3108,-0.6219763959183893,0.20731230528821207
train:3109,-10.33832485006228,-4.081976041703305
train:3110,-4.126303777953983,-0.2666537696284836
train:3111,-2.2183307090455706,-0.057899490293695816
train:3112,0.8120052552483912,-0.25095123693191074
train:3113,17.077098910999716,9.432725879981868
train:3114,0.2605759537651548,0.12325120625218162
train:3115,-1.3689484068089355,-0.043943197242003906
train:3116,-8.48349498929044,-2.3181665767836246
train:3117,-1.0667440935287202,-0.20215061167944365
train:3118,0.6577903665422126,-0.033915283585047834
train:3119,-0.7058036268515128,-0.14015329085816267
train:3120,4.084922318780782,7.343094247053879
train:3121,2.142854134858385,0.2222493914086966
train:3122,3.305950106537386,3.5108180216571117
train:3123,3.104542708186803,-0.0381132919106954
train:3124,-0.8363531044090147,0.42424611349511054
train:3125,7.120296001828327,10.026301559893561
train:3126,1.188483695620406,-0.1344859475198562
train:3127,-4.3023639297876795,0.1238647903960183
train:3128,0.9435410531192749,-0.14119072026852778
train:3129,13.66921554711595,8.074447742766884
train:3130,-0.5166477075950786,0.2517458691551743
train:3131,0.13551272313579904,0.3501556498008187
train:3132,-6.8194073428065005,-7.0356745273903885
train:3133,0.45556192568706527,1.3423849797668064
train:3134,0.9283524641595639,0.013206509255266272
train:3135,8.268794060936093,10.919983655523463
train:3136,-3.477639751614709,0.08124216285127484
train:3137,-3.2044608715868605,-4.685676644622758
train:3138,1.2230123452524575,0.0029877154345219065
train:3139,0.5575831981680954,0.21884464851708854
train:3140,2.925044963896286,-0.028135452198051497
train:3141,-0.5553538642626674,0.1855197966036894
train:3142,0.9881053898994103,0.31362092966227995
train:3143,-0.6048790923479833,-0.539487718297808
train:3144,4.421848222032456,4.352275989246422
train:3145,1.863839274479934,-0.02830379195385882
train:3146,1.306322356601024,0.0204255742240102
train:3147,9.82341805191915,2.5071558543772268
train:3148,-0.01057693646979252,-0.03678019797159243
train:3149,2.199600445718835,0.9394215466422231
train:3150,-4.17100921688595,-0.37543156730213884
train:3151,1.3482727004695452,0.07421775855778438
train:3152,0.13299427056092783,0.04613747467223829
train:3153,-0.921400741103452,-0.0843582914127114
train:3154,0.04312452013073932,0.0769432220025479
train:3155,-3.163561703880751,-5.567209175029292
train:3156,-0.7702508142949729,-0.011853930604068488
train:3157,-5.451067946896306,-0.2310670305724361
train:3158,1.3569617570318595,6.121914860184576
train:3159,11.367954285108306,5.4040753376818405
train:3160,-3.572319063035675,-6.590167072827375
train:3161,-8.154392700572627,-0.29975592801746304
train:3162,0.5232521380402566,-0.03639437181093064
train:3163,-1.0040408078036176,0.20437413457572928
train:3164,1.455839264271745,0.10557638785727302
train:3165,-0.6620022180158788,0.1279764176012071
train:3166,-0.4156146150933523,-0.1574403571714744
train:3167,-1.613572116604443,-0.48467593715491936
train:3168,-1.0015095700255325,0.2041535809634597
train:3169,3.5973955550840993,-0.22245202957778148
train:3170,25.63925373046235,8.12130382984856
train:3171,0.46318864809143573,-0.15172878898206602
train:3172,-15.10648316858548,-3.4906047566278287
train:3173,-18.34218564374885,-12.16063059634509
train:3174,-0.05912804829933979,0.03749508280206247
train:3175,-12.452016487844958,-3.4490933141322238
train:3176,-0.08887293980528141,0.14648765632518207
train:3177,2.0264410240361017,1.074199062948294
train:3178,6.611313807473026,11.065060569007931
train:3179,3.824146480619726,-0.14922837296508729
train:3180,-0.5723593468281745,0.1401780540202277
train:3181,-5.578159375671846,-0.11552967839906689
train:3182,1.3231307145787987,-0.051390305515542745
train:3183,1.106681175959862,-0.41068612066208693
train:3184,3.5725625061946453,0.09638232663480321
train:3185,-7.610741684266404,-4.232826723490345
train:3186,0.024244959232334704,0.17626624582344702
train:3187,-4.110276712121689,-0.028764301048558844
train:3188,-2.101745462896382,0.16108677898676194
train:3189,1.9073363954790805,0.4327638198173409
train:3190,2.3847018283488244,-0.2702913349620218
train:3191,0.15452339048170483,-0.023569450312992943
train:3192,-0.3846676820270767,-0.3911741163559184
train:3193,0.5719450493963565,0.1315453630851323
train:3194,1.083887715670364,0.014841402137937373
train:3195,0.6367256981854555,-0.3370284898653539
train:3196,-0.8547080070591745,0.2704159606910912
train:3197,0.41077791586989343,-0.20396746842527763
train:3198,-8.29761301188969,-0.13146938469227504
train:3199,-3.402784478922284,-2.4369194322841286
train:3200,0.8049819944357104,-0.069287389452441
train:3201,0.11330226811284858,-0.992813555892401
train:3202,0.8966437654399881,0.03469992955161093
train:3203,0.2638929003952856,-0.1930039851763009
train:3204,3.452051970200591,0.20974973655757306
train:3205,0.12238429533030576,-0.035747690359172524
train:3206,5.904366456388768,11.458367291903194
train:3207,-2.257718433273573,-0.18695288425907775
train:3208,-5.713790390361218,-0.04911208371014869
train:3209,0.1602655739323665,0.04196557327482187
train:3210,-18.45332113891361,-4.28836914197168
train:3211,-1.2489471868192692,0.16681596578620606
train:3212,-0.059126653549898295,-0.9686111494748486
train:3213,-13.893743880035116,-6.746730464090303
train:3214,5.014905912721467,-0.0698459065236153
train:3215,5.487679481742427,1.5396480735164044
train:3216,3.250972802885241,0.013951056022688646
train:3217,-0.05044840629575581,-0.06278662166207832
train:3218,-1.1932025385160578,-0.3112812095362442
train:3219,-0.21342731934672932,0.012646280254371908
train:3220,-0.3041171824485207,0.40901635872289827
train:3221,-0.5652707652499833,0.9067308220293016
train:3222,-9.602966452854638,-4.03241225244771
train:3223,0.5750803299117317,4.58126599117654
train:3224,4.416088371755535,0.15586731926146996
train:3225,-0.2467192911406495,-0.40927549057274554
train:3226,-1.9671818964462386,-0.01926737092644587
train:3227,0.23037102740175794,-0.20253715114415544
train:3228,-17.865791305177748,-5.2413102555052
train:3229,1.8514032235430262,0.1428784091624301
train:3230,-0.8652767209521522,-0.8562108371831108
train:3231,-1.82712348211306,-0.7535521896330517
train:3232,-1.8181222341340897,-4.283492424842429
train:3233,5.981463091433686,9.36124824902284
train:3234,-1.1691435755666375,0.15772618961585078
train:3235,-2.808947588211954,0.4995881404755868
train:3236,0.09415293942663353,0.0025989647272550015
train:3237,0.4314113741909862,0.36865312175662807
train:3238,-18.184677519153045,-6.358169210379087
train:3239,9.922592175873595,18.41615184033696
train:3240,-3.551056572716465,-6.2679579324932835
train:3241,2.1654137421581914,0.17820472090981132
train:3242,0.2843238875891204,1.8729861836390798
train:3243,-1.376475869544719,-3.1464144386879815
train:3244,0.405765186377137,0.20768686124488334
train:3245,-0.18045823204851674,-0.7159363145458808
train:3246,-2.1134441562952158,0.0457122027976098
train:3247,-4.968222892158264,-0.12481682580006573
train:3248,6.373570396672446,12.315777020624159
train:3249,1.137252224051653,0.005190968984257707
train:3250,-1.0745333042430256,-0.3716424961883741
train:3251,0.8505128925788062,-0.15077467348474452
train:3252,1.745601250242566,0.06208381469311173
train:3253,-1.9166003781172254,0.03648782615301367
train:3254,2.3038040361593346,3.042552173395429
train:3255,-0.011404836492443782,-0.007323879243131506
train:3256,1.467307591554491,3.1742161175231143
train:3257,0.349087334468441,-0.0169408584368647
train:3258,-3.4448092094276856,0.23484141913429918
train:3259,0.17478305595247517,-0.1317976472160993
train:3260,0.05992032536354071,-0.13878018056185296
train:3261,-7.376335443962857,-11.405968606850033
train:3262,-2.828708863215628,0.22804541479762866
train:3263,3.9902225510346736,0.007568126061391081
train:3264,0.28905278557053127,-0.09425074863056657
train:3265,-1.0227395161911073,0.18702301355872478
train:3266,-1.1008496691635163,1.502797074362082
train:3267,0.50117534650545,0.04982639789737871
train:3268,0.996451338099115,-0.25252093382440904
train:3269,2.095083501570478,-0.14619412019706535
train:3270,-0.5517000856424139,0.24951451142586725
train:3271,-2.385158549409488,-3.0374854918861245
train:3272,-2.7361704921873664,-1.0286548018334996
train:3273,-11.453583240480182,-2.478366106771991
train:3274,16.334430167052684,5.8353869003627565
train:3275,6.413866567703346,0.3662971498097806
train:3276,-1.2464071156280547,0.2725261280622979
train:3277,-8.402481432897305,-6.60842822715141
train:3278,-1.6720072365803111,-0.0064358870312478805
train:3279,-0.07198298898517866,0.029359065477003676
train:3280,28.292217801137895,8.271547347228214
train:3281,0.026601388413751495,0.12203545082930875
train:3282,-0.18130391512654714,-0.10049201640752797
train:3283,2.6469928293198315,6.486461163782589
train:3284,8.301010913368856,3.3193923229313476
train:3285,-5.192745008086371,-5.644106775482075
train:3286,-6.3362205744552895,-1.212288652438345
train:3287,-0.20964987294266274,-0.4677911029954202
train:3288,-0.7026445193665118,0.355060899092072
train:3289,-4.294505446517779,-4.222690958261024
train:3290,6.909651642843159,0.2984647878680309
train:3291,-1.172298731261554,-0.10369781879958237
train:3292,5.930904818928698,3.423651696100081
train:3293,-0.666001429581144,0.19319323625230309
train:3294,2.22955315489156,0.2879708726751895
train:3295,0.22703850606953035,0.060815702752966584
train:3296,-0.028316987074490402,0.13750516108395147
train:3297,-3.544766252735293,-1.0093629231571706
train:3298,10.467558905819633,15.104551620938711
train:3299,4.527090900806874,7.695542913963366
train:3300,3.3202904553784243,7.085502464647238
train:3301,-21.891086544665065,-12.053426133414588
train:3302,-1.0730897385710714,0.18787755181066193
train:3303,-0.807653112692998,0.11256776617324704
train:3304,-0.09835374913388789,-0.2154605086009974
train:3305,-1.8854546932555358,-3.968519611435091
train:3306,-0.1269629659070869,0.1272203866385792
train:3307,-0.38347772829523563,-0.05071437859773337
train:3308,-0.5148563843957102,-2.891243324905525
train:3309,-1.7868776382911737,-6.28098172316037
train:3310,25.487408288599042,8.352962730212274
train:3311,-0.11763371935112354,0.010248936672622666
train:3312,2.3033089001076013,9.719048978880519
train:3313,-3.3384372485221316,-0.09264852507338689
train:3314,-0.12377968276509993,0.05189426633841863
train:3315,0.7293963379524193,-2.4183390030673007
train:3316,3.8759711856175976,0.1268883436032898
train:3317,4.410254134841734,9.179354004335211
train:3318,11.69602631890533,5.872364011673124
train:3319,0.5279161801726375,0.05014053700101237
train:3320,11.625497558980442,5.963042646372507
train:3321,-0.015191929913480756,-0.1101815386231493
train:3322,1.3415014243892958,0.13352406851991833
train:3323,0.8575115128180206,-0.05838746159432204
train:3324,1.6683286443097787,2.6651469950266975
train:3325,-0.4215496226543016,0.29075447040003055
train:3326,7.553866883380524,1.5013693249755398
train:3327,-0.22752010016190077,-0.522724502478839
train:3328,1.3103771256857093,-0.3674436318978665
train:3329,-0.25936408957730217,-0.1992176480865261
train:3330,-10.811912022924117,-3.8044511202793565
train:3331,0.7840268139101113,1.752234650190389
train:3332,6.392475760435518,8.638560541552854
train:3333,0.13883548122193612,-2.1854784707009047
train:3334,-10.705920363699612,-8.744379542515452
train:3335,-7.478073117390781,-1.38097093685049
train:3336,3.1090254328917886,-0.26946960869638603
train:3337,-3.726745721198722,-6.014395462004457
train:3338,0.9438411567074381,-0.21254031315057542
train:3339,0.40171111466717263,-0.03659488157939436
train:3340,-0.9428282767732395,-0.6789691894922134
train:3341,1.2777351071315288,0.025779063780302994
train:3342,2.4702920225760057,6.092719610738427
train:3343,-11.484675924863096,-3.952608365973479
train:3344,1.0101194177093493,-0.3027720628626142
train:3345,-0.05627334487994659,0.20641810733109317
train:3346,-0.3223274960732449,-0.09036673674774265
train:3347,-11.223321265683817,-3.6506131211307866
train:3348,-1.0723130955903954,-6.571783230206735
train:3349,-2.737617312274684,0.059378038440129066
train:3350,0.5310250766777445,-0.4642371368965456
train:3351,4.66573503920637,1.4934743330889866
train:3352,5.404345062278635,0.17005921664088708
train:3353,14.083197637678738,3.9882278571969523
train:3354,-2.2482020578342086,-8.221961933348375
train:3355,0.7210815391569081,-0.0036036776353972205
train:3356,13.050866399887711,10.071235149899595
train:3357,4.718909861663615,0.09459564265028553
train:3358,4.518901397002858,0.18720676068201275
train:3359,5.751674401614469,0.06468223868656472
train:3360,-10.867609017288077,-5.7716084478170195
train:3361,-0.26981866647431696,0.0508702470441941
train:3362,-1.3268883426510163,-6.314709591862036
train:3363,1.4462543136515067,-1.7707209830914887
train:3364,-3.3208778179701084,0.06655095263683598
train:3365,-15.423686384901362,-8.844272353611515
train:3366,0.8462417048724482,-0.3952783251989869
train:3367,-19.75214715249233,-11.228509972067116
train:3368,2.8696273843371065,-0.7161226295637491
train:3369,-2.622847100065369,-0.3843041423892597
train:3370,0.9723744758651953,0.1485349816095811
train:3371,-4.237058041604734,-0.10063496253915419
train:3372,0.23535876763368746,-0.1176111709474624
train:3373,-1.4647163201689937,0.24138619778454878
train:3374,1.773562024754587,1.8624170148689603
train:3375,5.079520935014388,11.554868770223791
train:3376,4.205418442363941,0.4575739612855198
train:3377,2.7455806935923652,5.361378098533464
train:3378,7.8494970451682216,4.719499180283392
train:3379,2.8641980896778216,-0.14348499141504753
train:3380,0.8400557586411488,-0.2551900462492201
train:3381,-8.911793717953762,-0.44637015439055866
train:3382,0.37948706083716754,-0.3025189112552582
train:3383,14.9631841133064,7.208883522145964
train:3384,-2.496365641712247,0.012495345117385342
train:3385,37.49661196609577,11.907707757109455
train:3386,0.0285970424062999,0.0007950187847265561
train:3387,2.7176694326855175,0.44212750474290813
train:3388,-3.4465228915748103,-0.3082323340351967
train:3389,-17.74353872713126,-7.442939754579898
train:3390,-3.4531897939051874,-0.36337209238028945
train:3391,0.6175045399030032,0.025429758787002807
train:3392,16.59503259136651,11.91426444793734
train:3393,-19.379765788604725,-7.628405655306843
train:3394,-0.350959145066628,-0.39292056999201436
train:3395,0.7773938504828106,0.15115280747319493
train:3396,-0.12884552896575352,-0.6086669409468262
train:3397,0.8173306410742842,-0.2245084851540209
train:3398,-4.737232393236953,-7.56553503633711
train:3399,4.59095833739915,2.7671140943002515
train:3400,2.0671237731205383,-0.11862691591470656
train:3401,2.872435014962849,-0.02661611457148544
train:3402,3.2052278107028744,0.220855737955746
train:3403,5.63926038612833,9.304981684269913
train:3404,-0.7301352633167468,0.11573269624323468
train:3405,12.019507767373891,2.3916586612218746
train:3406,-11.666226740331501,-2.2243417005803647
train:3407,31.901286333294568,12.654570194799852
train:3408,0.1114242379898668,-0.08608612781310152
train:3409,-1.7595103296665116,-3.87788377497871
train:3410,-0.48724917886710994,-0.04127165958342274
train:3411,-2.710905070971047,-3.17697637869399
train:3412,5.329683659758579,0.5656934506514015
train:3413,-2.234428907099381,-3.68427137135717
train:3414,-5.3770848575213,-0.10722510732698576
train:3415,-0.1707637935971203,-0.044575969264786436
train:3416,16.441208464962195,10.88520979776283
train:3417,0.08817806527748133,0.11194284049501488
train:3418,-0.09626371709579787,0.02653188487470573
train:3419,0.6262181208096638,1.9989215829409661
train:3420,0.8304987030097402,-0.04294478556317549
train:3421,1.8369594307850767,-0.17130213743653716
train:3422,-0.13616935828307797,0.13344817296899503
train:3423,8.343001240054699,1.4975194803567125
train:3424,-12.219469913463412,-3.9558884233171416
train:3425,-0.7547844377381626,0.268733276437068
train:3426,0.8826741874921492,3.1214555848369003
train:3427,-8.71610200281445,-11.230525483990883
train:3428,-1.4590961772944633,0.6209959136503063
train:3429,2.155712794876068,2.7369430449136596
train:3430,-8.541881990410575,-3.437901288265617
train:3431,2.0962053450379257,0.0957703117598766
train:3432,2.007911545247514,3.7731301649452385
train:3433,4.042861789706381,1.0468847962820762
train:3434,1.3041674687139042,-0.008735436627737889
train:3435,-21.163665201612528,-8.55896785289631
train:3436,1.3886360519318783,0.08202751061035898
train:3437,0.32226909220725,-0.14992141918009744
train:3438,0.21900474928648167,0.37261145992146516
train:3439,12.3977089557644,2.2050531859446
train:3440,2.0187912882659464,3.245544239953256
train:3441,-0.01037876581997918,-0.17071466022093162
train:3442,0.5705713374255976,0.23353557340990738
train:3443,-2.3149993980865986,-0.1579294697585807
train:3444,-0.3118696647608666,-3.382964892905188
train:3445,-2.670262537162174,-0.12067053201804545
train:3446,-0.1420686835041488,-2.6590377483178678
train:3447,-2.911362180035488,0.11275151329653504
train:3448,10.349816017633998,5.261449336913278
train:3449,-0.02825387466226248,1.109084481462351
train:3450,-1.9327143833313727,0.04307290648209003
train:3451,-0.5700373214663148,-0.23300892951824054
train:3452,-4.879622363719841,-0.04835776467724087
train:3453,1.8028080608769512,-0.04743061207301055
train:3454,2.7261848429423647,1.6808239271512535
train:3455,0.6729478060977301,0.09086834366725344
train:3456,0.46010694920043815,1.457194690478739
train:3457,-0.05509559520571869,0.38757201374519573
train:3458,-0.618885631156022,-0.6096601455060895
train:3459,-0.06590955254216035,-0.05885310647818229
train:3460,3.3587204516565956,2.8017487151103175
train:3461,-3.261563773387854,-7.210289076265021
train:3462,4.558034346999546,0.7617409316389367
train:3463,0.5778139225879546,-0.23506581307691
train:3464,-3.5691125340696632,0.02645363542041733
train:3465,-10.145361264830548,-5.060231460007565
train:3466,-2.0420729677076617,-0.29905731803086266
train:3467,1.3321652040861247,0.10193967848859488
train:3468,4.972806795579186,3.6831739645877266
train:3469,27.77746413359366,12.009422632070917
train:3470,1.0742955588446774,-0.3241380870556233
train:3471,1.3391089641806402,0.3363583522218787
train:3472,0.8313295087603946,-0.2508031550111243
train:3473,5.179453337748529,0.8183550181250385
train:3474,-3.143841341527361,-1.0161658465431265
train:3475,-0.32758663130066656,0.06813691286167495
train:3476,2.735955062780083,-0.06728057983808375
train:3477,-4.017171142987217,-7.536473317409126
train:3478,4.666044673582384,-0.059820418100429346
train:3479,17.76351462047211,9.689125588660097
train:3480,0.016456678350990295,-0.13829028334029164
train:3481,0.23795195553279913,-0.11567212521785808
train:3482,-0.6328872883410154,-0.3263056754028576
train:3483,1.0084196830566396,0.5636223010117314
train:3484,2.0884541412459012,-0.015509257208452448
train:3485,0.6187580709635526,-0.22229089419287945
train:3486,-1.9115351130621723,-0.4726661081949522
train:3487,-0.6513316874136715,-5.113413127404918
train:3488,7.690536521487334,4.482776962450937
train:3489,21.39564486972753,11.105437002099126
train:3490,4.156505509283444,-0.3059476924933523
train:3491,0.9200957799241152,-0.2812927659864602
train:3492,-1.3220234565990587,-7.479989908224989
train:3493,9.201052956132347,12.409273491642786
train:3494,1.0875600909498373,-0.1912723682644456
train:3495,0.3237323006005052,0.07989294824064117
train:3496,-4.452626331034883,-3.931488289016921
train:3497,2.1797289855092825,0.18605691455336276
train:3498,-0.16392463971071763,-0.04528848868036242
train:3499,1.3017354906044063,1.1132089481404406
train:3500,-0.07112149874681123,0.14937161592986248
train:3501,-0.07326406634719779,0.8767507954673079
train:3502,0.38587524573748466,-0.22222348696015154
train:3503,1.166090760878859,-0.0029786449615575444
train:3504,-8.100687408411131,-6.69583593479897
train:3505,-0.07212711309413383,0.27283006691801615
train:3506,0.5107420491538289,-0.011373662987182606
train:3507,0.36556548551594037,0.062252725092159074
train:3508,-2.735934779531753,-2.834669754089465
train:3509,-3.136629092165357,-0.17590751370515745
train:3510,0.7886169343220928,-0.06431052443456459
train:3511,4.269663391138383,4.797264158461013
train:3512,13.204991792171393,1.611778235020401
train:3513,15.596469167387198,3.5389570104659756
train:3514,1.6407986149169416,0.5255128908523441
train:3515,-8.08403131058072,-7.18587296395408
train:3516,-1.6642224425725702,-0.04845135016860494
train:3517,2.072587936515861,-0.3489044316551303
train:3518,0.828616488638434,3.1371876483211443
train:3519,0.6393515464673224,0.23107909692241058
train:3520,-4.3132332121853,-4.2731683473438995
train:3521,3.899592662158867,7.307424479406409
train:3522,4.276332153134682,4.2288247426291745
train:3523,1.8715094665752314,-0.2091821490134344
train:3524,3.9319462000368968,0.30723486116316223
train:3525,0.1462646141220939,-3.7754544546807356
train:3526,2.718777793575031,0.41105398307221686
train:3527,4.181228837883499,0.4071383718199766
train:3528,20.183657816042615,8.391482290200429
train:3529,0.21674176831764547,-1.3319896316821502
train:3530,-0.5436528462814307,-0.12335241258535207
train:3531,-2.3012583265889255,-0.004077703841845345
train:3532,2.709383226253557,0.2059242869372567
train:3533,-6.107709475124488,-11.830801086183707
train:3534,-0.8822847605583021,0.23233907719638536
train:3535,3.6559555051349815,0.8313656839976042
train:3536,2.953910698337601,-0.1681296463436192
train:3537,0.47670586230374756,0.7575497710321695
train:3538,6.147128175679871,1.2194776988181117
train:3539,-9.521991949445864,-8.725398807065746
train:3540,-2.161798259766151,-0.10234760556327865
train:3541,2.509506797873262,-0.025833477367791402
train:3542,-27.779478789780484,-9.341513183028699
train:3543,-0.49538312515170646,-0.3879916390063
train:3544,-0.4318692575428511,-0.3208377718769398
train:3545,-3.013469926981891,-0.17633806402975616
train:3546,17.571613834314803,14.209616392753714
train:3547,0.7179598574485875,-1.1760071552375673
train:3548,-13.97101392892726,-9.076925885142593
train:3549,1.7731187268904298,-0.07069274109181212
train:3550,-1.8784767617997038,-0.2639813046746374
train:3551,0.9720753021099933,-0.23917244715374858
train:3552,-0.7018697360517578,-0.4513080730073034
train:3553,-2.118909249523499,0.11572970036622454
train:3554,0.7338283867610306,0.07487649484798803
train:3555,4.527973777203345,0.06515815514874541
train:3556,-0.30903843962373867,-0.038990227909803526
train:3557,-5.499902309091598,-0.21215933745745386
train:3558,-17.53605951954534,-11.619367494176192
train:3559,-7.606482119472059,-3.5358613307077165
train:3560,-0.586947263695079,-3.0457940574608857
train:3561,-1.8466746148675477,-9.738568461367684
train:3562,0.006527921993421587,-0.010478109752368667
train:3563,0.030080590895576992,0.16135590860483862
train:3564,-23.838147466671558,-10.911884005193427
train:3565,-1.850277252674946,-0.1263706873426533
train:3566,-0.34376084319903877,-1.5515103796872962
train:3567,-1.6899383678584945,0.9479201364159127
train:3568,-1.86282116423533,0.14673374622244278
train:3569,0.5030948704243164,-0.1891271776643823
train:3570,-0.7448203477280759,-1.741383643478573
train:3571,-2.5629593485461775,0.02673917103164475
train:3572,-1.88509624264907,-0.9697825373858096
train:3573,-2.2149456521510467,-0.24163905255875584
train:3574,-1.3552510374604299,-1.9857504834760191
train:3575,2.487122464086604,-0.12757816843854583
train:3576,-7.876254556447281,-8.352057749852472
train:3577,-0.6943427382324546,-0.1898009646700416
train:3578,-2.8331181311166946,-0.1048550119599477
train:3579,-0.9917897936259487,-0.0665825404947234
train:3580,5.4024519223700365,0.4827979617635267
train:3581,4.376078124360142,1.702403657237652
train:3582,-10.376116980929206,-2.1583470951931147
train:3583,1.6108310284168401,0.42303449523572784
train:3584,1.1800787030276774,0.10999972893232537
train:3585,1.1134539630186733,0.3235299355340958
train:3586,-1.4501000433967786,0.11424132013542983
train:3587,-4.4012195859529815,-3.945180873561316
train:3588,1.008922722688541,-0.34354480768400725
train:3589,0.13532350212823535,-0.24271400176215258
train:3590,17.8329489670019,6.60906443454516
train:3591,10.624166022276228,4.352325064565065
train:3592,1.4877030126375677,9.219227700731944
train:3593,-4.834539877522189,-0.18056724374239008
train:3594,2.009355110919468,6.71646576939347
train:3595,37.50239180778135,18.91654547365528
train:3596,23.961358994340507,6.231749988451592
train:3597,-9.746766050106404,-3.864304177795839
train:3598,-6.033571103644995,-1.6528691732669838
train:3599,5.747566864509247,1.122462213599063
train:3600,-8.852607990320125,-0.6989505478633022
train:3601,0.33055285782768784,-0.09858514069058005
train:3602,-0.49049104148563993,0.18430917696997676
train:3603,-1.2009550208284039,-1.6147526300670962
train:3604,5.798032618634616,3.4390368084943903
train:3605,-0.3824775767165589,-0.3644225039243651
train:3606,2.7488244158768174,-0.0004000508206954134
train:3607,0.48977640800741856,0.16473012208310533
train:3608,1.9460953201672062,4.781728966894578
train:3609,1.4556247053159943,-0.01870585797826145
train:3610,-3.127507430817937,0.2025168334902585
train:3611,-2.591399684407835,-0.7040164332266226
train:3612,-3.9356615207093886,-0.5426753314365866
train:3613,-1.1265360722529287,-0.2929204779668258
train:3614,7.141532921741109,2.5657637683439756
train:3615,2.854799803024504,1.9882307244999113
train:3616,1.055814431370062,-0.22807215218797583
train:3617,-0.6980123240130451,-0.10815489915620119
train:3618,0.5664431115369934,-0.10433722455003017
train:3619,17.02515658213228,6.566480182758308
train:3620,-2.0171511197704324,-2.6781143518318973
train:3621,0.015028687381132999,-0.08601950521482862
train:3622,11.629651122817235,18.246119556679727
train:3623,1.526222737796476,3.109215857981608
train:3624,-7.060044393781716,-4.084077720756317
train:3625,9.568941367152394,9.313466007962603
train:3626,17.542510062635472,4.203016831455812
train:3627,0.315161100365998,0.005377711984555833
train:3628,0.7783160123218834,1.6813296597227254
train:3629,-2.0122118470815953,-0.05908956677076757
train:3630,-0.2871882948731761,-0.31624794563661024
train:3631,-0.7048207934117348,0.13150049626038535
train:3632,-0.23170969502593108,0.047574924993860804
train:3633,22.1226124542951,10.848486622694274
train:3634,0.7426492471455666,0.3390706908721216
train:3635,9.311684481832247,4.985943351272538
train:3636,-28.604796666299052,-18.64027203267558
train:3637,0.8397782035022899,-0.026411824291556557
train:3638,-1.8245975908745007,-0.22262964228623916
train:3639,23.074582878431617,9.461922270714497
train:3640,-0.781015955400962,-0.4168529194962251
train:3641,-3.6221739169056657,-0.13236921775138916
train:3642,-1.7305490548884537,-0.07803185513217628
train:3643,-5.0494145115634295,-0.033742450013725334
train:3644,5.327119180452137,0.30159305410984694
train:3645,1.0637354459065893,3.8304210343140097
train:3646,-0.6610314724045937,-0.9556675341829857
train:3647,2.512578036143448,0.029698241552793422
train:3648,0.33901073467007303,-0.06129082306916328
train:3649,8.65278159984291,4.806270050075085
train:3650,10.278620567476073,10.524049691151125
train:3651,3.2401704684608115,0.22281133233931105
train:3652,0.10492633280015154,0.16857397494791249
train:3653,0.16170820977135958,0.003584394272372851
train:3654,-4.676834163422171,-0.46469935792096567
train:3655,2.3845498006597006,0.09633011277834094
train:3656,0.3601388641264184,0.1657612030874252
train:3657,-0.249013189055439,0.1862194052159598
train:3658,5.726428971806811,0.10626672351689304
train:3659,-13.978877526278445,-7.750421734175429
train:3660,11.818399775236749,8.167479710188129
train:3661,-0.8941371088539415,0.1993108171069891
train:3662,5.377109325017954,0.8834956559035911
train:3663,-0.31480700708466874,0.08506005144866086
train:3664,0.46547998896558246,-0.058491532655221556
train:3665,-1.4551620540364683,0.07238749169580978
train:3666,6.608396921474366,13.468087186784588
train:3667,-14.77870217250525,-6.798293216615706
train:3668,7.127019159052844,12.021984772356824
train:3669,-1.2041682910833829,0.22096501613621075
train:3670,-0.7945599023109026,0.20086610525767673
train:3671,-4.380583803049486,-2.445625165553947
train:3672,-7.080576035393579,-0.3233556638431443
train:3673,3.870778533446887,2.1711330104710447
train:3674,4.437350862074745,0.41176514721009777
train:3675,-0.0392235790196718,0.2590953261042639
train:3676,5.7158948941916305,5.461252649045847
train:3677,6.8617294467826095,0.12352568565063356
train:3678,0.0441670953382617,0.05308591208440045
train:3679,0.03787793764829116,-0.08962311727558533
train:3680,13.778453253207308,4.287126221176029
train:3681,-16.40084133478659,-8.278759196314525
train:3682,1.6364132902146205,0.18775557681810662
train:3683,5.631281489489981,5.054564342172002
train:3684,1.0378709798051449,0.160858450360347
train:3685,1.6159578949055593,3.8381658043676268
train:3686,28.358844052125463,9.167702610660383
train:3687,-1.141047742817031,-0.39806848532108824
train:3688,-3.1263637362759056,0.28687659293203693
train:3689,9.602817041587583,0.6676341576751044
train:3690,-4.078297896926943,-0.5197411796199893
train:3691,-3.6589227751903475,-2.027600317412959
train:3692,-0.10059557640286129,0.08179475949883387
train:3693,-2.825649247857454,-1.9475205249321768
train:3694,-1.9919968135929529,0.2824282862152335
train:3695,-1.3149299933978225,-0.9087608025137559
train:3696,20.7341096306256,18.34526996092052
train:3697,-0.2444418977609178,-0.15495035539362612
train:3698,-0.8397667536670896,0.29114685895795267
train:3699,-0.4720697720078887,0.16163680773974085
train:3700,-3.406434073294213,-0.3710520230957584
train:3701,6.983347413833216,6.629182461972235
train:3702,-0.11503681212016786,0.1465617686159803
train:3703,2.1063302961502655,-0.2693393593768504
train:3704,-12.730174158462486,-5.157762378733167
train:3705,0.8053218483829563,-0.21522925542797738
train:3706,1.0716752895605768,-0.3791334013305848
train:3707,3.828701267379189,1.0066681432980875
train:3708,3.434263800740161,-0.1794589119094519
train:3709,-1.0830150080550363,0.05847321225266472
train:3710,-0.6607773955480002,-0.33334812628881383
train:3711,-0.6603587382573095,-1.9465103437365228
train:3712,-1.930751041034219,-1.913674961062255
train:3713,-2.7556969843683876,-3.419915183983275
train:3714,-1.1024819909265533,-4.5195812286784545
train:3715,-1.0822011717559201,0.11222345430829708
train:3716,-9.617838201232887,-4.446785982478209
train:3717,0.3357078517634774,-0.24778259768086297
train:3718,8.343750685421266,10.504930860037334
train:3719,3.624576897116561,-0.14978574874978154
train:3720,-5.294500348340555,0.23149167198494852
train:3721,0.15732637194264235,-0.2435879418842506
train:3722,1.0128749776892758,-0.20424736893450984
train:3723,-3.7137382879072787,0.3107500235217151
train:3724,-0.7201156157872403,0.1469943875223241
train:3725,0.6761531727725408,0.12485442843503133
train:3726,-9.424148416458612,-5.6000451283468
train:3727,-0.011335099020368694,-0.022420816801227997
train:3728,-0.12613134655259162,-0.15713434973401108
train:3729,11.193632920911682,19.9352680573259
train:3730,4.084494595618721,9.862605698773562
train:3731,0.06237636290090473,-0.07205893233883653
train:3732,-1.1080042688819383,-0.11712177303873611
train:3733,8.157707846918264,1.6927172735598508
train:3734,3.794666126591189,0.19405205432854045
train:3735,-11.82149117799241,-3.0105528428866735
train:3736,0.5241719752969268,-0.21643231403875968
train:3737,-16.350844216473565,-5.40113658481459
train:3738,2.2704062958661004,0.45146451209700417
train:3739,1.3749500730371444,0.3200079967870677
train:3740,1.021705368861662,-0.2625026253789231
train:3741,11.845076682887868,8.259781254262142
train:3742,-7.762244017767103,-10.738676662548695
train:3743,5.109948788830184,-0.005147659916891867
train:3744,7.338889967713572,2.065839917073006
train:3745,-7.823840802268615,-6.663091855043106
train:3746,0.469454327499141,-0.259028549333652
train:3747,-1.9944074055443481,-0.06047351928863773
train:3748,-0.7640165167497014,0.16877498402921126
train:3749,6.858113326397277,2.7223596862715853
train:3750,7.346058050009929,0.354716087914287
train:3751,0.20752898334004755,0.4256527490817717
train:3752,-4.443433537465946,-0.24918509610403394
train:3753,1.2493077889313255,5.714768897432231
train:3754,-12.467748331712134,-2.2921127183738115
train:3755,3.764420055119268,6.893427373914326
train:3756,8.791387150174526,3.104482942948842
train:3757,-7.519605966259813,-3.4144518456032773
train:3758,-13.252742142210971,-4.264424380976999
train:3759,-0.04258539009017093,-0.07354303274533108
train:3760,4.272529601240668,0.49889266902680657
train:3761,-0.6446001616925048,0.26708326150853623
train:3762,-0.8731056820255404,0.19169258719184784
train:3763,1.487898277559378,1.9881438440666175
train:3764,-0.7114549191302366,-4.911412838798253
train:3765,1.387013958331412,0.10740829531856269
train:3766,-0.6183235471310968,0.19733881673027337
train:3767,3.213584684439871,0.4470644247339828
train:3768,6.531090144180262,5.308514850064045
train:3769,-3.3186369205340958,-9.967386129039316
train:3770,-4.89674058853187,-2.180296174116619
train:3771,0.4709794860134229,3.928567677095598
train:3772,-1.19919577686619,0.22368370319249897
train:3773,0.3950667607860997,-0.13578387556929264
train:3774,-12.706033835128977,-17.111087386359642
train:3775,8.828360098202808,6.1734884549315385
train:3776,-1.46879061574586,-0.255003802561757
train:3777,2.6668926494346943,-0.10789083399687971
train:3778,3.5809672663291336,1.5285363656858313
train:3779,-0.6447224347268764,-0.14024231120360653
train:3780,-0.12542002433742583,-0.004973613728684295
train:3781,-16.805642254692454,-5.014844779268952
train:3782,-1.7317083241325815,-0.04925980897891011
train:3783,1.071146214605767,-0.3604578173534827
train:3784,-0.3197000205836963,0.10886272227657592
train:3785,0.6965395279842476,-0.24529787435298495
train:3786,-30.35949374533366,-13.99273321762284
train:3787,3.1163385691300616,0.01363962747444511
train:3788,0.5995730599374591,2.8836890898752006
train:3789,-33.6197689161574,-16.373925883749664
train:3790,0.5300675811861537,-0.021149494992857718
train:3791,0.3091457784830422,-0.1748700129643873
train:3792,0.6850607400806902,1.8587420724032004
train:3793,2.088173564149919,4.079451456190559
train:3794,23.366200810992595,9.172959376187492
train:3795,-1.352475486071842,-8.440615874271924
train:3796,-6.0525852578645045,-11.36567891153132
train:3797,-0.3278783663921806,-0.15911077259583706
train:3798,10.419237346502333,5.594313527825113
train:3799,2.62133548351045,4.925031179902569
train:3800,24.54969964241836,6.905958699465271
train:3801,0.03932545511032948,0.09541879552402131
train:3802,-1.8286525924174262,0.012963415235015707
train:3803,0.28118732855342377,-0.012855195499097027
train:3804,-3.2926169398699243,0.09855219755499757
train:3805,0.9967221519490066,-0.06762382174695866
train:3806,5.28513536259702,1.6748574240943641
train:3807,-3.7451601331583855,-0.2657985180724964
train:3808,-8.715143345031658,-3.865730215252661
train:3809,2.5979320527985355,-0.028565859861840223
train:3810,-1.0377349323531706,0.3226060641284957
train:3811,-2.250519201573023,-9.779654774649472
train:3812,0.2583485389070769,-0.057479496869037555
train:3813,17.394372794620637,23.485833122489897
train:3814,-4.495071346038657,-0.7825624793390282
train:3815,5.486535322283916,4.419947429794485
train:3816,0.484052007612136,0.9161731130611823
train:3817,-2.2578951015361635,-0.9867132369957257
train:3818,-2.38961942303989,-6.408759586823487
train:3819,-21.596511743288104,-12.458755168090693
train:3820,-0.9449208658519724,0.08867479105259805
train:3821,-2.559311613840171,-0.25454778728257216
train:3822,-0.44055598952276276,0.27877032038586447
train:3823,-0.08658287745145604,0.06697486923376941
train:3824,-1.1178412042346082,-0.5399380271445926
train:3825,3.3750659852780323,4.846105513374737
train:3826,0.1302305745425926,-0.16313780194069216
train:3827,0.5867478739063723,-0.28466783542958696
train:3828,1.231550536416849,0.01970199859565873
train:3829,8.265376924804414,0.3341142976804811
train:3830,8.716493754330699,11.81196295172513
train:3831,0.3659718225198978,0.03185056519335702
train:3832,3.0083566024525346,-0.03146544082521631
train:3833,20.57211041282816,5.9056405015719315
train:3834,-11.55829451971739,-9.572122099830766
train:3835,-1.9185353605090687,-0.6660481146083315
train:3836,0.5862836548005925,-0.006490597451885266
train:3837,-3.3047833392481416,-11.026557046849375
train:3838,-0.010663062247805222,-0.023598267796614197
train:3839,2.324698312625988,-0.21723449577342457
train:3840,-11.062704709499386,-4.595343249083589
train:3841,14.645069660688737,6.4914411673382855
train:3842,-2.225279350763131,0.588127861650547
train:3843,1.4786808434169751,-0.046215997936617736
train:3844,3.090730039551133,3.3334204457008774
train:3845,0.2409727503648511,-0.00972143681609576
train:3846,-0.4816225271618526,0.5834799724605448
train:3847,20.508288538050973,19.985783679505854
train:3848,2.3691736179001075,5.634369830058655
train:3849,4.410464277090921,0.20679095135804437
train:3850,-0.7744218124997831,0.1278109310615999
train:3851,3.133275941431175,-0.30600846599841497
train:3852,-7.789175699649536,-4.7761401468206515
train:3853,17.25755903240487,7.363066760454748
train:3854,3.140566761678384,0.15919687990620474
train:3855,1.324795348037231,0.30793175922004257
train:3856,-0.019656174188366682,-0.03216925793138191
train:3857,0.8094172976596852,-0.057646124695124784
train:3858,-1.4789239353548487,-0.5138728272003841
train:3859,-0.13413255918200523,-0.06145388437500038
train:3860,0.248832977071553,0.033216506783963914
train:3861,0.6047736156883379,-0.11611979483965754
train:3862,0.040681848942189694,-0.2675231446046614
train:3863,-4.915573890240465,-13.806989984281243
train:3864,0.08051612544971294,-0.09236805392091468
train:3865,-1.2694423324874133,-1.772889427403583
train:3866,9.802187175920613,10.619204451425263
train:3867,-1.3499635423276977,-0.9394474280677103
train:3868,-1.4582809462459059,-2.875671612171728
train:3869,0.1325495779473291,0.04141568718265296
train:3870,5.84106342840382,0.08642060759369002
train:3871,-5.464054923862608,-0.5363059542522395
train:3872,-1.0098992203744044,0.32164845344132903
train:3873,16.50900630548062,8.666434181255106
train:3874,-1.040466316676111,0.1866583725283489
train:3875,-5.893856262590906,-0.2542140323175626
train:3876,0.2527104967480473,2.235549501978006
train:3877,-1.2039537321276321,0.07595201469462479
train:3878,8.582859091008597,4.005594813563867
train:3879,1.4553169306059028,0.5702187942056083
train:3880,-16.646596186379156,-1.946693520216571
train:3881,6.728505304712788,3.5167595590722502
train:3882,6.438551773152001,5.125195709206073
train:3883,-8.32641830718854,-3.942606701905564
train:3884,2.104419954331889,0.27041752996000123
train:3885,-0.9547278140916499,-4.043165453662738
train:3886,-1.4588990527067311,-9.663783382189473
train:3887,-7.912408321636921,-3.164160302166273
train:3888,0.29074066485298833,-0.038327996429754735
train:3889,-0.09072958377016016,0.07352057517928406
train:3890,13.943177811413442,2.5387643540854414
train:3891,0.6038787676924944,-0.25569527950785703
train:3892,-2.4249684178017845,0.01237044557822492
train:3893,-2.2078710180672703,-11.046213423895269
train:3894,21.49923755991265,9.252678236818959
train:3895,-5.013395572153134,-3.059600770653286
train:3896,8.761207561759315,3.4299379020321945
train:3897,-0.2883916149538315,0.18134611194614791
train:3898,0.39640467418786,-0.146232353294147
train:3899,20.8762680727012,6.541824400286556
train:3900,-10.169669887929997,-11.366838458595051
train:3901,2.0565032210399847,4.053538546661032
train:3902,0.441220414554826,-0.145933193575564
train:3903,-3.952061914475524,-0.0622986503614521
train:3904,8.944874677046961,2.3914261241015646
train:3905,1.2418196116381441,6.3948386851642045
train:3906,0.5449317746715956,-0.11367972434531143
train:3907,3.534508162432718,-0.06438271080442773
train:3908,-0.9486462416102229,-0.9817659027655206
train:3909,-0.8709926366216655,-0.07956952467282813
train:3910,1.4894032122067582,-0.3468364205532804
train:3911,2.887104059755601,1.4041144549173006
train:3912,4.077731920493361,0.24966694450135887
train:3913,-0.17408190251845235,-0.1968718050571891
train:3914,-0.14190480044477238,-0.032432110473818346
train:3915,-7.482218312730923,-3.9109679581056285
train:3916,3.4485915968362257,0.20182278864957837
train:3917,6.341009970960593,0.07207905902457637
train:3918,8.006842448995851,14.350544729883202
train:3919,1.062802823446705,1.0188664985184779
train:3920,-2.5146322102311114,-2.176258302550204
train:3921,0.9304703911864839,-0.09722322926785582
train:3922,2.0350203603090176,1.1200098742750562
train:3923,13.64553828059702,4.99588795101645
train:3924,-9.676284711662527,-9.330902071980438
train:3925,4.615375286038556,0.23305694639233657
train:3926,2.2387710539504435,1.788546534143698
train:3927,0.7485980859718108,-0.21448584994703507
train:3928,-3.330971154761774,-3.077874479128601
train:3929,-19.917588611911395,-8.118092309512578
train:3930,3.8144669194957053,0.005838363740065869
train:3931,-0.28963619637213134,0.02615547432750437
train:3932,-13.32952495863155,-1.4686558344518932
train:3933,0.3905027919261464,-0.07504389579700135
train:3934,0.9958834426181837,2.1775396221268033
train:3935,-0.5627878787858704,0.2640471541499842
train:3936,7.250056516118419,2.7905943516975524
train:3937,-3.892384305205519,-1.3827694616822384
train:3938,-3.973866032494517,-0.083452751921197
train:3939,-1.4623680270259856,-0.1552560775094694
train:3940,-1.083373923577983,-0.3172156139108823
train:3941,-5.008265683707291,0.18333351969034434
train:3942,-23.99471645997675,-6.88807993593093
train:3943,-0.5912372805188973,0.06700661126399579
train:3944,1.4654018989009199,-0.17820834724893753
train:3945,-3.258830064482511,-0.8346456584993329
train:3946,-0.07741809510046979,0.12029627289452313
train:3947,-5.467622692933968,-0.9704504752982586
train:3948,-5.388684058793308,-0.2052334404532727
train:3949,0.19816300838212467,0.2226931378582209
train:3950,0.13132405810472977,-3.74267556568723
train:3951,0.9458340212011034,1.0253635571277804
train:3952,1.802750178775129,0.026912503915802286
train:3953,0.7582592828948514,-0.3775692682096768
train:3954,-18.86432218500343,-9.870155368657967
train:3955,-1.8757695531337495,-8.855809047995098
train:3956,10.184190451288655,0.5047406209505809
train:3957,1.4195448618467528,-0.052109529989189024
train:3958,1.308274773360886,0.41769684102934573
train:3959,-6.328793998595775,-5.223987238667766
train:3960,2.173930082248,-0.15893415851304937
train:3961,-0.05971198339884842,-0.6594730205359556
train:3962,3.3911149021849094,9.612970395062586
train:3963,11.698652167187197,4.37198258289744
train:3964,-0.7615240994977381,0.002139311597415011
train:3965,0.7973978118893057,-0.10662400600402461
train:3966,3.2172635685500715,0.33224301583562976
train:3967,3.164888867355768,1.8850327477576236
train:3968,-0.6677123222293859,-0.6033906308887467
train:3969,-4.796963932818696,-0.43856874799536943
train:3970,0.13899006595170255,0.13431519404180775
train:3971,0.7297943064597278,-0.12296822702400537
train:3972,0.014353628651446265,-0.12384209581569836
train:3973,-0.14262437492746705,0.28223405352241004
train:3974,-4.561122495339843,-3.226794104191397
train:3975,6.465870265546211,0.06399019109722462
train:3976,0.6955029966909717,2.2572402221745893
train:3977,9.877678454358364,0.7304996408556781
train:3978,-14.91679166554351,-8.272022752866032
train:3979,-11.574724668138277,-10.950004114913565
train:3980,-1.5787540564632798,0.028632993284477104
train:3981,-2.3666241889978545,-0.05597884780858228
train:3982,-6.722676819873566,-6.6512955179853135
train:3983,1.7730083092263107,2.3627093590121757
train:3984,2.652371912999222,-0.5545268782278518
train:3985,-0.29900472837069697,-0.2752386691922269
train:3986,0.15306401764941374,0.048110758996244105
train:3987,-30.165731433588423,-8.72664737447492
train:3988,-2.4220375843087094,-11.484396672472563
train:3989,-10.243663205467573,-1.101471304494436
train:3990,1.7192014328138256,-0.017843188060153933
train:3991,-3.196844144886821,-0.050886570195410846
train:3992,0.38546344596488136,-0.0018750209353495528
train:3993,17.958039395245365,10.672318782920293
train:3994,11.152409706418664,2.200541965810584
train:3995,-1.5455422827622463,-0.5802449130909102
train:3996,-0.8537263359105977,0.051121900713045045
train:3997,6.225893395973305,13.544884354027127
train:3998,8.69328140429227,3.761416571157249
train:3999,0.8808461358908213,0.8384749001426435
train:4000,7.246412035827776,0.8183147877766168
train:4001,-2.5016563912603424,-1.422449710020604
train:4002,-3.9327929860246997,-3.29010697167215
train:4003,-3.914828613218161,-6.135768425941535
train:4004,1.3905082705988536,4.055312676494269
train:4005,1.3712100524097584,0.2953127686013488
train:4006,4.25207653051401,0.21612139631488014
train:4007,1.8627625279110949,2.720235181488973
train:4008,3.413868379657085,0.09213845285873867
train:4009,-0.14595143349104878,-0.09619364620204104
train:4010,3.6100817310875164,-0.11476280521487853
train:4011,6.957587321481644,3.7191096519850495
train:4012,7.131764561569313,0.5950303622818871
train:4013,-0.8054103555910636,0.17499485268467171
train:4014,-1.9680489656823719,-0.6195205040416931
train:4015,-0.3688551751505339,0.5420679645495141
train:4016,-0.9381716733045465,-0.003910648033328079
train:4017,-3.0629714443267013,-9.655842310861287
train:4018,-2.3336193031306434,-0.9797301330067321
train:4019,-0.456407898071028,0.14358365287669578
train:4020,0.2781767618839428,1.43307616861747
train:4021,0.5511979189957814,0.006973515805285227
train:4022,-0.12345877416443446,2.7217936081774807
train:4023,6.637475587663751,0.4563029961291745
train:4024,0.22962925315711938,-0.21621247373054014
train:4025,32.831613965430826,11.669732406721906
train:4026,4.1807588073217135,6.4946847035145865
train:4027,22.57858208204485,7.282255118018634
train:4028,3.289017848317558,-0.06840403371688261
train:4029,8.009415296798942,5.453419429290026
train:4030,1.1089706571680868,-0.5970517831177411
train:4031,-1.4731452559604676,-0.0321827393779275
train:4032,-6.149066120647411,-0.2936791481544388
train:4033,-0.18584603291191693,0.018628048017932025
train:4034,1.0303862893855675,0.7925807749028377
train:4035,-2.8016214343122274,-1.4365584361477874
train:4036,1.4243246681827784,0.1356963646738828
train:4037,-11.92015017448646,-1.697258369622034
train:4038,14.9888028710479,12.304505675347189
train:4039,0.3173710808560571,-0.03816393649824759
train:4040,-0.1003661401197343,0.01779890339017598
train:4041,1.4702742236165651,0.6527705418717731
train:4042,2.259604426358152,0.2568032662002992
train:4043,1.837766060878745,-0.7772997220578992
train:4044,2.0964577946868377,0.004161528579252949
train:4045,-1.8933643173382908,-1.186464192611022
train:4046,0.2243899931092391,-0.23360018724531123
train:4047,-4.431195540949732,-4.010991446503659
train:4048,-0.09196916733629462,0.04647829134734311
train:4049,0.24104272029516643,-0.2962988286085827
train:4050,-0.6408378250740544,-1.6591182873884955
train:4051,0.3891854510786482,-0.07225466297016506
train:4052,-3.2944240702296295,0.010182171413539762
train:4053,-1.0983605063269164,0.10728460839628731
train:4054,0.6555722500137446,1.5072927444678075
train:4055,-0.1980439303816885,-0.375182267536653
train:4056,-0.25831430816433204,-1.1881049345869032
train:4057,5.189590376689362,8.922374522125116
train:4058,-8.392755380125234,-2.5505168114326286
train:4059,-5.218192211646566,0.05456209481593964
train:4060,2.1287955254045303,0.2230080615963096
train:4061,-3.235846918268969,-7.330032283108588
train:4062,-2.229139552300727,-0.10037959968924307
train:4063,-1.4916384712635766,-3.8719388137041313
train:4064,4.360289560682346,1.3984552432451647
train:4065,0.006443772110450996,-0.015793152220364787
train:4066,-2.084287849053588,2.1421560320642046
train:4067,-2.015432323542022,0.02841022842965242
train:4068,2.1962967492083982,-0.12853941697636762
train:4069,4.758631860841097,0.22876413995843992
train:4070,-0.16385373994744135,0.22753390446335142
train:4071,-2.8618267237876007,0.13564871596334074
train:4072,0.08059330158547602,0.21740691287384603
train:4073,4.91751288380382,1.817594129651491
train:4074,11.926362680338576,1.8781436572424242
train:4075,-1.4301546614668266,1.800182377790234
train:4076,-7.634637461531169,-3.9048540864320027
train:4077,5.751751577750232,1.7788511628348662
train:4078,0.8745032803473529,-0.12151551199571217
train:4079,6.384643777405007,2.805539498153802
train:4080,-6.328207273997383,-2.113806678379458
train:4081,1.4477025284882656,0.0930841513682698
train:4082,8.301124352990097,0.7592720436609692
train:4083,0.8289251931814863,-0.8350901895833123
train:4084,0.4371858693370427,-0.2530056952568101
train:4085,0.6063837376894312,-0.06171224310192161
train:4086,15.536238307505396,5.8287526020542275
train:4087,-4.34911593106681,-0.12336111489476245
train:4088,1.1554481252654818,-0.24363373600426258
train:4089,-6.886258613370629,-3.7538630264079167
train:4090,3.2421175386811476,-0.18796320811554168
train:4091,1.048007088913017,-0.2781010156841914
train:4092,11.43226618185594,7.981516779199122
train:4093,10.47253444199395,2.7489214171650205
train:4094,6.354059711651762,3.696152674438851
train:4095,11.352637146741737,1.9263792743568615
train:4096,24.659451546137152,15.62652926416773
train:4097,-0.17465886387075347,-0.1337729287914452
train:4098,0.20595128926346906,0.052477677720938996
train:4099,-3.1366825575606145,-11.196672644419651
train:4100,2.5884793709169993,0.049921980640082866
train:4101,0.48133898749017534,-0.05108707996387457
train:4102,-0.06052163544964004,-0.267468220192809
train:4103,-0.788000395687521,-0.27453135689621616
train:4104,1.9698869561403387,0.036742832350899764
train:4105,2.38381569753699,0.10887748767041157
train:4106,0.4509145043188621,-0.1338970436961506
train:4107,-0.5171949142926278,0.29562212856784725
train:4108,-0.7977820059790113,0.17400064949973848
train:4109,-2.0943119132896593,-2.1439693107782594
train:4110,0.22838188223993655,-0.16125631984792532
train:4111,-0.0955075304402638,-0.0718766831540536
train:4112,13.36415501943778,4.90504382977746
train:4113,-0.5260041517651513,0.2714311350150953
train:4114,10.36611970877219,10.316909618881558
train:4115,2.00393232509091,3.362843381799797
train:4116,-2.8573621308253543,-2.8444950893962124
train:4117,3.2797748437687275,-0.020183966630735725
train:4118,7.715331912141868,6.499233300780824
train:4119,1.492662741651547,2.4962491501306325
train:4120,2.1305594185315493,-0.0081264176298214
train:4121,7.616391176260634,7.23778603160998
train:4122,-3.7669568125136905,-0.37654703217557733
train:4123,-5.766742052907823,-12.355927538811182
train:4124,-0.8183938456837608,0.27991153553550907
train:4125,-4.622885255024894,-5.150381679066685
train:4126,-29.124921049026028,-10.555129264394713
train:4127,0.22163350329635162,0.0511507181966663
train:4128,2.9668367712449566,8.009494846614299
train:4129,-5.553127342528738,-0.3760402296480303
train:4130,-6.811210865255276,-2.733190554786132
train:4131,-0.5664160869996964,-2.032308552125594
train:4132,-2.9659596469230642,-0.2763351601779346
train:4133,-15.31205807826727,-2.9662378301528265
train:4134,-1.5923170649489213,-0.05202115161739018
train:4135,-9.138243377610022,-2.5266496579185906
train:4136,2.22399833278254,0.45940501278194945
train:4137,-13.968130516915197,-1.1701816010609638
train:4138,-5.235788835517029,-1.2964937675620767
train:4139,-2.6877410722465904,0.07264499445787098
train:4140,-0.2825657465366797,-0.37501849292676587
train:4141,-5.337929126617068,-11.739497026493256
train:4142,-0.05650545443283647,0.015343068876324181
train:4143,0.5624999224076284,0.49638697455985764
train:4144,2.741270452901645,3.1494079733062756
train:4145,3.041325689750747,8.055875017233795
train:4146,6.615947165117694,6.207071380250239
train:4147,-2.3741200374129643,0.021970020153137357
train:4148,4.088586790480087,0.2821795570929877
train:4149,0.4601453048100794,-0.03359622268346896
train:4150,0.5798372391110928,-0.11419073536675367
train:4151,-2.2702990732359165,-0.28307103298318753
train:4152,-2.3320204553542023,-3.128263989152512
train:4153,-0.6468554715394127,-4.437810905599099
train:4154,4.197291702284792,7.697575545184335
train:4155,-5.261066809478322,-15.246536849167601
train:4156,0.1181943517789151,-0.0362783885723956
train:4157,-0.787076141724286,0.1990371223429922
train:4158,6.918166123267046,6.67070588797588
train:4159,6.134500579152998,0.19440485451168577
train:4160,14.853022153251807,7.3971781014137115
train:4161,-0.12923175833192935,0.05898122739709681
train:4162,3.1585311344849236,-0.04694670660546951
train:4163,-13.545085344481532,-6.765666689367287
train:4164,-3.45717691764196,-0.28989949265413445
train:4165,-1.351930371498455,0.08045966830839081
train:4166,6.132871976721804,0.15931400443121985
train:4167,-1.9410954327253553,0.023056382221334604
train:4168,10.195418184292743,1.6786172497420775
train:4169,-1.882840932802162,-0.004720533451733289
train:4170,-2.9425343651365656,-2.41165705604823
train:4171,5.1591327682188135,6.451475597379908
train:4172,1.5922441324429109,0.06045833742390104
train:4173,2.567668779416836,-0.8493268824570714
train:4174,-0.5796466802017797,0.0406023779048076
train:4175,-5.612770083062705,-2.8414455719215197
train:4176,0.30836460256668125,-0.010657791042571474
train:4177,-2.2140204683548506,-2.4183101855836795
train:4178,4.836029296848899,7.089509521478693
train:4179,-1.3733260603893283,0.1267527445033789
train:4180,6.824208362223816,0.3482010540429237
train:4181,7.2990294234249005,1.3906857928714167
train:4182,-7.263080859479973,-10.939569332626471
train:4183,4.216710333842337,1.2175718930572388
train:4184,0.48394716894578316,0.3914689364313252
train:4185,1.3644806188127538,0.8271145345202295
train:4186,4.511251661232703,8.536776618759347
train:4187,0.8853186324332362,-0.2825167957363134
train:4188,-0.6798292080024303,0.9572176267256371
train:4189,-0.7624013968964426,-0.21708498724453806
train:4190,0.8309006233071329,0.18918175693573863
train:4191,19.860605950402036,8.212009284780224
train:4192,6.909549826133929,2.429645811067086
train:4193,-6.189851848732278,-5.198236391818407
train:4194,0.3570782027061634,-0.25758738983096935
train:4195,1.8315933647671399,-0.3296442236786228
train:4196,3.0280895175508977,0.037499647947982676
train:4197,21.834449781017202,4.617954357007456
train:4198,-0.8483070369556436,0.21087547300933202
train:4199,-1.1620961390969704,0.26484862258059905
train:4200,-7.215890906876211,-3.873842479552854
train:4201,-17.17060169188535,-4.3655069832285145
train:4202,-0.9963922343246635,0.7497495772538652
train:4203,-0.8689404952767364,0.19174109186724994
train:4204,2.01707597891114,-0.044368825768657416
train:4205,-0.6992710853840003,-0.24400850595214885
train:4206,-3.7760171048856845,-2.224299900963033
train:4207,8.765684707466535,2.824686861429595
train:4208,-6.660306414348502,-4.843056626362161
train:4209,0.2719609447687712,0.16734709198185915
train:4210,3.473699411365655,0.24335406099777435
train:4211,0.21108710539443798,0.06654660148213079
train:4212,-42.74757459978353,-16.595357145322414
train:4213,8.593506608245018,5.367232898176119
train:4214,-4.032671923363584,0.16861934108549448
train:4215,4.041690665092001,0.06419376807310348
train:4216,36.72553124619239,14.96839956772823
train:4217,-0.1251282892459118,-0.08351295478301962
train:4218,24.36672711235258,7.441992426982581
train:4219,0.015308334644154042,-2.5731231287078313
train:4220,5.016417821116055,0.24873651069849842
train:4221,0.30030329948216294,-0.0009831055511907716
train:4222,-0.8966553289705727,-0.11216666379438564
train:4223,-0.06956054166353079,-0.03239330673349666
train:4224,-0.3171329842366128,-0.0042185100613214566
train:4225,0.7853852998661337,0.6872394621510169
train:4226,-20.48672077068089,-9.484845640128412
train:4227,4.966812162479612,8.833687432333418
train:4228,3.4954793537276623,0.02436329790180143
train:4229,0.1442689601295455,0.03226585081128508
train:4230,-0.7705476634677724,2.3494307761384183
train:4231,11.74294569011744,1.4386533503238526
train:4232,-7.616262102555868,-5.017898291246325
train:4233,0.6546259125176859,0.07005741268597847
train:4234,-1.5751046945495912,-0.029581176846654372
train:4235,-5.609111655277647,-13.8239825986827
train:4236,1.9062029290996203,2.9479309645507144
train:4237,-0.09844487276406597,-0.07250025355459072
train:4238,-5.579350026778408,-0.46004433569046327
train:4239,-4.897805247272216,-0.029064388062406896
train:4240,1.980808309183776,1.3590638830470616
train:4241,-6.549685116811173,-1.5702642844490917
train:4242,-2.7623838781074266,-1.3966114120947104
train:4243,15.095815486863584,5.308303712065236
train:4244,2.07776106219439,4.433606917030959
train:4245,0.005006017894503195,-0.05455495026391036
train:4246,-9.138395870215627,-0.08312662930952283
train:4247,-9.428850581742394,-5.613418723320021
train:4248,1.0216400480961516,5.86696857983869
train:4249,-2.304527619279805,-0.15797077006307747
train:4250,3.1908923434848817,0.17264494382224954
train:4251,3.573949816972459,4.170292724213349
train:4252,2.8907257591387,1.8685189030345455
train:4253,0.02459271675974907,0.5033010307168082
train:4254,-4.907556405534233,-5.724314106727003
train:4255,-38.01900577924088,-13.51050315863451
train:4256,4.927925618217589,0.9540365759841187
train:4257,3.0300881935005695,6.347521518344587
train:4258,10.741700627878599,17.91411475448737
train:4259,-6.024706541111292,-0.03854755141635427
train:4260,6.30496546114387,9.878538058035055
train:4261,4.615171187703616,9.859734221989758
train:4262,-0.15144628137408417,-0.9903149944659524
train:4263,-0.013746620804724802,-0.21970124383924183
train:4264,21.68664167387056,10.240960427493695
train:4265,-3.2555863421980593,-0.1836286020643132
train:4266,0.17631135265300046,0.08259872449362382
train:4267,-0.3269476035982186,-0.2688294896418882
train:4268,2.5545469766711895,6.556766693526606
train:4269,0.2504933100525404,-0.03575903189356802
train:4270,8.390670056633377,7.717379148186156
train:4271,7.8017524472032225,12.958459404556187
train:4272,2.120426563839041,1.2843477090400826
train:4273,-23.24183257112016,-9.836046880915204
train:4274,-2.27034835438285,-1.2002266809523203
train:4275,11.587861640050965,12.585007642554347
train:4276,1.7537621616830315,2.224263890620035
train:4277,-9.647842051218467,-2.4417282428678178
train:4278,-4.658397435471444,-1.5381246585452242
train:4279,-3.60620031646863,-9.45350648402949
train:4280,-0.44949261411094343,0.06613866289591805
train:4281,1.9567856097198346,-0.06718185855755945
train:4282,2.5750511882107032,-0.18194235129003988
train:4283,0.34186102138290153,-0.03855939226358479
train:4284,1.4198003334527876,0.3092550808936601
train:4285,1.3453734812971443,-0.1624488928891722
train:4286,0.08349531025676016,0.02844239844230881
train:4287,3.8481547676727716,6.852653202484833
train:4288,-0.8459055108756183,0.09259304152982344
train:4289,-0.7758751414178277,-0.4433257727050262
train:4290,-6.964117246527087,-0.26716799051815093
train:4291,0.47391380638010183,-0.5666564709378195
train:4292,-0.19525117708332196,-0.14836727231588984
train:4293,-3.115042555059238,0.0634489359840611
train:4294,-7.462380326507967,-12.360080680312082
train:4295,-34.64317282768985,-12.088213686612981
train:4296,1.9932741147754358,0.5539698706067117
train:4297,0.42042423546555807,1.0271847650283197
train:4298,-0.9443162419690815,0.2311074150931968
train:4299,8.13297800948748,7.969482483910238
train:4300,-0.1439110312872522,0.377712297183237
train:4301,-3.5327118982288765,-7.445462568344048
train:4302,13.441312558541643,1.3917667338288338
train:4303,9.996062927287088,3.1002590416861784
train:4304,6.620153729433263,1.9225284311123643
train:4305,1.5511020458757394,3.655764257839615
train:4306,-0.2148328780964025,-0.0675942909592874
train:4307,-1.7671940043397436,-0.17274871805000008
train:4308,0.01336382146446069,0.3622015006153125
train:4309,-0.6315429823376482,-0.3592830055830816
train:4310,0.8079142226782271,-0.2396107011620876
train:4311,1.7157566341515569,0.14073186328467177
train:4312,-0.8365455798319419,0.1066817238132011
train:4313,-0.8765725642206327,-2.157798707039451
train:4314,-1.4725820096443414,-0.10619174374970583
train:4315,-4.801079373504087,-4.571500633228872
train:4316,35.12335466775078,14.578344370014628
train:4317,-5.758777568680369,-4.954217929518995
train:4318,-5.803908406191994,-0.0184104787711436
train:4319,-0.5661966464209001,0.09161003721847569
train:4320,-0.014734684554908506,-0.001797342124301174
train:4321,1.1923778360610782,0.0886690846201978
train:4322,0.8657423941888015,-0.003221025677758088
train:4323,5.186398725050727,11.974428506019636
train:4324,12.031413348606547,1.4838631316580586
train:4325,-0.1509532374465134,0.2142971212069258
train:4326,0.6205840304407184,0.5074949732093706
train:4327,-1.0522928621070826,-1.0996428208925866
train:4328,35.94584027307014,16.75329515633169
train:4329,0.10682853858011934,-0.2793184830367843
train:4330,0.8250382589462618,-0.22323873261456068
train:4331,0.26526045222267786,-0.19368048273735033
train:4332,-7.759653503137754,-12.899080611391042
train:4333,-4.731746843683528,-4.719210494622816
train:4334,0.00796149196104487,0.6078187626124634
train:4335,16.248561952770164,5.558057709570137
train:4336,-3.185033406616186,0.050834296520072535
train:4337,0.9811493095181618,0.45755655666669903
train:4338,-0.17448138200432245,0.2332805672120213
train:4339,-0.27796969843957187,-0.3672902715271098
train:4340,9.08135741872861,3.6165753333309105
train:4341,4.80431734371396,4.719851267162487
train:4342,0.17420225903920994,-0.22997781528803873
train:4343,3.377870826404892,0.3757256027430906
train:4344,-0.6565285238327061,-0.18746047142107986
train:4345,-0.5189985577787294,0.13345751725205046
train:4346,-3.1562146287394013,-0.4459707041225413
train:4347,0.5782975519567952,-0.06366683885981661
train:4348,-4.212362143077028,-5.723270400240998
train:4349,3.848592254080923,0.3970709411186488
train:4350,19.84765895625306,5.734022970993909
train:4351,3.3225666864669545,0.1696128309663777
train:4352,2.2298902193399233,8.42025925815164
train:4353,0.7137105208168129,-0.27455846245011734
train:4354,-3.053048266966899,-5.925952607519491
train:4355,1.9968665244202635,-0.097525955506689
train:4356,-1.770317545713986,-0.10270582685720422
train:4357,-0.2946564807576959,0.03924296304625848
train:4358,7.777950118151039,10.418444170579173
train:4359,8.696752470735687,9.290985517521825
train:4360,-2.2475037532804967,-0.012367366859280818
train:4361,-1.3169884111152386,-0.21934516245746638
train:4362,-1.9403399434445419,-5.571690436393206
train:4363,5.302724547803796,0.7024559494678986
train:4364,12.908527570217677,19.071938475632916
train:4365,-9.932508552563002,-6.885058950618238
train:4366,-2.040897193928476,-2.3226244417746984
train:4367,-0.14770672566317838,-0.1448479727938468
train:4368,1.7797558745660549,0.48537498663547873
train:4369,2.076122696517106,0.22418344400995072
train:4370,-0.975533291510528,0.19908469972312928
train:4371,-3.7159647729323955,-11.145275949077096
train:4372,-1.2650549156609299,-0.13362655880037883
train:4373,2.263751481364216,-0.22372413602060676
train:4374,1.7395836037772079,0.08195846277831599
train:4375,37.85886372970623,13.573599121865177
train:4376,-3.2508753435011477,-4.352814165640643
train:4377,-0.10686102335232633,-0.91851109823444
train:4378,6.489899938757359,1.8507621973346933
train:4379,-0.9249701373824947,0.6679023599979161
train:4380,3.7192994457702135,0.029899821277332192
train:4381,1.890242346324038,0.23385242306893117
train:4382,-0.19891355665846466,-3.9802063849907996
train:4383,-4.433782801163717,-0.48321901363273106
train:4384,-1.0313186200057833,-4.040105093966484
train:4385,-0.10452016887300628,-0.1252687752461654
train:4386,-0.5575034056102615,0.2685294854699741
train:4387,-9.787224941905478,-11.28400274458657
train:4388,1.2362464253281442,4.1943892763098765
train:4389,0.9698130185158779,-0.09077360537788035
train:4390,0.38941918783921986,3.030639995759911
train:4391,-16.70531699753229,-9.047621072194358
train:4392,-0.41824046337521914,-0.0697721508848421
train:4393,-0.31145484303114,0.06677150624910558
train:4394,3.9444068915472714,1.8509502242822815
train:4395,6.664954476243733,2.1370801604441843
train:4396,2.7016981568308838,2.125518643079661
train:4397,0.33556651715340524,-0.07937500665838468
train:4398,-4.05330817118356,-7.195035211815918
train:4399,-2.3646831626917653,0.0898443243730289
train:4400,13.752059944609295,2.4191847791909513
train:4401,-11.759965060795935,-8.220523912383513
train:4402,0.7199550465246554,0.09480178752074449
train:4403,11.613362309006419,2.4848078958289452
train:4404,-8.512855394867007,-2.82741973172495
train:4405,-4.6818431735830845,-6.450879335012958
train:4406,-4.463195742302581,-0.048417896208658495
train:4407,-0.38155018456708056,-0.4163156588857417
train:4408,-1.4258978861713643,-1.758315484374969
train:4409,31.067960735315857,13.184087176516078
train:4410,6.854124342994582,13.421192866605828
train:4411,0.29451229980104865,0.02874277077777687
train:4412,1.573410830734316,4.2694123137191795
train:4413,-4.431610246450338,-1.2110787461086823
train:4414,-4.452498479002745,-8.355743534539792
train:4415,-15.390582471823805,-3.632690928891327
train:4416,-36.135963856599304,-12.377536657024441
train:4417,5.253760473910444,1.6412257087786415
train:4418,-28.25443188726203,-13.257794941076
train:4419,0.1798957424885392,-0.1142972316614233
train:4420,23.080861110584294,11.668787421516425
train:4421,-0.08408685709676897,-0.40973956618769575
train:4422,-2.9829635022808896,0.07312989855108207
train:4423,-2.434043122584674,0.08476617018004808
train:4424,0.6043154404968045,0.49220901007801593
train:4425,1.603630866883329,0.0019002120798446154
train:4426,-1.9405547348585332,-4.973114780412417
train:4427,3.117010373444385,0.03517570335298161
train:4428,-1.7429253640576174,-0.16916607712831427
train:4429,-9.852651708373353,-0.37830782322307893
train:4430,-8.487298006100934,-8.678220877196695
train:4431,-3.439736970625425,-10.59779169430545
train:4432,0.3190780217142147,-0.05415649862156305
train:4433,0.9224068797486832,-0.16668606160716642
train:4434,-1.418412730835306,-6.946166281976296
train:4435,-2.920158399846557,0.07671681929706806
train:4436,-2.9625545986198785,-0.048122374340730634
train:4437,0.2450351905714645,-0.35414578981475825
train:4438,2.3711504427751957,3.4780522574581267
train:4439,0.5391155532714142,-0.20461814437971593
train:4440,-23.292214640279038,-8.218781167928476
train:4441,4.459598510416136,9.989887673461096
train:4442,-5.412563099064775,-0.10842509873035294
train:4443,5.022311102422879,0.40108413236493334
train:4444,-0.1476674402205761,4.347095119270238
train:4445,-0.8341903129417264,0.06907376640098568
train:4446,-2.9466832798085525,0.1684494320607771
train:4447,1.377048706030124,0.48905235433500865
train:4448,2.157083833577064,0.2200830870087524
train:4449,-0.05770563632724851,-0.3213038447432301
train:4450,-1.286257896670636,-4.232121408445674
train:4451,-19.637943208556266,-14.905278496195002
train:4452,0.030618266805275823,-0.06777953602108044
train:4453,-0.08896197131129724,1.2272979364402217
train:4454,2.4727681677511515,0.1561815296955086
train:4455,7.57413212784906,12.829148222507124
train:4456,10.022561307009695,2.223708084104251
train:4457,-2.343203091459681,-0.07303466094887398
train:4458,1.671358737471441,2.4316938496555354
train:4459,-0.677248456619172,-0.0024259056531885093
train:4460,2.0074933528733037,0.09895207580544496
train:4461,-2.4126444117366774,0.24333351784113347
train:4462,-1.1379704606325984,2.7058275809648262
train:4463,2.8075349988673817,-0.2344132825319416
train:4464,-0.1344598603842776,-0.015498129665271962
train:4465,-3.8583714804085827,-0.15337880391059777
train:4466,3.9486060171991517,12.861201253299317
train:4467,-1.1565413169879504,-3.0102795047747013
train:4468,-2.8716141455350974,-2.6304993092409865
train:4469,-2.89959514391402,-0.00762881672451976
train:4470,-0.5704810842469524,1.8529227953022374
train:4471,-2.8065672158317914,-12.104700711103778
train:4472,1.995576148728634,0.2007962014607737
train:4473,4.047134837078662,-0.03932619411736815
train:4474,-12.838119396738053,-9.497755872790734
train:4475,7.991948384626537,14.142968686178255
train:4476,2.883232235305993,0.38512809140897947
train:4477,2.606672947548425,2.661317408242891
train:4478,1.5785741931667543,5.345159276365479
train:4479,3.1953925025578864,0.34283914749884054
train:4480,1.5620564079892922,-0.2244955030203103
train:4481,-1.478876746332078,-0.27803853024940867
train:4482,0.9117512264738519,1.031259871066147
train:4483,0.8963294818991697,-0.11168204502279458
train:4484,11.890958360515501,4.09995124394521
train:4485,4.186792028489168,1.3912597173100716
train:4486,-2.56117825350938,-1.3033945562636968
train:4487,0.1427965696358004,-0.17936318650593774
train:4488,1.7943235675660576,7.573623844445584
train:4489,-7.480301926998301,-0.256567793021855
train:4490,2.966015263823912,4.9478009864660395
train:4491,-3.9055056430346844,-8.095038893258815
train:4492,-1.6659891251984722,0.0918193206267548
train:4493,9.300079236645994,1.480054801334943
train:4494,10.678307406096433,7.801359572534127
train:4495,-0.5559194351611962,-0.9969736877729918
train:4496,4.6256318085148775,0.721274336915817
train:4497,-5.976263638592581,-0.03823840544107082
train:4498,0.855558398683438,-0.15750804972582233
train:4499,2.3292198578570957,0.03252249760848624
train:4500,-3.689563095837733,-0.0095314839475725
train:4501,2.822262158220196,-0.15399952109493475
train:4502,-4.9178524459113975,-8.405289063211706
train:4503,21.77047541363441,7.154920644153017
train:4504,-6.335818886616138,-2.2896693666808354
train:4505,17.517330186051563,13.620024373300636
train:4506,-0.5492750812801234,-0.06405237969885838
train:4507,-1.6818325490209682,-0.4810604129165272
train:4508,-6.932537329672609,-0.24532341063797602
train:4509,-1.5515782934285842,-0.04747412362006245
train:4510,0.30130635678884277,0.29466059470840544
train:4511,3.3607484173445386,5.316292717425584
train:4512,-2.0140998729089077,0.3510717461922735
train:4513,1.0407034834625943,2.130138570750902
train:4514,1.1800380228356335,0.049134350308038616
train:4515,-2.09042056234787,0.26117781727832945
train:4516,8.728064595697395,13.473768510882275
train:4517,0.8618496484975707,-0.13972117126465386
train:4518,3.3947719352205263,3.3498646719486724
train:4519,2.5064708932555937,11.1439211822064
train:4520,-0.44057853797206703,0.01302618599141843
train:4521,-2.9875224732886774,0.16171027805689403
train:4522,-5.849200569722353,0.1667593294446336
train:4523,0.8608096303306911,-0.16524875394635397
train:4524,2.8832229369763827,0.7018134051796308
train:4525,-0.2623551297546021,-0.04865578310934385
train:4526,5.087315259809979,12.082064375239597
train:4527,-30.196021672125994,-9.321338091277621
train:4528,0.02662033376033189,0.04027115516917569
train:4529,20.30872220896317,8.181790872004711
train:4530,7.8642274589364,3.063486220655739
train:4531,4.354286559086123,3.5690789845339252
train:4532,5.322762448113368,11.101022505994296
train:4533,-7.704459548405696,-3.647863191357107
train:4534,-8.379843719628775,-3.2162577474075786
train:4535,7.889086078232281,0.6781842098966833
train:4536,-0.9044726671319482,0.1752657655628735
train:4537,13.820309683946768,3.0070832721684466
train:4538,-0.9916140551963196,0.41895703529453554
train:4539,1.6571780874414546,-0.8475557485008445
train:4540,-2.9492314870381757,0.0756786765826529
train:4541,2.0278815677509323,0.20099763852450248
train:4542,-6.477106075207279,-5.869270043844587
train:4543,1.1675373485079361,0.14357395194161537
train:4544,1.3319883033652946,3.6150762535393657
train:4545,-0.9483921647536294,0.2670388939966243
train:4546,2.187677197659919,0.1112009329525776
train:4547,-0.3461279654595071,-0.18899136457325638
train:4548,-33.08781891783241,-15.298795215802594
train:4549,1.8247284080160697,-0.07975641033393627
train:4550,0.018471161460998975,-0.15266806775514688
train:4551,-1.1497574881627273,0.04993446346095841
train:4552,-0.4681683091326485,0.3794023997993805
train:4553,0.6944561210060047,0.40442995634200885
train:4554,11.812805900143367,6.356260348922326
train:4555,0.4801522881736978,0.11856758052927295
train:4556,-2.8547934672705892,-0.24588249835239034
train:4557,-32.67543428029662,-10.564560855865844
train:4558,2.496720199910057,0.02464861952181384
train:4559,-13.630526765434952,-4.810952237678365
train:4560,-24.871578696855448,-7.170155737194076
train:4561,2.762280028655463,2.6903386115008328
train:4562,-4.1841152124712595,-0.09939680936911033
train:4563,2.4247692604713187,-0.17177591398656777
train:4564,-3.3410082366592992,-1.4611687098211477
train:4565,-0.6313807264859534,-0.015555051328464436
train:4566,-7.792887592829852,-4.979034633384434
train:4567,0.4168278740306464,-0.1253906075779107
train:4568,-5.811253156750941,-12.026661824170944
train:4569,0.5442068536493752,-0.09830930601443305
train:4570,-4.330712677102678,-0.19158586539443423
train:4571,0.41270569205628876,1.9300145571174396
train:4572,-1.6881335620811915,-4.172110853394945
train:4573,-5.162734649270064,-0.07713965442639747
train:4574,5.7952858920678185,2.076949627652239
train:4575,-4.358737842547248,-6.140858563642556
train:4576,1.6068555275920806,-0.06548077105904548
train:4577,-0.8180026184654197,0.15118519147706636
train:4578,1.6086696316989935,-1.480238750937917
train:4579,7.65197402401222,3.9779619853089057
train:4580,-23.961567914917065,-7.731474666676886
train:4581,2.9043357241888716,-0.06263497322104172
train:4582,0.4251533659052092,-0.2340358020286652
train:4583,12.019403626082259,3.5023228557428623
train:4584,-30.54238816943071,-11.400227935855384
train:4585,1.2234005505136754,2.872101608243257
train:4586,-12.91528995350337,-4.3530812266769745
train:4587,3.419293490068045,0.09997709372533954
train:4588,10.832284954939317,2.4321960157067575
train:4589,-0.30071213414533504,0.047289603373848396
train:4590,-0.618893999652671,0.19031377046313785
train:4591,0.43173635081085604,1.1787009594940385
train:4592,-21.907313989500455,-7.6614447576178
train:4593,-0.8448675848329009,0.30365814066509167
train:4594,0.27903755474758946,-0.17424594325101517
train:4595,-0.06719411677778325,0.1716045898652793
train:4596,16.123088433346766,3.677611904927205
train:4597,-3.4079218060318146,-0.7430651221590905
train:4598,-0.10296781274461511,-1.3967392361804758
train:4599,-0.49120282861728615,0.07691925498646686
train:4600,6.896188591400826,0.5637632498920175
train:4601,-3.005037736775053,-2.4759451528261858
train:4602,0.5510269459600773,-3.6586049797073343
train:4603,1.5786957688264054,0.028961113147491363
train:4604,-0.25160440105950854,0.0831178671812364
train:4605,14.930771066118867,16.822268804753488
train:4606,0.3329448531198629,-0.04059494803115832
train:4607,-5.629146766088335,-14.963976001150435
train:4608,0.24006476847843367,0.048781336133678264
train:4609,4.348588077784629,2.743653238773111
train:4610,-9.837197884561517,-4.321461884747199
train:4611,-2.632356036841046,0.9097829073985744
train:4612,-0.865364822625207,-3.3948753586109857
train:4613,-0.8800589729079059,0.28417844903238965
train:4614,-15.371180577259558,-9.089931415226
train:4615,-13.990744054526742,-2.5375015804141423
train:4616,0.6822817018184985,-0.024385612807038437
train:4617,0.5220893819225247,-0.22096621724156684
train:4618,9.145694420966192,0.9804051441408055
train:4619,2.137876274101666,0.24983186039772604
train:4620,-1.957289403574149,-7.3484144137995075
train:4621,0.6086300978940895,0.6163297638766234
train:4622,6.276231762983016,10.72329091969227
train:4623,-1.6202020580746206,0.04111281828300979
train:4624,-7.655202577129629,-6.148852134148824
train:4625,-0.9806222673060864,-0.43668391337356743
train:4626,6.312750487609851,0.7148611628627981
train:4627,-0.9827532119944605,0.15980197573184607
train:4628,6.350516118237387,13.25586953096528
train:4629,-10.316057210312229,-7.60050976051823
train:4630,0.3232938843593932,0.009171490905050803
train:4631,-3.7234020418709624,-1.2745994703896146
train:4632,-9.393172891028785,-5.883408871402682
train:4633,-1.4299663702922238,0.2901751961810004
train:4634,-11.782294999354374,-6.426715447014107
train:4635,8.333125484175907,0.31886428507324793
train:4636,-0.49447909505537324,-0.30714133549067424
train:4637,1.9384028120808448,0.19253442863169445
train:4638,-2.678404619485179,-0.25869586432471753
train:4639,10.834444027074762,9.613000068511068
train:4640,0.07845143135981021,-0.0851153210010093
train:4641,2.211702221706263,0.7602236625941157
train:4642,-3.837963971497013,-2.7859733425587074
train:4643,5.1501519765649855,11.252993931104744
train:4644,3.895682249641377,5.991977682501206
train:4645,33.15379736708583,9.790136289863371
train:4646,-1.080701816106306,0.1766361653037931
train:4647,-2.0782183644006538,1.8139662652530333
train:4648,-8.00231573030203,-0.15168499211339412
train:4649,0.4271297258638168,0.07643663346621588
train:4650,-1.3156129557076777,-1.274105721326183
train:4651,-2.04145834812044,-2.986259418872337
train:4652,-6.976922906065992,-0.4933402274594311
train:4653,9.307798709888225,8.585524958824948
train:4654,-1.455704611569212,-3.1109130107963177
train:4655,0.9376956582099422,-0.19972716116946326
train:4656,-1.304178567328008,0.10965006728700016
train:4657,2.8758591248417353,5.765820353614571
train:4658,-37.60332953302314,-16.43428510182005
train:4659,6.697501884294131,10.92795554158661
train:4660,-2.399867112103082,0.057777740803884474
train:4661,7.962664225352771,6.1805164970756845
train:4662,0.2985080244927102,-3.0401435480981602
train:4663,-12.259076148437249,-5.287435348596405
train:4664,-35.411058641539235,-15.467523009013131
train:4665,4.854021099727788,0.1036165136494078
train:4666,8.150092514967666,4.634027094505995
train:4667,0.25753307540027903,4.669471458073656
train:4668,-6.433098010996062,-9.934406373625322
train:4669,0.14598543177555334,-0.37834691228502065
train:4670,-9.259621912673172,-9.375162302963242
train:4671,1.978003932973397,0.11877237012203685
train:4672,1.0520969591919798,-0.39403389495330277
train:4673,0.6708956647528009,-0.21950950771059352
train:4674,7.9040777750625,0.8392660969949379
train:4675,-0.5661022683753585,-0.07897263184376219
train:4676,3.6083885052655336,9.117460897235638
train:4677,0.3009985820787514,-0.04196113927818271
train:4678,-0.03314398243328687,-0.04666010103816706
train:4679,3.2538450569017727,0.45522248315418756
train:4680,-2.023980742868985,-0.12709754416963492
train:4681,0.7058936475719177,3.3280136010016426
train:4682,-12.347135049175888,-6.158715702552653
train:4683,-1.9475949651227524,-9.454839506638187
train:4684,-0.5139158583556577,-0.08662274644993986
train:4685,1.38209816392484,-0.13390332077179087
train:4686,-1.951234796248591,-4.637994266129524
train:4687,3.3744171943294936,0.10604089145465323
train:4688,1.8053848604701255,-0.00628980236180153
train:4689,-6.894079438405608,-9.547043470718156
train:4690,-4.348982500036906,-0.01648919431238506
train:4691,-5.3426977749575615,0.05521327008321296
train:4692,15.81142702147845,11.421682920574959
train:4693,6.264039793198371,0.22441455452216078
train:4694,-0.47039804857312895,-0.044506707441528404
train:4695,4.118517183661748,0.5798157295555355
train:4696,1.7173371177270185,-0.19913996927547772
train:4697,1.374382177556213,0.0261839351591006
train:4698,1.074899020436367,-0.22764317113228721
train:4699,-15.74275205663813,-4.21591628171545
train:4700,30.54377484221523,11.149250990068232
train:4701,2.521683890330531,0.30678391034273267
train:4702,-0.5284951742676729,0.1881643713691794
train:4703,-2.5322674221694563,-2.616536239800819
train:4704,-1.2007467382451393,-0.007452630624162099
train:4705,-5.537343892932226,-0.15126849387858102
train:4706,13.02782792861299,3.611893776189747
train:4707,-4.7170173597483105,-10.701401104823795
train:4708,22.318504083521027,5.643174284608998
train:4709,33.59914644275503,13.994382316767634
train:4710,-2.4564934745115625,-1.952230186252912
train:4711,4.419240040576848,7.1792448829023146
train:4712,-2.006118186771675,-4.705426036516776
train:4713,-0.4365339970499529,-2.5873763702355514
train:4714,-1.0964915420753045,-0.41177383800797923
train:4715,0.2194905870086047,0.4986677642598318
train:4716,-3.034658495580701,-0.12053700149987964
train:4717,0.4601741296318705,0.05560879717895516
train:4718,-0.7192982926145204,0.17306365329961776
train:4719,-0.08917467060112622,0.1308623744572276
train:4720,-0.44853488616111237,0.2638056293986437
train:4721,-0.3641716065259718,-0.7739029681716516
train:4722,-1.4929976545943195,-0.5861164040483355
train:4723,0.01834110107557896,-0.22880607072505277
train:4724,3.2070846871259935,10.838569984469123
train:4725,-8.928655308868553,-7.48275581600939
train:4726,0.06576990452119802,0.09135296243884451
train:4727,-0.38660254818979967,-0.1699274578713174
train:4728,-10.959608550115439,-7.568260999094708
train:4729,-2.1480743901782566,-0.13583979860681508
train:4730,0.9803347758443249,-0.0085379940666893
train:4731,2.083869832289926,1.759754301485816
train:4732,-9.979020656938195,-8.083329864616745
train:4733,-2.5833375677194756,-1.4303662436894682
train:4734,1.3170868003322922,-0.04309657666502209
train:4735,14.58420186522865,7.457327322771767
train:4736,-13.40738452162097,-5.000232317821636
train:4737,0.4750586632133343,4.821663722117994
train:4738,8.330400143767214,2.5942588385346146
train:4739,-0.8530668518830078,-0.7568331742719794
train:4740,12.97290362543962,18.150810722730782
train:4741,6.397214654121259,4.764576572385912
train:4742,3.7320214203426296,0.3264264492900568
train:4743,-0.06023873377125549,0.34472811928413266
train:4744,-0.10690030879492862,0.06466026892182376
train:4745,-0.08263724751056842,-0.04168259404664562
train:4746,-11.434653701060125,-4.985799038351688
train:4747,19.5192921654074,7.407809755618614
train:4748,7.512491176281901,0.22615344713532637
train:4749,-9.72045735630784,-5.471770805064861
train:4750,-3.0875627366462948,-0.49031767287782974
train:4751,-3.1427576212113144,-9.798578445775174
train:4752,-0.11204925881647165,-0.20026941490829686
train:4753,11.716455678891483,3.8899773573456797
train:4754,-1.4153726419693133,0.17694844981689667
train:4755,-7.145335181795455,-0.3844475878337209
train:4756,0.6621396602172948,2.8613495483147093
train:4757,-3.4411168427395507,-7.573691810810025
train:4758,-0.14572664637272675,-0.4400628346585644
train:4759,-7.846478515537145,-9.229847431247682
train:4760,4.7313886849167295,8.82797529350077
train:4761,0.2190591445147002,2.0969606594718093
train:4762,2.4819814176452297,0.26812568404725157
train:4763,7.724478678979234,0.280667994480567
train:4764,0.24033500118272455,0.24028414302725085
train:4765,8.92872068901549,1.7665145692895798
train:4766,-22.47174491281913,-14.481511978433694
train:4767,-0.9145404335171866,0.0431113535703867
train:4768,-3.169724171829785,-9.483837884166528
train:4769,-0.09268339527946351,0.0396090306847344
train:4770,0.30555801800301985,-0.0712164489253449
train:4771,0.0029629424209437205,-0.4830175765690023
train:4772,1.6452915677844984,0.30702500711164316
train:4773,-8.051634070553524,-3.383100135353074
train:4774,1.0843249696202748,0.04690071000577148
train:4775,-1.4011285308397388,-0.19096507687969222
train:4776,1.5595953725997629,0.7402950887227291
train:4777,9.183946819148812,2.0400713802832056
train:4778,-0.4348871466469,0.04900167575473284
train:4779,0.9594630478269757,1.7776117257175323
train:4780,7.854005805196116,0.9168119481683901
train:4781,11.328496823408228,2.1407222909236423
train:4782,11.80057487737436,1.9885334507387444
train:4783,0.5229050778875629,-0.028078530534859023
train:4784,0.8786382475249244,-0.06110065620942501
train:4785,1.365589909535228,4.568904146667883
train:4786,-4.345221325709657,-1.3543778205788537
train:4787,-1.693372705899952,0.13251859513099462
train:4788,3.6653886605243367,5.597544509850134
train:4789,-5.951401764881337,-3.3668858783310087
train:4790,6.524216818932543,0.16158830306433875
train:4791,11.749318765232141,2.391300867910379
train:4792,4.553033240418802,1.8581899750684763
train:4793,11.223816228658736,10.873564110520404
train:4794,2.6140130489425673,2.322263307445697
train:4795,2.849912136065002,0.1822775443746784
train:4796,-2.8444495404959333,0.059562998180302106
train:4797,3.086489768790728,2.4136914820408526
train:4798,-18.250435306155033,-4.4837653763615375
train:4799,-0.03647406295399183,-0.1389101445597686
train:4800,0.5121913100526692,0.5654372318366303
train:4801,-7.818827142942897,-4.610561163008571
train:4802,7.392811446038501,9.858741302752113
train:4803,-0.0238491396968806,-0.09124438605090082
train:4804,26.476839823068367,12.71982210801021
train:4805,11.57269699429,5.6707608907615175
train:4806,2.826132123003882,1.1047982374257148
train:4807,0.6895384669335106,1.526829001111677
train:4808,0.48104167340089526,-0.01209566934662401
train:4809,0.05676342623182218,0.003734758766119395
train:4810,4.9840019844296375,7.68183378076501
train:4811,2.893173544408535,4.835529782207357
train:4812,0.043711012270890706,0.017354942949436666
train:4813,2.5010973885739687,0.10363363294660854
train:4814,-0.005295833938667199,-0.2254604607391923
train:4815,0.5923749905281102,-0.10877739960066327
train:4816,0.6286727635975862,-0.23844858620377707
train:4817,-15.69775557998937,-5.197717677113224
train:4818,3.0983123624316153,0.203080201028973
train:4819,-2.2448081675265548,0.0670272970814467
train:4820,-0.62302664224784,0.3120956716120986
train:4821,-4.869784730992451,-7.49173146353174
train:4822,0.003071267960900348,-0.031096947952970286
train:4823,1.5955715396938528,0.22034515491673382
train:4824,7.316793882144824,9.385063474002036
train:4825,2.5244710646311317,-0.1654454832033525
train:4826,2.2068773184716286,1.065621724407481
train:4827,1.3600966888598744,-0.011305542450404646
train:4828,-6.187207868707671,-2.478234573505165
train:4829,-5.552630346811083,-1.9705531127076785
train:4830,1.2662767755531132,5.374300885347066
train:4831,-0.8186644270754121,0.224696024300303
train:4832,2.0379872248293314,-0.01739808633293459
train:4833,-3.207003499818718,-5.3785476721582075
train:4834,0.3225445552219466,-0.14109378224812855
train:4835,-2.405651602953469,-0.3503985183183253
train:4836,-10.882115341312653,-5.722960540961664
train:4837,0.08013628868514402,0.09171760346922037
train:4838,2.4757943091227292,-0.23151584148071558
train:4839,1.022488404443945,0.3101905078248708
train:4840,19.30184886781139,8.87601489466226
train:4841,0.8603298365228147,-0.0043832832968786345
train:4842,-0.04310656146481201,-0.2805855963512594
train:4843,2.2273964073385186,-1.6092415003157468
train:4844,1.272161920821529,-0.08641738621393591
train:4845,2.018426096370513,0.27044128298486725
train:4846,7.31776509267259,2.3945347031515998
train:4847,-6.338177872838197,-1.0952293947438296
train:4848,-0.9411887488047547,0.2638944357528725
train:4849,-0.06348419949250936,0.055623241585968285
train:4850,1.3384715636858742,0.01730586763079453
train:4851,-21.952598714367127,-14.373226717206585
train:4852,9.37428548593164,3.028174816963004
train:4853,-0.16137991935469814,0.2138859014220829
train:4854,-0.19730866496777694,0.077014695068361
train:4855,-6.161843885197486,-2.8704245475796997
train:4856,0.014374201205708426,0.34287652463106216
train:4857,-5.780668626081215,-2.140856737225544
train:4858,-1.605566719726705,0.1278727745227376
train:4859,0.6161329200564065,-0.08119314735150873
train:4860,4.642686804685558,0.20424702379401377
train:4861,-8.395802442738434,-8.573523250019623
train:4862,-1.7884523104106287,-0.0030519726179007306
train:4863,-0.4812566378916987,0.040141298166867546
train:4864,0.015494649923714632,0.6079515798265791
train:4865,0.012012541713885994,0.041119523341080086
train:4866,9.703874077288056,6.40737229328811
train:4867,-1.114679074792484,-4.433501407850431
train:4868,-1.2223402490984658,-3.0474215319814366
train:4869,0.16898299039999118,0.15921421319462048
train:4870,3.2642238524124663,5.4108637096651755
train:4871,16.03748615129109,8.982554558218132
train:4872,-0.45580199566781565,-0.3468232957587598
train:4873,-3.8702226664130204,0.12788611330847316
train:4874,-2.728449159279214,-2.035254212530602
train:4875,4.046357496723265,0.45986487990300445
train:4876,-0.5602531541341816,-0.22286546060517942
train:4877,-3.4959202676279886,-0.17883576949134478
train:4878,-0.17183031200338844,-0.12563869472651149
train:4879,2.3650326068082896,4.373208895220253
train:4880,-0.18329619847461193,0.07235239713654826
train:4881,-8.456671168031482,-8.901345237262598
train:4882,4.066612513029231,5.083280821939771
train:4883,-5.251579723777229,-9.593980018496678
train:4884,-10.160407821805466,-1.8902131069094448
train:4885,4.143622208692294,7.917015832492637
train:4886,-11.171592798397407,-3.504796654007246
train:4887,0.24900302027429605,-0.013435967656632283
train:4888,-8.018614772275416,0.04495681380862695
train:4889,0.39632435986585357,0.075680887825208
train:4890,-0.7200677293897487,-0.04383912618110439
train:4891,-7.58836990322472,-6.087499996840797
train:4892,-2.824636659762924,-4.443471686540145
train:4893,-1.3669174191638693,0.13910139288711088
train:4894,-0.8871336069916821,0.1199623039382986
train:4895,-1.0395683304940242,4.511551647829188
train:4896,0.6960148697360028,0.025649099782387344
train:4897,6.6709942062419145,2.0935136889804395
train:4898,0.3100928133538218,-0.11311507285930689
train:4899,-1.9715976731780325,0.05172364400965121
train:4900,11.071925224980339,5.49511747212512
train:4901,-1.634948976377856,0.19318688784625782
train:4902,7.64316850587154,5.657920847217719
train:4903,0.1675962607677783,-0.024895839194025632
train:4904,14.380256952727494,5.420364348968349
train:4905,9.900145078362069,1.873314874145334
train:4906,-0.25351218583724233,-0.41069482297149734
train:4907,-2.9893398318109536,-0.034580154290081766
train:4908,-4.749449003595065,-0.0031859311184965627
train:4909,-0.08407279337323384,0.10890666180605785
train:4910,-0.17294704138955064,0.004204612143874825
train:4911,3.1955696357369567,0.2966074867825601
train:4912,-3.109123703345986,-3.033314660444783
train:4913,-9.73843939594064,-1.2390150139065272
train:4914,-6.7229501907641005,-4.324776180685263
train:4915,-0.9954279975441055,0.2315005169551689
train:4916,-1.175616607724646,-0.2794393167428596
train:4917,-4.7758804353444795,-0.2833970129340517
train:4918,1.8211227482515477,-0.08162455364096752
train:4919,0.09266381193959042,-0.026447703485273116
train:4920,2.837399373908812,10.418186239834682
train:4921,-0.45052275280261234,0.20295401754252254
train:4922,0.024425579285009144,0.43067519422844514
train:4923,-6.96692627190227,-1.9728288379488976
train:4924,-4.792922413853706,-0.32417289629326485
train:4925,-0.2140433336833925,0.047541399703509346
train:4926,7.352610117969623,3.1762869818411645
train:4927,2.0071074721944884,1.385677542475339
train:4928,3.8353142393978286,2.320778493735152
train:4929,2.9851391383328196,0.011419682609938572
train:4930,0.6564579159090981,-0.1380889889373729
train:4931,28.20873181890146,10.649820602539075
train:4932,3.0044750147568355,5.88491359780775
train:4933,0.2836664956856927,-0.26301934283276557
train:4934,-3.3916381063022847,0.053400907152894146
train:4935,1.8234017688389614,-0.05243572393126822
train:4936,-6.5992786876191225,-1.1568291198876233
train:4937,-2.258928610872316,0.052532958784816404
train:4938,0.8997222099156221,-0.966069789805398
train:4939,-2.408173309943704,-0.06792155485744161
train:4940,0.15857397531806544,-0.0566253865995304
train:4941,-1.6623869523075543,0.07644019998646602
train:4942,0.9199667656007763,-0.26577383775236535
train:4943,6.28477088398037,7.904237418418761
train:4944,-1.9917634255197414,0.21713086420648403
train:4945,0.22861294573074528,0.0947328823495115
train:4946,5.518373267785071,0.5220560767650839
train:4947,-0.28947417297867695,-0.7263017636793117
train:4948,-0.3353437627778174,-0.32522901426974077
train:4949,-5.798795254739449,-0.13889730508686804
train:4950,3.041230381872244,9.293698926128142
train:4951,-3.192135935688792,-0.38854830148694425
train:4952,7.255329133923776,12.539003525830026
train:4953,13.730652400348168,9.939122109542009
train:4954,-9.872148445899622,-3.0402936272702865
train:4955,1.6234288702889623,-0.2606497467785625
train:4956,-3.966934592686735,0.1024208020703408
train:4957,10.468899724949397,2.20320915231446
train:4958,0.19252264164069258,-0.41664606132171605
train:4959,-3.0004271600379298,-0.21520000996192612
train:4960,0.6147141111870391,0.050812469416141585
train:4961,-0.3571397447584017,0.12854977139662205
train:4962,2.5359661246115066,0.0669100298956216
train:4963,0.7080363314014244,-0.11629327038462509
train:4964,0.6700323148485114,0.44594382407138405
train:4965,-0.05593035274645733,-0.9312893696475055
train:4966,1.1192276445608889,-0.02371018520206407
train:4967,-13.975447372485313,-6.262145360450391
train:4968,-7.913938826690728,-2.976189277615619
train:4969,0.5197435295910394,-0.13055521422175528
train:4970,-0.17240471631504684,0.035349178897949154
train:4971,0.8998600576520905,1.0224177540619623
train:4972,11.931034161134646,2.7847281391900975
train:4973,-4.167413087909279,-0.1274350796461096
train:4974,-0.561184149386384,0.0819929866943375
train:4975,-0.6110768939495356,0.1086824703431331
train:4976,6.871281620790972,0.5686062990701082
train:4977,-12.79569390822646,-8.581643503325175
train:4978,0.7909052532391162,-0.3024010020957881
train:4979,-2.4497633435398374,-0.09135551882189566
train:4980,3.4313166951702683,0.08153732806717767
train:4981,7.369702307458743,2.289637350840518
train:4982,-1.6110425060340399,-1.1916569034344378
train:4983,0.20112917552771786,-0.05612585977329368
train:4984,-2.8699757798578136,-2.9027258081813043
train:4985,-0.07754966646445144,-0.6696216252381768
train:4986,1.746424384871292,1.636683816570474
train:4987,-1.0509050864127887,0.05573212744920552
train:4988,-4.031228357691631,-3.1185054191048476
train:4989,-0.3784733672991283,-0.4332830223238296
train:4990,-1.0808889449897077,0.19222371338750094
train:4991,-0.8049256801601418,0.169965345827903
train:4992,-5.06935756891098,-0.39367752824990726
train:4993,19.19148513400426,5.670010494900885
train:4994,-12.464026210369246,-13.565638708485707
train:4995,2.138855853126081,-0.002850107571741964
train:4996,-1.2603832024066208,-0.13599315897757175
train:4997,-3.045106563646989,-4.586412682377201
train:4998,6.724629760931336,11.061191607840563
train:4999,-14.117905220774356,-3.652118477997972
train:5000,1.266628484870612,-0.009543324794803021
train:5001,-11.205613526774513,-0.3523371360654996
train:5002,3.7003076075417685,4.075222989781975
train:5003,-1.3490020950460226,0.23446115674522763
train:5004,-0.6815029073322321,0.09763374726017764
train:5005,3.890915925883286,1.31555918371405
train:5006,0.8195971089167242,0.08478799728397902
train:5007,0.9770629261128027,-0.27722693290128336
train:5008,2.770493708116465,-0.23338184487559677
train:5009,5.688587559792953,0.3465941226790138
train:5010,0.25960706781979176,-0.015797004062234957
train:5011,-0.2661790678067188,0.22398828402186222
train:5012,-1.806872650055419,-1.9696310958926082
train:5013,0.5707931025867964,-0.13902398788615355
train:5014,0.1714368195840728,0.047693476126975956
train:5015,7.333246346556777,1.8701284022930356
train:5016,0.2363003397358211,-0.1380367750809106
train:5017,6.4188453582930265,5.468527209069683
train:5018,-0.9743393859886026,0.2753699999793666
train:5019,0.1580866266173808,0.13173495930163054
train:5020,-4.224073389220836,-2.1035079945051103
train:5021,8.939450961385443,5.061942759265523
train:5022,4.468874524035082,0.13265426556131052
train:5023,13.070740649596146,3.415917197624785
train:5024,-9.473410036899484,-2.3669186260302846
train:5025,29.064728604135297,9.560955122447844
train:5026,0.3681397280684716,-0.04456569768646598
train:5027,-1.8514618598672614,0.20156100606321697
train:5028,-20.90823822755963,-8.567649048506807
train:5029,0.19914328478125998,0.01910011263824256
train:5030,-17.742514051208236,-9.25875621778734
train:5031,-1.4618075702087423,-0.08005963588560444
train:5032,-0.051290253812822095,0.15043023047051352
train:5033,-0.13419044128382757,4.051981261259004
train:5034,1.0884298334557339,0.6922310925627291
train:5035,-0.24672731094993816,-0.5470654325429074
train:5036,-1.287514798375669,-0.01842353223525918
train:5037,-0.8530026934086987,-0.25435526651946877
train:5038,-10.247339764995372,-15.916300819984725
train:5039,-10.075486177477243,-6.705901510909768
train:5040,1.1785760929626998,3.505589788292004
train:5041,26.455630333227933,7.39138264866802
train:5042,-7.046781256425998,-15.741489969835525
train:5043,0.6001974427707714,-0.18326232043462226
train:5044,16.710662899064754,9.060643661756089
train:5045,6.5605779368724875,12.516400347092643
train:5046,-0.5123467652339685,-1.0916927619333707
train:5047,-2.610838307374041,-4.20213068232293
train:5048,6.6147737159209115,0.4628927842649811
train:5049,4.100596513004375,0.8602373787266597
train:5050,-1.1305206389490583,-0.3176063618694893
train:5051,6.6564530134813005,2.3660133833719192
train:5052,3.4273291065170155,-0.1638889111053748
train:5053,2.1647312447648166,0.33514823190100107
train:5054,0.5975411424594317,0.21312230943652472
train:5055,2.7546265735534634,-0.29166948532388143
train:5056,1.6379879623340758,-0.16653840766881
train:5057,-3.4132260381578448,-4.4157658159504605
train:5058,-12.634138220751419,-6.481703200266138
train:5059,-0.5263760849495516,0.13931238822511005
train:5060,-0.14831820706415666,0.06257670779168316
train:5061,-0.21181359424291207,0.057407250680298366
train:5062,-0.3894522537570274,0.06123819274179995
train:5063,3.0214728262004145,0.0077316153496581885
train:5064,1.0794033637576963,0.2266323951397197
train:5065,10.526473122228657,13.319210930608035
train:5066,1.0614880396398498,0.09809454167649767
train:5067,-6.079085962169514,-6.867563028879077
train:5068,3.9965788891560767,0.08733449274258977
train:5069,0.009184803450361823,0.14235270407755726
train:5070,-2.5250165847395705,-2.746795260271564
train:5071,0.39434939465668745,0.08471295769791577
train:5072,-0.8998992837132648,0.26454760827148593
train:5073,7.35471711945925,0.27743002207585615
train:5074,22.676837531033826,11.263522298883201
train:5075,14.333595145245582,4.4483049749642785
train:5076,3.7942449122598556,0.27819140281885923
train:5077,-0.9576140156025971,-0.026581733316273934
train:5078,6.643939786408629,1.1627429212867446
train:5079,13.886639318219775,5.001331316883047
train:5080,9.793525781888889,5.816407876842771
train:5081,3.591625941561088,0.8014735364945744
train:5082,-1.3525354602978266,1.420540991224655
train:5083,-5.170826520613175,-4.153697337325824
train:5084,-3.0186509562405885,-0.2869666717220269
train:5085,10.777819059415721,6.124482184121447
train:5086,3.5792024433691534,1.9016739885840372
train:5087,2.0432856454993553,4.091077741562825
train:5088,7.222043903418823,2.1910130796670293
train:5089,1.9918275271463588,6.906883141514111
train:5090,34.119328475125585,14.815895161831598
train:5091,0.8085416274686625,-0.46609201274824624
train:5092,1.7998007486228338,0.04311563339468689
train:5093,0.7018740959106304,-0.13900287408627263
train:5094,2.939727956183453,0.3229636434487762
train:5095,-0.08429328001411121,-0.039703175307809535
train:5096,0.8483026796305069,-0.17336715266137698
train:5097,-0.4408151804606417,-4.470108742341264
train:5098,1.9155170658699672,7.494215984379931
train:5099,-20.654271091255502,-10.934823863442425
train:5100,-3.961202172482164,0.013657174754075865
train:5101,0.025598563565311913,-0.22920915884372528
train:5102,13.544879213403856,2.197602867802836
train:5103,-10.974859670341777,-12.06403667381961
train:5104,-8.985122204924222,-7.069339054692413
train:5105,-9.23008948799882,-5.218760717232379
train:5106,3.429680654075387,0.42868457661602355
train:5107,-0.694386672839862,-1.9727687777478846
train:5108,1.4373709220003432,-0.352921760064905
train:5109,1.5110576271190301,0.10049438182242203
train:5110,-6.789629442230443,-3.1742161773419904
train:5111,2.0025543126427063,0.13260276500889828
train:5112,-0.9026878527633068,0.1024277211196261
train:5113,-4.327310418298375,-0.15391720580756119
train:5114,0.48759676331771207,-0.08330188811461545
train:5115,4.510973176260883,8.242130117561695
train:5116,-0.07906006388047743,-0.21564682361886556
train:5117,-2.4807886150330773,0.18715126562692036
train:5118,1.29954689627245,0.5156864855895218
train:5119,-4.575202026035321,-4.951308790281349
train:5120,-0.2923480542028908,0.1536029355546465
train:5121,-0.06216302308404706,0.210714408954835
train:5122,-9.883427319716565,-5.803568463761089
train:5123,-0.9931089941393688,-0.5600041973672301
train:5124,-2.844077607311533,-0.14271925951733924
train:5125,-0.5440573236194662,0.23323298983188423
train:5126,-0.20284326320989515,-0.48476374488347823
train:5127,9.516044099834009,0.5659326928297819
train:5128,7.132341058005133,0.15084965325193175
train:5129,4.039620392004332,8.010624720229549
train:5130,3.3386662792702064,8.044522640616742
train:5131,-4.046969034971936,-0.7507682352561855
train:5132,-24.689902353937306,-10.619164566217338
train:5133,0.352851298294573,-0.05249207495122066
train:5134,-4.459998046749699,-0.41063561873534477
train:5135,12.239367700835539,2.731068843400844
train:5136,-1.0760663663374759,-2.630834276822881
train:5137,1.844046152697346,8.452250659473911
train:5138,-27.538056959786182,-18.414216278285668
train:5139,-0.45049846091650625,0.04468062248045494
train:5140,19.571820289040268,6.708060765111145
train:5141,0.05831938546293723,0.022418973722226884
train:5142,-0.3238884531565253,-0.17435636271796
train:5143,10.572267395557956,1.5788712366195101
train:5144,1.5405442575200534,5.045933363166626
train:5145,2.8452806380862565,8.728526442845446
train:5146,-1.1208443322404014,-0.15773081458064703
train:5147,4.94107950020039,10.705385276106771
train:5148,-2.671880911430796,0.05087367090363425
train:5149,-0.5115538501764749,-0.41936446305638425
train:5150,-3.027274692037392,0.028093878083463655
train:5151,-14.758338830659328,-14.048151806521089
train:5152,-0.5887874031249,-3.2791260838043526
train:5153,4.167701627966856,0.6111340571761974
train:5154,0.37866671570732435,-0.04762505875704903
train:5155,3.93974238449841,2.4122123747627082
train:5156,-1.5018619846697825,-0.20850179961051485
train:5157,-4.205718951487157,0.06364138541675946
train:5158,0.15887989036223477,0.0696535399328509
train:5159,-2.547041073170321,-0.7065610740947033
train:5160,-8.597649652079571,-0.39319348012155625
train:5161,3.641696516678031,0.5049328563920643
train:5162,11.696331304116537,18.256658196036504
train:5163,0.9793942498042724,0.9957117930896111
train:5164,-0.12280184717748727,0.3127387865436066
train:5165,-2.008109424057659,-5.430483054719346
train:5166,0.05621842788755546,0.6917789291254144
train:5167,2.6231942195994913,-0.5817836525876372
train:5168,-21.110129139049935,-5.956859216042475
train:5169,-0.8935038926075,0.2791870326118926
train:5170,-2.8158288170398422,-0.27322458387655935
train:5171,-1.166102091951203,0.10997875779325446
train:5172,-0.6215219400587001,-1.2721631090763286
train:5173,11.023590648001585,6.313487214223027
train:5174,7.7400422230804695,3.8524164780007664
train:5175,0.03365510125590511,-0.14057656548145106
train:5176,4.451305330236968,0.11396355953834775
train:5177,-0.8786809604597025,-2.478850297561152
train:5178,1.3302455639381385,-0.05001049016116274
train:5179,-9.429343393211724,-0.30245293063063033
train:5180,-4.471301096223627,0.06731768316021433
train:5181,0.07181056435234104,0.4923112265483854
train:5182,-0.6610572752692615,0.08561207745297987
train:5183,3.075811334608352,11.480042604732297
train:5184,-0.8197858056263794,-2.257673685534264
train:5185,3.021790829073077,0.06627219341408386
train:5186,-1.232173000202811,-0.7876573248467797
train:5187,-1.5339468008220831,-7.773311946462544
train:5188,-4.218163835837194,-9.031966045547518
train:5189,-0.6499278721008003,0.18879100897713164
train:5190,-0.9976586668175468,0.016994867064981017
train:5191,0.2575664331577549,-0.0005261986419434067
train:5192,-6.90385291265869,-0.6910885106238605
train:5193,-0.3967607408304954,0.02701479171657674
train:5194,-13.78815018931792,-6.425597556906899
train:5195,1.5527913199076382,0.16478476117333773
train:5196,-8.949780183909535,-9.339717368752341
train:5197,11.111993586935794,7.104699473884913
train:5198,-18.237969965479856,-10.0314522455969
train:5199,-0.30356253708728365,-0.004087975420165785
train:5200,-8.92115620603808,-15.285984275064036
train:5201,16.513666628281158,11.757863689997818
train:5202,-2.110740202044625,-5.562652588757693
train:5203,-22.485627318926873,-7.099770317396455
train:5204,-0.6376333882322047,0.21346405340689456
train:5205,1.2329099522058327,0.4831547564493522
train:5206,12.085631908562517,4.398823928978486
train:5207,1.387403325883831,0.012519597455086406
train:5208,0.8952901611070109,-1.7983760664328112
train:5209,0.1612244641733988,0.05752123666749332
train:5210,0.4899927103999714,-2.5599880626089404
train:5211,-0.3910542397197121,-0.2658717030680296
train:5212,1.0228215171022237,-0.12428099179768243
train:5213,6.3278556240613115,0.46769802832842006
train:5214,-0.27270463552702384,0.06523162546589861
train:5215,-7.904267634063357,-0.12596923982329586
train:5216,4.362847066241579,8.446787321093915
train:5217,2.0923752468424426,3.8525614213837325
train:5218,-8.101042604602233,-7.114650410523343
train:5219,3.524779785078245,4.63644262734102
train:5220,-5.641128593623795,-1.924227153195984
train:5221,0.13208559129978958,0.06171710508099078
train:5222,-1.428212705327776,0.346460663491253
train:5223,-2.801399204234548,-6.0406707299914
train:5224,2.881007609946798,0.1944874551206794
train:5225,-9.085160143699436,-14.597386794753133
train:5226,0.8015908936269397,0.2946618786556955
train:5227,4.423201593907193,0.46797864214170226
train:5228,-8.426304683191113,-12.432667641729719
train:5229,-0.0544451770494985,-0.12305532144851414
train:5230,-1.4215741629027092,3.919782624415416
train:5231,-0.42050263074021443,-0.33410993501424696
train:5232,0.3143426149020768,0.4747741471655378
train:5233,5.463345753153031,4.981258940915174
train:5234,1.1567480317449612,5.512082125007817
train:5235,0.8855403975944348,4.658018077603118
train:5236,-9.06520127919155,-0.6722765429123922
train:5237,14.640444671540719,2.3703571197149884
train:5238,0.0001708864972979618,0.45461189488736103
train:5239,1.41408046599319,0.07000148964845604
train:5240,-7.372140967475781,-0.6566054669244259
train:5241,2.6923463618256163,0.11946898285729715
train:5242,1.5317715159912493,4.298611557668009
train:5243,0.5622470078422361,0.2936987041969386
train:5244,2.1651845383333046,0.31076757080134587
train:5245,-18.93884085816397,-10.401746067908444
train:5246,0.7999167293806574,-0.23914691086875745
train:5247,0.2848490107538457,-0.1298844230931061
train:5248,-2.6207001157584178,-0.23089769219095874
train:5249,-0.5667326951229171,0.12183914955474022
train:5250,0.8011299289365235,-0.0817645038955836
train:5251,7.408003521871816,1.1216932718331294
train:5252,-4.846186965191687,-7.701550135169985
train:5253,3.9971186571899375,7.800059647233351
train:5254,-1.255520873395306,-1.48629142112405
train:5255,-0.02820343122412816,0.10144464547787335
train:5256,-4.824776166515197,-6.848386562798044
train:5257,2.932679822339065,-0.09495349578065712
train:5258,-4.906404342495554,0.07698573492392974
train:5259,-0.20453195609619312,-0.013971373676585574
train:5260,-7.7962926411330375,-0.16799968234570356
train:5261,-14.290497095663518,-7.835391083258364
train:5262,8.784816950472093,0.511298167743326
train:5263,3.689079874537681,1.294751391270595
train:5264,-0.6966898690842614,0.08591815622084817
train:5265,6.6806398284628585,2.4500271903494326
train:5266,0.856029359078185,-0.20038340089549178
train:5267,-1.7003996860444768,0.044771354755618886
train:5268,-1.8430980123830571,-0.010566844776192519
train:5269,-3.7143389600000853,0.13857433252454296
train:5270,2.345152778102088,0.16976932987495447
train:5271,-0.2677102702352472,-0.06183992452687717
train:5272,0.18690470711944465,-0.021434816612870125
train:5273,0.40881178407385677,3.5145431807279937
train:5274,-8.677685954030695,-15.773705063307887
train:5275,-1.6929775268915264,-1.7084803542587421
train:5276,-0.6624915426116056,0.07471407551579595
train:5277,-0.09276196616466809,0.10629939284238446
train:5278,4.776607391643169,11.311657197465776
train:5279,-1.3405368957690693,-2.3018687205268957
train:5280,9.362019129510115,0.41144872553350403
train:5281,0.0415964558884543,-0.3050136208398367
train:5282,-3.6735174333462193,-7.813059530703233
train:5283,-1.1527327211796905,0.16857889674585771
train:5284,-2.397514169795269,0.2416073220400584
train:5285,11.874053067451543,1.1017341685484014
train:5286,-1.3257004810433375,-0.12282884741262928
train:5287,-2.5354637229728976,0.04359839757574788
train:5288,-10.164002556032695,-16.544575603392605
train:5289,7.080759504326564,2.9896769414179696
train:5290,0.0682049045878194,0.01441712888897892
train:5291,-0.19515447445537787,-0.2745919877404688
train:5292,10.739272834017425,1.2382323168839573
train:5293,-3.358394253364096,-9.882961744250604
train:5294,10.072712777594246,16.15214190483571
train:5295,0.38009226586565903,-0.2066730306870453
train:5296,-0.8689532804799501,-0.19483061418762032
train:5297,0.3170501722553916,0.06463066680374747
train:5298,11.249078860376173,9.359967725592224
train:5299,-2.348910406174305,-6.130011776936165
train:5300,0.08846433760034952,-0.277057737180616
train:5301,-0.4881680862908191,-0.14410713520748458
train:5302,-4.332906617974159,-4.22580781163804
train:5303,1.6062818206551426,-0.16938035366494358
train:5304,-1.5624066631759215,-1.1771888147268486
train:5305,7.692301344447314,0.241758685159475
train:5306,-0.9926787139366656,0.06489437531104394
train:5307,0.12400697007637262,0.5227893533285157
train:5308,1.5139935746933908,0.16930910610187447
train:5309,2.151132437710177,-0.3580183175023766
train:5310,0.7683079877043894,-0.1417897530097438
train:5311,-4.543488213234459,-3.013601789718126
train:5312,-1.7218088575132846,-0.19153329488594695
train:5313,-3.251956739234792,-0.8055858654922843
train:5314,-6.746453578519323,-1.1779366426929012
train:5315,-9.337482405495551,-0.11808052501238281
train:5316,19.94504780092238,4.906528072844765
train:5317,0.35506313845055415,-0.03455775654291077
train:5318,0.23599767910701525,0.6346812938237965
train:5319,15.24245758347713,5.502311000808873
train:5320,4.449535393195703,1.194466120286204
train:5321,-1.3554579252942527,0.027748068280008614
train:5322,0.010126026865135085,0.016400328139280163
train:5323,4.8113896532153335,1.3263531859207391
train:5324,4.26671582065201,10.028863748041271
train:5325,-2.2425830772508792,-4.160235767570028
train:5326,0.9259202535918254,-0.25522778003346674
train:5327,-2.6666831451788005,0.05466302733901903
train:5328,8.912504402175633,9.036815882625612
train:5329,2.402990712858753,-0.1636609391309849
train:5330,-0.36696528965729935,-0.0021002823543493504
train:5331,-1.5398049809346297,-0.014296782984209722
train:5332,-1.7608820657422282,-0.07904831340347049
train:5333,-0.2215571976121215,0.1952290773414966
train:5334,-1.4809774714492194,0.23552069858114372
train:5335,-3.086925801068009,0.0340876293550643
train:5336,-2.415957406576724,0.0057101116718702855
train:5337,-1.734408094134848,-4.95732964710685
train:5338,-5.947027365716307,-2.4091747579541223
train:5339,17.195308575331776,5.078498260945123
train:5340,11.083702489264377,2.981310740875966
train:5341,-3.0248994337385153,-5.309428509710202
train:5342,-15.717815796290004,-6.752529911338676
train:5343,0.6997602369029148,-0.11341294863059984
train:5344,0.6524649807163195,-0.07816217578211693
train:5345,-1.4696249083701178,0.03954968378777182
train:5346,0.6463257585913104,-0.23452470062455644
train:5347,0.19085475376689703,0.03310219980994645
train:5348,0.37931050880369743,-0.11103286700686135
train:5349,4.280181196676746,-0.08151827133751288
train:5350,0.4108319624107516,-0.1240224904099512
train:5351,-11.40378138708897,-13.32516622327981
train:5352,-2.1137384484273727,-6.702588356258184
train:5353,-4.638655222043471,-9.713537766287237
train:5354,32.253198354378696,13.029974697969056
train:5355,9.494671889225401,3.904679409781679
train:5356,-1.7154336902744212,1.938573777735382
train:5357,2.153532801499001,3.610007800281465
train:5358,-1.8912759125078824,-0.08279052044114821
train:5359,-16.34480030222706,-5.883339823570639
train:5360,1.2173643073890972,0.09949432954427855
train:5361,-0.508118814760297,-1.2026564798683461
train:5362,0.5704867226261465,-0.17541347932010598
train:5363,8.69670876858652,4.206786500699415
train:5364,7.752728399083886,4.609013518722747
train:5365,-2.897824741956274,0.006961389636434695
train:5366,-0.8671540537004131,-2.6857815144048707
train:5367,-0.15748798726730834,-0.021781054398755176
train:5368,15.412193011510096,4.484072893249034
train:5369,-4.525343917749966,-0.26177790846409155
train:5370,2.652573221835279,0.2336004840784602
train:5371,-4.8306829303999566,-3.419971107020797
train:5372,-0.656201455088674,0.06818712946679713
train:5373,4.0628257682955535,0.3426272961959813
train:5374,3.7638430937669667,0.06041953368357936
train:5375,-15.985040490952084,-13.476438039777989
train:5376,20.393842837545048,10.132890869411316
train:5377,0.05322180871248948,-0.41196621611027257
train:5378,-4.9818719101927975,-2.2100991586133953
train:5379,-0.14879370039458856,-0.02917302426922662
train:5380,-2.7823785411843116,-0.3403872959761399
train:5381,-2.038210906504144,0.32072836254719406
train:5382,0.29563414326849635,0.024506529355047657
train:5383,-8.326956680472959,-1.5123126102083717
train:5384,-0.19929525308895557,-0.6075772976799989
train:5385,8.727165447224108,4.6880367652446235
train:5386,6.410587511766376,6.801642832615775
train:5387,-15.761661139733047,-5.01665657155603
train:5388,10.500960365444712,1.4148024601421554
train:5389,-2.7587403276497438,-0.6277245705731249
train:5390,-4.007499950359846,-8.112894320239192
train:5391,-15.09831923518789,-3.257566040909735
train:5392,-1.710787082510059,-0.750200445232361
train:5393,0.6911485889346041,1.1797398155125036
train:5394,0.5676209774403415,-0.29913963331823623
train:5395,2.5035075156088835,4.529573131992413
train:5396,-9.567970329701442,-2.1432152057365665
train:5397,-6.605269601386852,-4.323145852948513
train:5398,0.37754243142835403,0.13588824346334116
train:5399,6.750138333466957,12.79136136843916
train:5400,1.7224539885114067,-0.09787847036821432
train:5401,-2.729784864327692,-0.18469599024477962
train:5402,4.291543755460178,-0.09185048050221217
train:5403,1.613529403669665,0.30079686412920226
train:5404,-2.975265415196762,-3.9101559327750732
train:5405,1.6485815492587603,0.08185332176134141
train:5406,4.206287836182477,8.658522783375401
train:5407,-2.7304659669716256,-0.002312276318018572
train:5408,-5.2064135526130855,-0.3309206099457483
train:5409,-0.706010979601816,0.2413241403321961
train:5410,0.5845248757548591,-0.051003980042045954
train:5411,0.32293264425404433,0.02421521598101499
train:5412,-3.0162849962713216,-0.19318673367391886
train:5413,-12.209188750413622,-5.22107809943012
train:5414,1.4055122877158062,-0.06186888467130841
train:5415,8.223157859210163,14.415248825583136
train:5416,-8.59546547445418,-4.107494066110735
train:5417,-4.187825710902134,0.09084052480930223
train:5418,1.984938162280062,0.09652427414075938
train:5419,-1.3167250359290348,0.16996106600360283
train:5420,-0.05303043619933545,-0.12172764862019142
train:5421,-0.8294690860822438,0.14770334041764993
train:5422,-2.128333571499725,-9.128482360592356
train:5423,13.713718282462418,4.788271962284702
train:5424,4.448739456181086,1.6393547122554102
train:5425,0.9713670018519508,0.3716228205081222
train:5426,-7.0722893640451385,-2.6121451400688285
train:5427,7.606864572658698,6.058328083948611
train:5428,0.13718502771615934,0.06050249094459796
train:5429,6.610073875219531,3.862827293271779
train:5430,-16.185767251575214,-9.55195785030125
train:5431,2.1437537482481535,0.1506088418046413
train:5432,0.639435696350293,-0.296833521324486
train:5433,-0.2556986880450362,-0.18512782451666837
train:5434,25.484178048892524,10.052463269875737
train:5435,7.005081329463653,2.4999634669799544
train:5436,-13.037123176884448,-3.186761768973936
train:5437,15.127465141190136,13.33314603852944
train:5438,0.21247302142281,-0.22338417531036198
train:5439,3.140128345437272,6.422650124753294
train:5440,-0.2649514558399572,-0.04283122755841057
train:5441,-12.71452692939476,-11.449921831769704
train:5442,1.1518708254062706,-0.19348625004452685
train:5443,7.879650598260524,5.652582479707287
train:5444,-20.445501275519714,-14.12015442926094
train:5445,-0.6199721409709517,0.20871287779044795
train:5446,0.7378366641976657,0.001627872593542773
train:5447,0.3616345004441885,-0.05261119672757583
train:5448,-0.9446358720494256,0.14019510198702345
train:5449,-4.666432122087453,-1.7325369613284682
train:5450,-0.030909245140641084,0.005044456332381347
train:5451,9.178815071037048,2.9294278574929096
train:5452,-1.9875931246896519,-0.048753648425008095
train:5453,-4.93965563409743,-0.31125923977150327
train:5454,4.801273535516123,4.092318890609878
train:5455,2.805172293313478,0.558256685286588
train:5456,0.34003901369582007,0.08918102293690507
train:5457,-0.6632556328473082,0.145474479252518
train:5458,-0.6304806481797045,-0.031158363431677952
train:5459,0.39115262893676594,-0.13442874053504372
train:5460,-0.7286282365452045,-2.2570208696676755
train:5461,0.21674107094292472,-0.18861923385035523
train:5462,6.9379394860992125,1.2798996876448991
train:5463,3.352925267727157,7.014831723229605
train:5464,-10.00352082562761,-2.1805411227274
train:5465,-2.783744465804022,0.02940022312069046
train:5466,6.164763387618216,1.0797773859411566
train:5467,-6.2859231200958625,-0.2735211757005622
train:5468,-4.498452218684856,-1.9763168947535492
train:5469,-1.6161614689425905,-0.12285652360977051
train:5470,1.7915710295432543,0.31822059949849996
train:5471,-0.07084626819035494,-2.6671705557747014
train:5472,0.16610492492745282,-0.3788884527198042
train:5473,6.979789872924426,0.4887009807599634
train:5474,-3.7687602235415523,-0.2970572134745757
train:5475,3.7622368073268375,-0.08871693581042592
train:5476,-3.2199625817961888,-0.3133485073340441
train:5477,-10.512853567009207,-6.092948498496553
train:5478,-0.661012178370653,0.32082522923718826
train:5479,2.94933963950132,0.22635031905313494
train:5480,5.212615365386149,0.3875232237481736
train:5481,0.4614833344409599,0.08574025819077044
train:5482,4.221640773118044,5.010772038646017
train:5483,-0.0753277143750194,-0.015057379092757797
train:5484,3.2812304972691746,1.365492036485131
train:5485,0.4081762432450126,3.911785630049708
train:5486,0.2352049965077619,0.011203979465209193
train:5487,-0.07069656508363378,0.34527508082969643
train:5488,-0.8507222780718438,1.1390491006568642
train:5489,-0.2689481103645798,-0.8020763382357268
train:5490,-0.5672027256847032,0.37567602811161344
train:5491,-0.08345875493161281,0.12335114014959096
train:5492,7.019851261132674,0.3716897284280151
train:5493,-0.08437487285643905,-1.8785892467709493
train:5494,-1.2073041527443586,-4.141568885902337
train:5495,1.884513877909551,-0.41797637337502397
train:5496,-0.3318866438288157,0.16036270404557545
train:5497,0.20455932932085058,0.061662822642783416
train:5498,0.3838541375676289,0.41791482674703523
train:5499,0.0320757799716449,-0.023815326219038646
train:5500,1.3590118062526262,-1.9076854896149547
train:5501,-3.474439731479424,-0.03865625895357899
train:5502,43.77479204812873,18.900168012666565
train:5503,-0.3751726927458149,0.07943636231821631
train:5504,0.9022188114159099,0.1892627169454172
train:5505,0.5182600973308824,-0.20965221638240483
train:5506,0.1082744288344759,0.20149873461964926
train:5507,-2.7124630060972046,0.024847916673392506
train:5508,2.688941778438911,0.1949093744662727
train:5509,4.1156839826295775,1.2313201153175366
train:5510,-2.109055809635772,0.15806244114503543
train:5511,0.012592757481550615,-0.1675471622563639
train:5512,-16.391503952192217,-5.164381269674214
train:5513,-1.6342020880519321,-1.109704117179084
train:5514,-0.8837457605982749,0.08291022437227237
train:5515,34.57605498690559,19.154227513417453
train:5516,-28.417520869289763,-19.277091627959592
train:5517,10.877635697946218,4.165147234118045
train:5518,-0.1581122538715004,-3.1652114270143987
train:5519,-0.27332762361089447,-0.26852833267196513
train:5520,-0.3822752218184211,-0.05755353782943076
train:5521,0.8178983040969754,-0.26138516325414446
train:5522,-0.283980719845083,-0.027013424927352717
train:5523,1.0183321673373906,-0.3253076203760542
train:5524,-14.645485004182637,-5.207824910180543
train:5525,-6.218376799393386,-6.837972894310831
train:5526,-9.024508069486302,-2.7884128424098136
train:5527,0.7650103351081993,1.7359962834914326
train:5528,-0.13726656117705915,-4.154881992692116
train:5529,14.196122131460466,5.988057934085475
train:5530,-2.7906029137243653,0.029092432423102083
train:5531,-2.95593325810459,-10.81075803405567
train:5532,-8.889781782267985,-13.881179311916869
train:5533,1.0034343836362325,0.11328535004757825
train:5534,-0.7011493479652222,-4.126914196855259
train:5535,4.268934867013439,6.474021711793288
train:5536,-4.362639886568089,0.04823901106443968
train:5537,-19.036692759647874,-13.190932672642292
train:5538,-3.5743465638071377,0.07584680234724522
train:5539,-5.91228927120979,-1.7419452990875672
train:5540,-5.786483801419315,-4.909472081138929
train:5541,-1.2160050646769256,-0.048646224835073415
train:5542,-3.4197562550429548,-1.2242469095154949
train:5543,3.4146178250236514,0.2737080728731993
train:5544,-0.24329157815903946,0.03474443972433286
train:5545,-4.417182028394485,-5.369727239597144
train:5546,-1.0368181170536235,0.24435247267660276
train:5547,-0.07125121044487087,-0.039321129658612924
train:5548,-0.2288511560455737,-0.07022823749443194
train:5549,3.1466320620829937,0.05772467098256217
train:5550,-0.5193716532543311,0.12002821323252147
train:5551,-6.892681899465224,-0.26392338438577484
train:5552,-6.553847978977575,-0.3383630104125569
train:5553,-1.7361840750903599,-0.035657528727248616
train:5554,2.5297646036781103,0.04831162541673284
train:5555,4.066614837611633,3.308758956796725
train:5556,-10.593980563023585,-2.82122254613828
train:5557,-1.411228841378612,0.7775309154120433
train:5558,-0.4025007159278746,-0.2782207081037866
train:5559,-5.514025077019762,0.14502695229152857
train:5560,0.22652523827505777,-0.03927005708863071
train:5561,6.023193529806931,2.188872596873696
train:5562,0.07212810230852289,-0.1400254667723971
train:5563,0.7953426485872532,-0.21129659620894137
train:5564,1.098149261167957,-0.26812431725802754
train:5565,-0.2531409500275627,0.11478942296747366
train:5566,-1.6228783497946218,0.008204821256448766
train:5567,-0.05130117935011386,5.529742962643345
train:5568,0.02039940256387479,-0.10646679379139778
train:5569,-5.053868411446625,0.10537744735771937
train:5570,-1.149998314899627,-5.555641095267508
train:5571,0.23462547811481804,-0.03111834707447121
train:5572,-0.08443763658130662,-0.057635567795184334
train:5573,-2.781528208941476,0.052162326000420284
train:5574,6.950718180482249,0.11695915122685802
train:5575,0.5695989646066308,2.475656204867047
train:5576,6.878299535064127,0.33025032964146306
train:5577,-22.057312783103214,-6.220317210956572
train:5578,2.49269169860652,0.042283278898705694
train:5579,3.5785092528967275,0.5599125493083301
train:5580,-4.446468512250654,0.07253578760781124
train:5581,-0.06156118870003918,-0.06387897548429583
train:5582,0.5011555875550286,-0.15743950120661435
train:5583,-15.526582630198694,-4.460343895217958
train:5584,-4.918556794379356,-0.4500240543868425
train:5585,-16.798330048287145,-3.2902621866334365
train:5586,-1.5077166779087254,0.268641830857854
train:5587,0.2889645676683563,0.050174775595413855
train:5588,-2.9979886730977046,-4.991225284921084
train:5589,-0.10842221289384701,-0.0063755415086152595
train:5590,1.1613941745928429,0.229961634797632
train:5591,-1.619571863785302,-0.25394953917581115
train:5592,-0.19995113401382164,-0.30150580551299916
train:5593,0.28148789705806737,-0.036067963877636444
train:5594,-7.010746509855365,-0.590447015596884
train:5595,6.091462795636585,8.349307189616676
train:5596,2.843112267621202,-0.14755752955829463
train:5597,0.7408927926822357,-0.07300106432811751
train:5598,-0.5496604970424582,0.029378823999189535
train:5599,0.27472289735030453,3.4112909928779036
train:5600,-2.409179389207507,0.06170262500877515
train:5601,-2.1007086991448656,-0.0023495821198351863
train:5602,-1.0643286199542796,0.2571049938134623
train:5603,2.371993336354343,-0.2622084587886903
train:5604,0.7569377577990288,-1.8123211606109177
train:5605,3.474750587528067,0.22792650701248848
train:5606,-0.5372702403788796,-0.016020125569084664
train:5607,-8.39768349481854,-6.764093996597778
train:5608,0.46791801098932706,0.1942329482356283
train:5609,-1.4850254992449372,-9.941785932005322
train:5610,-4.612825392219824,-0.043989062692420894
train:5611,-4.294337146751838,-0.3331797865330065
train:5612,-1.5031539875690934,0.0008837538085504082
train:5613,-7.967465590923712,-5.026764375266589
train:5614,0.435666522278767,-0.10726583698824252
train:5615,0.543581540983102,-0.2012349432704188
train:5616,0.5166654338027656,-0.10374425489323938
train:5617,3.193509590811859,-0.08820706607546375
train:5618,5.420310759135503,4.4175182015217
train:5619,3.127358484467365,0.22937986401442667
train:5620,-8.624571105799435,-12.5030439312355
train:5621,3.301324187556406,5.887410161982858
train:5622,-0.24028996113180806,-0.026388142597095515
train:5623,-2.9831954956046594,-0.20047142261526563
train:5624,-21.98589417303465,-4.636660102234346
train:5625,2.031943310582825,2.4637274785775687
train:5626,17.27689769832777,6.938416316314642
train:5627,1.081472707012404,0.32977491249211743
train:5628,1.902786025426182,2.169898709142871
train:5629,-1.9724986813172425,0.19022817397713415
train:5630,-6.336523700000576,-2.1788948169799283
train:5631,0.640175146012529,-0.16170769865078494
train:5632,-8.911677488833636,-16.29026730218907
train:5633,-1.9489213718416205,-1.6240274373080297
train:5634,0.8189704015010095,-0.24911990011386115
train:5635,2.0648938012218174,0.24570268591290648
train:5636,-11.681159857685177,-19.453356477084377
train:5637,-0.5674912063608537,-1.9862828936189625
train:5638,9.675989316620596,16.48016133463973
train:5639,-6.850380078737444,-3.3673960333875907
train:5640,-0.47372336369990875,-0.11912009433489801
train:5641,-8.470229992268798,-16.67343940114149
train:5642,0.25135328931234624,0.3676104852266977
train:5643,-0.4210614603497761,0.26645797917827907
train:5644,-2.849754702454925,-8.049756640233126
train:5645,1.237173003873782,-0.23030265395242283
train:5646,0.052677740201183765,0.03716596431337816
train:5647,-1.604792168870191,-8.26483150675524
train:5648,5.2311994718611965,7.505420564397818
train:5649,9.288458184299403,0.45348187861130185
train:5650,9.481386435878619,2.329895090137789
train:5651,-3.7020498226710155,-0.534617278244196
train:5652,0.5327541010687258,-0.11481430576729076
train:5653,-5.18079851420343,-0.16631571414439034
train:5654,17.90705665399368,8.261987361028078
train:5655,-22.813551509283098,-9.92333589476884
train:5656,-6.161689997842441,-0.21374558300391283
train:5657,-32.37584581959394,-15.674155208799077
train:5658,-1.7601295984185383,0.1298939215485005
train:5659,9.382366664195699,3.2174777228358757
train:5660,-3.3065118987226425,-6.38906782989671
train:5661,6.534284585317781,0.9343416805195224
train:5662,-1.0186524354110276,0.25635773649064986
train:5663,3.308676144320801,0.33811636138358514
train:5664,-26.691644892714347,-7.970565053955443
train:5665,3.666747146480359,0.19058125948189952
train:5666,-2.431230377877646,0.008402406478307367
train:5667,-1.0856654969103698,0.3114195307030742
train:5668,-1.743720138781033,-0.18113446312297476
train:5669,-9.533370315389634,-2.912354842213483
train:5670,4.857867818687449,0.5622695912112525
train:5671,18.795898858741914,13.9204737456061
train:5672,3.159170859562092,5.351354750022428
train:5673,14.392877575507162,2.741165804889843
train:5674,-1.1944952387900893,-0.06921662969067793
train:5675,-1.8689310966220676,-3.7430733040255273
train:5676,0.27214935217249403,-0.20803993523811976
train:5677,16.956685542550087,9.648055824032273
train:5678,-0.26365038706927657,-0.047215479571521196
train:5679,-15.040305097085117,-9.873517598628194
train:5680,-2.2755233397273007,-1.3611758934972693
train:5681,7.208645940283759,2.2350958406021864
train:5682,2.3043335760306243,-0.016220564007143376
train:5683,5.149864658180036,0.6420211211682105
train:5684,2.607396357592084,-0.12744007277445982
train:5685,-0.1928868443217367,-0.020663663604381585
train:5686,-0.3930598894165912,0.06558870547334414
train:5687,0.28002794308017565,-0.033806362056608114
train:5688,1.3486406818638614,0.12110558766968832
train:5689,-15.055784956219862,-4.573349517326553
train:5690,6.4189639119955535,0.16774497298096647
train:5691,1.2269213630205056,3.3289038044560813
train:5692,2.169055432949952,-0.13903368882123396
train:5693,1.40507945047246,-0.355197913288554
train:5694,6.667245584659639,1.6021897166582642
train:5695,-19.66388182883635,-9.744514563928744
train:5696,-5.015672733074625,-1.343161399713736
train:5697,0.441300263960352,0.09065649236439423
train:5698,1.221817509897571,0.30953576603734734
train:5699,-12.807773368222824,-9.430950668681028
train:5700,0.6044284152015662,-0.08312477471899274
train:5701,-8.233031463583366,-3.2415030043462765
train:5702,2.0640492804349884,2.606177293245773
train:5703,-6.354017577328849,-1.211463930295699
train:5704,0.45890606993130534,-0.16771828389796634
train:5705,-0.5528879472500927,0.28311847921404354
train:5706,2.3203876070187874,0.5674839864777893
train:5707,3.3202848763806583,0.08735624851611572
train:5708,6.0676135100198705,3.9468904608895548
train:5709,1.2220706569212036,1.4542553071493711
train:5710,0.7745718074461726,1.2285582020358166
train:5711,-3.4212895495956457,-9.044604652027587
train:5712,6.65633167027989,0.3037604997962712
train:5713,-9.797027240980352,-7.102099112458997
train:5714,1.2979347983763145,0.1524051553938344
train:5715,-0.3949056078441783,-2.580542917436254
train:5716,-0.020897617420423148,-0.10307631698079034
train:5717,-8.164530669346421,-4.762594788232183
train:5718,-2.152390209866743,0.07995429238894383
train:5719,-5.014572275765281,-0.3075539105532122
train:5720,-0.08335159168285744,-0.061567299718955304
train:5721,-0.7223369867310716,-1.8676176318558022
train:5722,-0.06999151924095476,0.15104260199746514
train:5723,-1.4916173175637137,-0.4719803376812523
train:5724,6.498565981953889,2.6583677533352024
train:5725,-1.6170494594203464,1.3132914474781912
train:5726,1.0079415164564447,-0.3460388039645357
train:5727,-2.4328148132431915,-8.280690253038768
train:5728,2.039432417708967,4.624079641545882
train:5729,-0.8575040147729046,-0.013377904706959765
train:5730,-0.758826421619634,0.2427732175098341
train:5731,-0.3357900825990979,-2.185720566095485
train:5732,-0.4142328833133049,-0.32882549328999716
train:5733,-0.09334125209937172,-0.245092442786576
train:5734,5.125604386394559,3.6951483423364073
train:5735,0.3386758785749926,0.08718384292722321
train:5736,2.657923945609359,0.334479509354097
train:5737,-33.04405354002401,-12.035475979656367
train:5738,-4.6555163480417825,-0.3703186752019215
train:5739,0.22878054812196572,-0.09314156083276834
train:5740,-2.517573736803238,0.10453196806721761
train:5741,-0.28528690269704915,0.0026155133812157116
train:5742,-0.003598888784840354,-0.051907022969385236
train:5743,-0.6165317590152479,0.029695744988618322
train:5744,-0.2526549960763195,0.21752025688739596
train:5745,7.20901880330112,12.759309478933446
train:5746,0.005209651312962416,0.0236659005320861
train:5747,-0.6597269167603093,0.22420498579226164
train:5748,-11.471376524021897,-0.4950162066553841
train:5749,-12.02993555219185,-2.889606149449894
train:5750,-9.653849701979494,-9.966483371433595
train:5751,6.7106757576855935,0.8406392072912476
train:5752,13.535923992156455,4.332960856858063
train:5753,-2.1306683820647985,-1.3000200574638099
train:5754,0.03708455767431705,0.04700328312816594
train:5755,-0.4960247098947971,0.27418470263943007
train:5756,-13.220692659711188,-1.8782771049186557
train:5757,4.3206479920559895,10.155790782633511
train:5758,-0.09809083886416484,0.028787637602523827
train:5759,-6.587634389448507,-5.248272673676742
train:5760,0.5820219978820848,0.14283054646067303
train:5761,-14.495826529443603,-8.076343479429122
train:5762,16.1928816953995,6.103249690446605
train:5763,0.1150491917883292,0.40038038658917274
train:5764,8.291551722656592,3.178732758767911
train:5765,0.4412559806655843,-3.7227053348593215
train:5766,15.52661732585792,2.710620984181035
train:5767,-3.587927239119038,-0.4230861982678262
train:5768,-3.379690217669902,-7.269664505389604
train:5769,-0.4262356320903863,0.16044109616067384
train:5770,0.2593672871449736,-0.011569821600941138
train:5771,-0.09023979425795287,-2.216792233175646
train:5772,-1.4188392917061652,0.052459203146043194
train:5773,1.6414109099217606,-0.3671720057156147
train:5774,0.026210626111890817,0.22338104828407082
train:5775,-0.24676555033045933,-0.15003939966997257
train:5776,-5.369416990008406,-4.4415737271238225
train:5777,2.032515390312081,-0.19251465859797962
train:5778,12.164645394256537,5.077086489569301
train:5779,0.3838427471138566,-0.30195746963747877
train:5780,-4.383732217455435,0.20441443625455605
train:5781,-3.054726150545025,0.1663615911063363
train:5782,4.76522019228627,3.0192476741160554
train:5783,-2.3645450824970564,-11.170074963002095
train:5784,-0.5365414837956951,0.17653009699155348
train:5785,-2.3915009400364755,-0.18274959748345998
train:5786,1.374167153683982,0.12698164377303384
train:5787,-3.0072707306308972,-1.151581484652355
train:5788,1.3621960192275742,0.014610291625727315
train:5789,-1.438237234480328,-6.522342699890986
train:5790,3.0720878185160236,0.08175987893078734
train:5791,-9.883406863391423,-6.154281804577661
train:5792,-0.3130900705221804,-0.3020627533152634
train:5793,-15.201954697689219,-3.915287156789376
train:5794,-8.242910938794001,-1.1739233087858065
train:5795,-0.5714202155375635,0.24172301995697343
train:5796,-1.3824286601610476,-1.4632358649581376
train:5797,-0.30246812369218545,0.014401150878258218
train:5798,-8.783583700126137,-13.808381212500423
train:5799,28.251658487379032,12.235584526103473
train:5800,7.160033808166146,14.152673045118117
train:5801,-0.4343282008082183,-2.5333609930645227
train:5802,-0.6736132746581386,0.14329932988235342
train:5803,-0.11401608798722901,-0.32620053438588303
train:5804,3.1401785564171663,0.7148593082722681
train:5805,-1.4077584723099164,-0.355130506055826
train:5806,0.3250469681782405,0.32121176870190005
train:5807,2.7437777474809844,7.132369393950476
train:5808,-0.06915013664036898,-0.24407042074369156
train:5809,19.83085315531593,4.739638892153587
train:5810,6.660252775876431,0.18083453028146568
train:5811,18.676041530402966,3.685160944349493
train:5812,0.00024201871881454617,-0.27004567304719107
train:5813,-2.938029324440516,-8.729198149757831
train:5814,4.349851720778629,0.16531517406494078
train:5815,1.9745974899207699,-0.11657502548438733
train:5816,-1.8641433867058734,-9.159949911420284
train:5817,-2.350790528421449,-9.275959970187609
train:5818,17.66930394486349,12.050220199873252
train:5819,0.4420017067003071,0.16156419338744768
train:5820,-13.430762381926458,-1.8475974697443918
train:5821,-4.25041183767415,-1.6688411922336583
train:5822,-3.4461384056454363,-0.3283317442265657
train:5823,-0.39516224174141446,-0.23109413612633728
train:5824,16.28018929110565,5.197746149456348
train:5825,-10.547307597546139,-16.11922269742403
train:5826,1.061773498358877,0.1011952743819825
train:5827,-3.376012728309143,-10.104904302166416
train:5828,2.0764806822070914,3.672286662211293
train:5829,0.2766815904826532,-0.01778655171858147
train:5830,-4.895624788978669,-5.2161283399661444
train:5831,-5.558664497811499,-0.058890483610403915
train:5832,-9.560659982962052,-15.801722505106625
train:5833,-3.7120706324917236,-8.028570368660725
train:5834,-0.043149450010138174,0.004746009917848362
train:5835,-0.4322492105365402,1.1246058349302162
train:5836,-8.84121474704898,-1.1236713237827414
train:5837,-2.407958983446193,-0.13955682601152672
train:5838,-4.645692662808806,-13.025561402969581
train:5839,18.176198664221342,5.947122270619055
train:5840,-4.087916089075537,-7.97190207106682
train:5841,9.084053934315513,6.478017355759942
train:5842,0.8174222296209428,-0.15851573435730115
train:5843,0.14036726479606515,0.08706265256912295
train:5844,-0.3457383654488477,-0.22935196231454152
train:5845,12.06080629833675,2.1578798212214685
train:5846,4.6068789373574095,3.125770218374728
train:5847,0.8752340128255796,1.0927613742422513
train:5848,-0.958568954053545,-0.3696534478448626
train:5849,0.13271415838142628,-0.14618028209849473
train:5850,-2.3968716552192175,-0.23972682706143267
train:5851,7.343769731092905,13.601234232693098
train:5852,-1.652325694753043,-0.11423667214757566
train:5853,-0.5772653779886561,-0.3058996158003802
train:5854,-0.09162849978520787,0.36410987427076547
train:5855,-7.607298512811818,-0.9245516422517226
train:5856,3.5727047706376784,9.675425585753583
train:5857,0.7641690687367336,-0.31869143999039645
train:5858,13.074108504580892,11.517715330152255
train:5859,-1.437834151891734,-2.902438774631572
train:5860,1.160143084343816,-0.22093682911470558
train:5861,-0.31977092034697263,-0.2858258132244073
train:5862,-0.26169657555997317,0.30229594392074743
train:5863,-2.9244514386274987,-5.124483035618159
train:5864,-5.032886265765156,-1.2920038038887514
train:5865,-0.07575020722667422,0.2501372971919493
train:5866,-4.913973647714582,-3.198670522750014
train:5867,2.0683625430828316,0.0049408845843168375
train:5868,-24.072515583823705,-10.248580857139864
train:5869,1.1843868515942355,2.9544414332761573
train:5870,1.551056948977131,-0.18813768228617928
train:5871,-9.156959055449052,-1.1909301892682662
train:5872,-1.7234565215201783,-0.005256224793306591
train:5873,-1.7478571980827664,-0.1088358192023608
train:5874,2.001816490188152,7.112623425915897
train:5875,-0.388429088812566,0.38661097919858894
train:5876,2.812437078237779,-0.10471805758234173
train:5877,4.928283138991095,2.663094961935568
train:5878,3.4010729482807496,-0.031079258012529518
train:5879,-20.04453870607686,-5.968847289228917
train:5880,-1.8296172941144646,-1.3561495251783209
train:5881,5.031432298853819,4.015610743712783
train:5882,0.06400194337497474,0.0890693908530752
train:5883,2.976186706584302,0.09228710542276514
train:5884,-6.051460159981693,-0.14174617013228694
train:5885,-39.67629913627878,-13.25984355030769
train:5886,-0.2003099333076479,-0.2149196814702639
train:5887,-5.5374856924587785,-0.5487400564611653
train:5888,0.009301381257847324,-0.03212710166202508
train:5889,6.446694320391487,0.1074177109320231
train:5890,2.145453017984383,6.473350635343018
train:5891,-10.5849295689812,-1.1290169669944838
train:5892,-9.065846583266485,-3.8101136131501225
train:5893,0.4993103340439222,-0.19668670265620602
train:5894,-1.0662928920843946,0.13552403041539532
train:5895,1.346336788244741,8.342350477877533
train:5896,0.061352035665242,0.10472648608166106
train:5897,1.3255231747874543,-0.07002280592802299
train:5898,14.582246426511665,2.9916079981422135
train:5899,-0.7118168566103062,0.09632711690133082
train:5900,-0.6022890426351151,-0.1691197123650623
train:5901,-8.284146241115513,-5.656586743141418
train:5902,-0.02208943081818618,0.2079179717570934
train:5903,1.8758752647853711,-0.07956481686609793
train:5904,-1.552079008478083,-0.14834145070927873
train:5905,0.059879180255016415,0.05099750048671963
train:5906,-2.8003117645866573,-2.877458866799486
train:5907,-14.250917825845548,-6.002796567507713
train:5908,-8.30121704444653,-3.151876635781499
train:5909,-1.1878608806133473,0.00729008014268899
train:5910,0.25724134030876494,-0.11048783138223264
train:5911,4.1293925099736155,7.62549360303412
train:5912,-2.4825227535053442,-0.5453749019443339
train:5913,0.3166376751080675,-1.8463764358715486
train:5914,-3.413551479694195,-6.760827634691877
train:5915,3.6863019985666905,0.3772311022710861
train:5916,3.101633725768311,0.28873631925127785
train:5917,-3.10544900348411,0.05693875258023799
train:5918,-0.5884224436877071,-0.35395990277932016
train:5919,0.037505307089170006,0.005040604490511177
train:5920,-2.8816591310127913,0.09267756805975211
train:5921,1.167330693132354,4.927717197633366
train:5922,-2.337035509429361,0.15980839546829634
train:5923,-0.05818112965768041,0.024626578426667878
train:5924,0.15045444144436443,-0.12263197549482074
train:5925,2.6092825237534747,0.7981205794769985
train:5926,-2.3809673273377756,-4.0180046519235635
train:5927,14.859636984936367,3.7982127885605292
train:5928,-35.04432880238859,-12.921376784065291
train:5929,-0.20076345933437617,0.7799600010240189
train:5930,0.12919055637571297,3.2814576722642177
train:5931,-2.118316945927342,-0.10367684766051147
train:5932,-5.98727007135195,-0.2617560813601606
train:5933,-0.9284126114623606,0.025926575057849413
train:5934,-4.31017685124249,-0.015966342443712325
train:5935,-2.4866209922809563,0.14589183345219114
train:5936,-4.221130002982787,0.0637548007607144
train:5937,-1.1798980235935752,-0.14159559164732538
train:5938,2.5366104988534803,7.632176976661291
train:5939,7.375966127200527,1.8504997014442819
train:5940,8.82999660421417,7.98286178531586
train:5941,3.503304363010966,0.13543144354970127
train:5942,1.3318262799718399,0.7096183067646651
train:5943,13.265860517464441,9.275995860892852
train:5944,17.851701838159368,6.598290119530252
train:5945,-23.79106444485831,-17.57211462512161
train:5946,0.5111454804297832,0.05560173546885985
train:5947,-17.67418806556796,-4.045729924383409
train:5948,-1.8287241895554232,-0.03595668844583161
train:5949,11.480146070516765,2.623491750434606
train:5950,1.4622072253051606,0.034590651371146176
train:5951,1.0756886810784974,-0.1100846719331551
train:5952,-4.873829969289286,0.24128234071486426
train:5953,-2.3635357488178896,-7.76078233284132
train:5954,2.6867622499783246,2.4244321291046
train:5955,-9.680252308907118,-5.794863871777751
train:5956,-4.132053400068333,-3.826521318230556
train:5957,5.509624004538532,1.6836350584124258
train:5958,6.948060252963228,0.3287862017483694
train:5959,-2.2688294722410545,-3.3043576453052896
train:5960,-7.606891245974899,-6.720074577062264
train:5961,-5.075911031620114,-0.2211188643082735
train:5962,-4.901599430669581,-0.08840957309526756
train:5963,-4.406516844331804,-7.025119339379649
train:5964,-0.15734467676219405,-0.12122805046354967
train:5965,3.404285056244528,6.2411142440204
train:5966,-0.7278443873590806,0.011638809614108098
train:5967,-0.0957771819989541,0.0470574229055633
train:5968,-10.102947864147447,-13.62021616924816
train:5969,0.030770294494399497,-0.16755443795767422
train:5970,2.0418255752923438,0.8227767899311809
train:5971,2.9785061749055193,0.21953683876723865
train:5972,-0.0199985851762553,0.0485521515424033
train:5973,-10.512537423802467,-10.996888163514004
train:5974,-0.4110327469488998,0.1481120636383177
train:5975,0.3234991449855342,0.8050148057813584
train:5976,-18.747620709734115,-5.483333749037484
train:5977,0.8045038278355157,-0.0323205497203935
train:5978,6.7880866762713294,13.979249999328657
train:5979,3.6168425465469545,9.005847644632706
train:5980,-0.10204658073850337,-0.5414554388502235
train:5981,-0.6719172593372728,0.19240425064256378
train:5982,-5.324550225057705,-7.903663411138173
train:5983,2.1595079081063937,-0.19019699107861882
train:5984,-0.9761609287592036,0.2300495138565958
train:5985,-1.8729433258487869,-2.125625127862802
train:5986,0.5650279057703499,0.14226774956519855
train:5987,-0.03643721832291216,-0.022052537920196985
train:5988,7.0537157775723305,1.8005020806654577
train:5989,-1.9876614674122854,0.0711941340201079
train:5990,5.928260838904092,1.7683474753765396
train:5991,3.454755924451182,0.0642816471320673
train:5992,0.7621710901617826,-0.2394380815819801
train:5993,4.0748396750681675,-0.0978117051091314
train:5994,-0.22513833303229674,0.0882274067524186
train:5995,2.1148173465018023,-0.16147081037576966
train:5996,-8.820813282051656,-6.61855942723481
train:5997,19.279915967927302,11.72477551236822
train:5998,5.2833101004945755,3.5510323920681404
train:5999,0.6630157953247979,0.05271863182903948
train:6000,-0.2812189997217899,0.06293478642479873
train:6001,-16.91684469783041,-4.413587100060045
train:6002,5.148987360781332,7.2234058219613555
train:6003,0.49453192245733807,0.19917828521449335
train:6004,-1.4117686094124733,-0.045751922321667554
train:6005,-1.2077693016830997,1.6937022037921334
train:6006,11.489629436886014,4.202197387763136
train:6007,0.6084074028999298,0.5796697875468992
train:6008,21.748133387247478,9.178322281357245
train:6009,-7.870587224549979,-0.9954146191108391
train:6010,-27.510414885521545,-17.502044200392483
train:6011,5.25783500194555,0.3344589661974561
train:6012,-3.316493190642508,0.40621771028260156
train:6013,-0.40361395844043313,-0.40961430999651033
train:6014,0.22705198864746484,-0.11338341784292855
train:6015,-0.6598233869300132,0.18589941701911591
train:6016,2.3538429969556036,6.577473624777387
train:6017,0.0918445128718284,-0.8339858522530543
train:6018,0.0765399272502324,-0.05259222283984502
train:6019,-3.64184267352972,-0.19579913842675245
train:6020,2.4648269293477223,-0.04122629344584078
train:6021,-1.7215029424691153,-0.2702916202836418
train:6022,3.9210285663253033,-0.1312636678042461
train:6023,1.820692700507085,0.20838304599771362
train:6024,1.879549499730767,3.80374403348609
train:6025,0.9181680037377198,-0.4960353754820684
train:6026,0.04531404429565644,0.11938574027465854
train:6027,0.4628997024988047,-0.1280950285531983
train:6028,0.8613738064797786,-0.04847025272593078
train:6029,1.9710834187029067,-0.23831391439913124
train:6030,-7.276229627381489,-11.279457000536532
train:6031,-2.2731299496856843,-2.5816396937435817
train:6032,-4.200943794315936,-0.03135309543733643
train:6033,-3.1528802477412516,-10.103421771028831
train:6034,-0.5326217729485954,0.033731690634098824
train:6035,-22.39277977843908,-9.278168359526504
train:6036,1.333666419401661,1.5593854819023827
train:6037,8.027956166041301,12.966629874466863
train:6038,-1.4117209554732222,-2.885509501629756
train:6039,-0.9079925498058176,0.017785778595655402
train:6040,10.41418184469337,2.2885713892681516
train:6041,1.446786178105199,0.3074811650516379
train:6042,1.9050785285915297,0.40319094720710497
train:6043,0.8847281885030005,-0.16483460961490592
train:6044,-16.85429297487795,-5.524276830866024
train:6045,0.04901059523211593,-0.029650367339507377
train:6046,-6.22287626109167,-5.122767682038645
train:6047,-2.5515605262772665,-2.5384862253248053
train:6048,13.973661455206898,5.39071829136258
train:6049,3.5176647032606656,-0.2019269908597589
train:6050,4.123365332720407,5.119790576436558
train:6051,0.04264286665694081,0.015313110106222882
train:6052,0.3766444452462673,-0.07284577803642575
train:6053,0.6528580676005827,0.30608330310479215
train:6054,19.35416127019731,7.861713084172112
train:6055,-1.6506101529399961,0.2735654833935981
train:6056,0.32730657850259304,-0.030117367501062683
train:6057,3.120653691443827,0.14174825022556098
train:6058,-16.15243645925517,-5.035336007375003
train:6059,0.021373635048763592,-0.09087525120500978
train:6060,-9.420603893211275,-5.484339793069648
train:6061,2.07440808453702,-0.23453625615016693
train:6062,-0.07828574548220385,0.0767961387074315
train:6063,-12.284063549598228,-2.450358080586713
train:6064,4.4563692005425795,-0.017123749595292656
train:6065,0.02299084702618459,0.12451332643830651
train:6066,-9.623483217139125,-1.2674226330206324
train:6067,-7.14101982702345,-5.971929904011531
train:6068,-10.246871129183027,-8.4667861439027
train:6069,-2.243466883480311,-8.214711910983858
train:6070,3.7325686270401786,0.33733458014475115
train:6071,4.23336829133867,0.2504303224957021
train:6072,-3.511439179747095,-0.4516058061177863
train:6073,0.44536456383288736,-0.22077355381765346
train:6074,0.2220155484142029,0.0007640613889552117
train:6075,2.1609882021803073,-0.07287516616328704
train:6076,5.7378510398997475,9.281652647331219
train:6077,-5.274737213670959,0.34963693509563615
train:6078,-6.89580892771307,-3.860920263382492
train:6079,4.186383366902809,6.835270268107196
train:6080,-0.88767965139803,-0.011102464787360822
train:6081,1.6215166688046638,0.19022089827582384
train:6082,-0.2916705546616814,0.10451855795107702
train:6083,-0.5601401794294201,-2.1762953943608054
train:6084,1.1677760831206734,0.018307917160278103
train:6085,23.95904928926538,12.35214411431094
train:6086,5.830149978940551,0.1423442157593619
train:6087,7.1082025943375475,4.455713636149521
train:6088,0.8058202388500528,-0.11806426168004211
train:6089,0.8869316601623326,-0.12528646518660616
train:6090,0.2677568212647253,-0.008437275534824915
train:6091,-2.1356229969974923,-0.011828608310292393
train:6092,3.7092084335609505,5.8116144736265625
train:6093,0.1711410164733544,-0.1502040302447197
train:6094,-3.7137266649952663,-2.488970655422992
train:6095,0.18950254418336132,2.8663198509353256
train:6096,3.0910438581754707,9.34263843167915
train:6097,1.7695107425435053,5.172060926579591
train:6098,-1.5671464866946239,-2.593116185265341
train:6099,2.338492384602438,-0.06861831025351192
train:6100,1.2807426518438865,3.8751012587214726
train:6101,-8.383688578922515,-2.51443903386854
train:6102,-0.9206652432313002,-5.852377292010132
train:6103,-0.21354657042397773,-0.015169011176587657
train:6104,3.6953976245912026,0.13110825036327328
train:6105,-17.500740744354676,-12.236018274784767
train:6106,-22.789186166373028,-9.537274058448931
train:6107,1.6564653704768473,-0.0999938448589863
train:6108,0.09137192526939966,0.04146404919724506
train:6109,-5.567444910462231,-2.420181895410961
train:6110,-4.745044849775283,-8.649663036249654
train:6111,-3.0615878528807317,-9.691922941641577
train:6112,-16.965822719218178,-22.922225973433463
train:6113,3.844201582839076,0.1188882106997619
train:6114,-2.0999783153539995,-5.981974936965687
train:6115,1.7343972279789845,5.08556453618635
train:6116,0.06758889025115623,0.6200366623638245
train:6117,5.659388480235119,0.7960027797524565
train:6118,0.6064057049931348,0.01833095688109411
train:6119,-8.560507474452386,-10.432396457616656
train:6120,3.392018234906522,0.3977535730945285
train:6121,-1.492721261746662,-0.04435998079843703
train:6122,0.21215559969574826,-0.1102108554196056
train:6123,6.844487554186768,1.068289196232977
train:6124,0.41081975835313844,-0.20570022662361298
train:6125,-0.43356829482084025,-0.08840893112162251
train:6126,2.171404655925921,0.35490810936455536
train:6127,2.055894296679649,2.753543627409221
train:6128,-2.116930100066009,-7.003318485037742
train:6129,1.2075436441132448,-0.17605502498270387
train:6130,-0.0368092677364327,0.1727636376161747
train:6131,-1.7374570164139702,-0.15572400496628977
train:6132,-1.0297425531368862,0.24010595967555312
train:6133,7.186686075243799,0.3752733679753709
train:6134,-4.154752947228769,-11.46086791039986
train:6135,5.762289839613737,6.700350804295169
train:6136,0.5389288893044932,-0.10170620256149077
train:6137,5.120028178127436,0.567386406483745
train:6138,-1.17000994742805,-1.1398920005412567
train:6139,0.3115247561137633,-0.06773124533689334
train:6140,1.3680451334687511,-0.04973444149380074
train:6141,-0.6608045931621095,0.11415686493590615
train:6142,-3.6207707989675155,-2.630647391161773
train:6143,0.5421666839038188,0.0069183060718128325
train:6144,1.0418918099867536,0.14195204119265484
train:6145,3.0503473940548593,10.488151666207644
train:6146,-6.296462776708809,-2.406114398257869
train:6147,-3.3011528064519133,-7.377813953525586
train:6148,-0.3820331165612004,0.00044114864550616473
train:6149,0.899781486766886,-0.3504725592787185
train:6150,-0.4546259894303897,0.40414812991184157
train:6151,7.501636306295175,1.1063697889087432
train:6152,-6.158497416370843,-2.7954100698189976
train:6153,1.198551229547404,2.241060774390166
train:6154,-0.9231599850656659,0.2924456429722491
train:6155,-1.3269248385947354,-0.6263289198688342
train:6156,-5.018384125988904,-0.047752098208359545
train:6157,-8.598043901255036,-7.187469623739669
train:6158,-1.226361776654795,0.05225591149178436
train:6159,-9.842851268964402,-12.645460505934972
train:6160,15.096410579958624,10.766611871901993
train:6161,1.7545070741139135,-0.051735829997377775
train:6162,1.3385680338555779,1.2194774134964916
train:6163,0.15358065608836993,-0.04891057531601492
train:6164,0.37728393786519576,-0.2149540627254754
train:6165,15.354934827604616,6.675645946504775
train:6166,-0.0915259857012575,-0.015878106732723482
train:6167,2.14117718111322,1.310251202956149
train:6168,0.0884804934480469,-0.11186308159069244
train:6169,9.378794245959533,9.524939544996919
train:6170,2.1801125416056952,0.5434571955173545
train:6171,-3.5468416399042475,-7.390173515461284
train:6172,-1.49632343463758,0.10523985100646839
train:6173,1.6776527767844565,3.214681000316514
train:6174,-0.28166485462658986,0.05264444820783625
train:6175,5.286569629939365,1.5271429975545006
train:6176,5.6596172191435254,0.05907681013980096
train:6177,4.023647721400257,1.9771526846204994
train:6178,7.334575077858047,8.498254205554993
train:6179,3.1444595073696147,3.3540012647956123
train:6180,5.092795230365638,0.9691332282205953
train:6181,-1.6780855546463744,-2.5807880087078447
train:6182,1.1923318093295086,0.8825008820754179
train:6183,-0.16265216330358778,-0.27341646266601766
train:6184,-2.9065363469678926,0.1871779431983915
train:6185,-0.40590204489921633,-0.2102974712260629
train:6186,0.7350862182990247,-0.08623848955818814
train:6187,-0.11419647558166324,0.11411963046449453
train:6188,-1.0784606862120536,0.26122147148619135
train:6189,2.313687695618295,-0.12945587001984749
train:6190,9.10496029861066,0.7275134647806283
train:6191,-2.9134584884460644,-1.8220412122398804
train:6192,4.1061783002692644,0.3430773910515509
train:6193,4.2001486140574675,0.3574084540511291
train:6194,0.40904842656243157,0.07480045663625472
train:6195,0.3784027593755202,-0.3045099568501098
train:6196,9.754339831413423,4.0598544260416265
train:6197,5.372893462372776,-0.10202576277590467
train:6198,-0.5072384954044692,0.16466121691187235
train:6199,2.930404985999976,0.48204000487996373
train:6200,1.7001235850364873,0.30863343641405805
train:6201,0.7347460156644184,0.015534733674567522
train:6202,-0.9387997754697027,0.2939127667423529
train:6203,-13.252431578001996,-7.029933285752499
train:6204,11.750799989139015,1.5629180488797563
train:6205,0.13779941484514077,0.5897730261115386
train:6206,7.739210952413334,10.141420844563207
train:6207,0.18009914344875816,-0.2569171693455602
train:6208,1.6517304285811902,0.3178050285589519
train:6209,-2.0166634223823876,0.6199449314629906
train:6210,6.564643166577984,0.5328933051972051
train:6211,-5.826205335680317,-5.784582021878984
train:6212,-7.205078809205691,-0.35289301391168876
train:6213,-2.233091342384981,-1.1719371849889002
train:6214,-1.3529982846541646,-2.0476204795243698
train:6215,-6.744685036227499,-2.3615174877634497
train:6216,-0.12108967600892406,0.5272231799731035
train:6217,-2.701281299824687,0.04466706970350435
train:6218,-35.786726035111016,-12.076057844313972
train:6219,0.24490989557996962,0.15496798551519084
train:6220,-1.2088425613783351,2.1270873413464897
train:6221,1.1655154267342396,-0.025241720327885672
train:6222,-6.1275339787695104,-2.913822536626827
train:6223,2.2542927555684336,0.10329652545256388
train:6224,-6.639964458660683,-0.08408088746765432
train:6225,9.205321819256303,2.4671153874935956
train:6226,-1.8782545317220247,-1.1225722649024537
train:6227,1.9269175153465605,4.220575523951376
train:6228,0.2596702964611398,-0.07163330381218302
train:6229,0.40747096494409335,0.587827417984674
train:6230,25.811903254995094,8.982605916109735
train:6231,-1.1515018547975653,-6.661513455841198
train:6232,0.8901140134713585,0.13231187961729562
train:6233,-3.7905271482421052,-0.2787247287455385
train:6234,-1.1121071568223555,-0.47120854269911877
train:6235,0.1823604972099126,-0.45685800649897473
train:6236,0.136044006443891,0.1954768078380724
train:6237,6.8268751231559675,0.4500851247250542
train:6238,-0.8100488273170171,0.19888568789317063
train:6239,1.6272788436639871,0.19105175483329995
train:6240,-3.3925084299537813,0.15102369944013933
train:6241,-0.9669209461674965,0.26872742734385774
train:6242,-6.769745894192398,-0.1739535599209075
train:6243,-1.7183717299729442,-0.5291109989603866
train:6244,6.638505842584539,0.07736735259069634
train:6245,-0.1410586524502615,0.015084496158187938
train:6246,-0.18573084985387295,0.5312930788913655
train:6247,-0.2567306864026272,-0.10892469688699466
train:6248,-19.09190438120619,-11.945349727613328
train:6249,2.0719593694342238,-0.1547938564850493
train:6250,-0.12653326684998428,-0.047923433841177004
train:6251,-6.444670712028681,0.2858738300985033
train:6252,6.247393458614051,0.13718331829657748
train:6253,-3.5676396786594373,-5.337859097214718
train:6254,-0.9563724561414205,0.19677659047803892
train:6255,8.361658338417184,1.7075009279791735
train:6256,2.7654112411516336,-0.5239736405312532
train:6257,0.6380672146899398,1.4184968044780761
train:6258,-0.1675548238195857,0.19060230195137542
train:6259,0.04241250054085281,-0.048475816497521
train:6260,0.1212530373041279,-4.002151041429194
train:6261,-1.8506440717780608,0.14342180418774375
train:6262,1.3594613804892703,0.1182281191318632
train:6263,11.451193861610077,4.339272171092737
train:6264,-4.715605873313511,-11.92329779024581
train:6265,3.2436592017304875,0.10083177463808671
train:6266,-1.9286277674677734,-0.25131716190957665
train:6267,-0.9961602410008937,0.1437746757012941
train:6268,39.29654169935123,16.793312084181668
train:6269,0.3274539570269117,-0.11706278279379856
train:6270,-0.23221250219959239,0.09790337619108935
train:6271,-7.085206603539365,-1.1276933599992462
train:6272,-6.448807538872174,-5.0205791731879605
train:6273,2.237897940800064,-0.12306894555586972
train:6274,-1.1060502249143949,-0.29442369492186116
train:6275,-0.22621577697585665,-0.0974550530841159
train:6276,-2.6853188573831828,-6.1222949684013095
train:6277,-8.355232900817,-2.1846230764841073
train:6278,1.7365704800670838,-1.7057606685767839
train:6279,-2.767278518814136,-0.1915090425482459
train:6280,17.252924744927242,11.145186868912775
train:6281,-0.33126981588831167,-0.02108800818374504
train:6282,-34.75871759075568,-11.324973787933871
train:6283,-0.5567720919864342,0.09174756223932166
train:6284,0.5058038225270727,-0.1026841424140833
train:6285,-33.17372432543337,-13.88785241396572
train:6286,1.4557511625986903,-0.26508364475355534
train:6287,4.412010589305066,0.21343409463679328
train:6288,-0.38343623449935094,-0.45315510251445373
train:6289,-1.794158695292292,-0.02134451232013619
train:6290,-0.11454051377723362,0.0949930956669628
train:6291,-4.500543877930628,-2.779852052522961
train:6292,2.3367140790645236,0.15560539401429857
train:6293,-20.110519652989492,-8.436369717922899
train:6294,7.933705972531836,3.218329693193233
train:6295,6.704146005716964,1.7936555030716401
train:6296,-0.7938527643440614,0.05689195983455596
train:6297,4.7611749539894355,10.616806608530679
train:6298,-0.4856119754810274,0.5726019430367619
train:6299,9.03949168965954,4.512145687442055
train:6300,0.22212271166295827,0.3569959503189961
train:6301,-11.191227151201906,-2.650110034827679
train:6302,0.6091749800092361,0.4339723708693085
train:6303,-0.5484996005906485,-0.11279964980838317
train:6304,14.340898053321283,3.8050496652192667
train:6305,-5.864359171569071,-7.819085523317895
train:6306,-14.953300626924253,-8.975086609954804
train:6307,-5.001407235786948,-6.6484388779257495
train:6308,10.008459460323154,9.112329673221335
train:6309,2.728782331318921,-0.16439179046064667
train:6310,0.3657651671443153,0.020498259906708352
train:6311,0.3098008458040674,-0.015164588691477465
train:6312,1.2857051703567488,0.3256743414997041
train:6313,-2.2436514553230693,0.08124701331881505
train:6314,1.6362445255321987,0.7291059160723226
train:6315,0.5545248613302429,-0.1257355614165057
train:6316,-7.31325743555447,-0.6015888248583685
train:6317,-0.12610856564504708,-0.009323341825773448
train:6318,40.56330521276871,12.568853873715724
train:6319,1.3645722073594122,0.8518279519592242
train:6320,1.9835127283508474,-0.2772755802374955
train:6321,-0.4867882141766936,0.11956064242772614
train:6322,-0.8912736882505389,0.20394187232141048
train:6323,-0.8139550555861823,0.022681184291018286
train:6324,6.843192296872093,2.2331696343454825
train:6325,-4.76108353851959,-0.1521358002730137
train:6326,-1.0958146236796957,-5.111773669376326
train:6327,-0.1888416060249018,0.06312423998048697
train:6328,-14.57970304152366,-7.57543398462182
train:6329,-5.933423444580382,-0.7196579070965128
train:6330,-0.5577532982185305,-0.0321551345111913
train:6331,-14.530102032052023,-2.5504032534278633
train:6332,-5.521390748820332,-1.1492421326898734
train:6333,0.1030046005280027,0.031225710845529844
train:6334,-9.754826772045321,-1.60655947708763
train:6335,-10.008929663961753,-4.0789738876175345
train:6336,-2.762085401726945,-2.0735410927376368
train:6337,0.29372659094900283,0.34860350018795117
train:6338,0.2204481987293156,-0.16835233986803888
train:6339,-9.330250164724886,-1.4340200723553471
train:6340,0.8819886681416512,1.611616029679424
train:6341,1.2573836206558595,0.030797015111461205
train:6342,0.1889213985827357,0.24726924426758462
train:6343,3.4693310561148722,0.3117807478740099
train:6344,-3.9212323728205747,-5.4021466233494335
train:6345,0.953354045273199,-0.3807130844797835
train:6346,26.07695214052843,9.584342364997022
train:6347,0.9584188454117715,-0.3950022765316249
train:6348,22.727794236962605,6.560447342424766
train:6349,8.512118329168601,0.5738149879042447
train:6350,0.26508052954472416,0.8179170494383194
train:6351,-0.5022080990854538,-0.25161318309033953
train:6352,-0.396060925298222,0.15145674632891315
train:6353,2.366216749084124,1.4299972630159161
train:6354,0.16910921522444705,-0.05128723308031327
train:6355,6.278230438932688,9.52747091840967
train:6356,4.744247344934412,3.59724878807775
train:6357,-0.8394696720360498,0.23586822031431884
train:6358,-2.4553925522857374,0.10453910110771791
train:6359,-3.861223743016453,-0.015427084581888878
train:6360,0.833533212877967,-0.11607442870207557
train:6361,11.952945674860635,3.928062087184936
train:6362,5.331536351933373,0.12490949550769373
train:6363,2.609465700846792,0.06383954128185808
train:6364,32.233932215426755,12.25024435093971
train:6365,0.05319577338958145,-0.05247381436753987
train:6366,6.372845126962865,0.7613491850546596
train:6367,4.466302606064953,0.6724151494008423
train:6368,-0.1575039106567655,-0.08524328774758486
train:6369,-0.22726834788770978,1.3037831044912778
train:6370,-0.1698774303270461,0.183395006499457
train:6371,2.051086944042154,0.20584011705935304
train:6372,16.61078582139179,17.647303659894884
train:6373,0.13731869120430323,-0.12098909360678928
train:6374,-1.9155296754626328,0.1404723632712705
train:6375,-1.877508340770821,-3.6960066495882806
train:6376,-0.14263564915211918,-0.06689625161592705
train:6377,-0.8763640491791281,0.28230046212946797
train:6378,1.5753211725526923,4.031053491074334
train:6379,2.893200509564404,4.12110613013941
train:6380,-9.925171240667744,-1.3441904121363109
train:6381,-0.027162599453407654,-0.24694903056799672
train:6382,1.4404637788868726,0.6914316927138593
train:6383,1.044962118423979,-0.15927797106516428
train:6384,7.228432785693861,0.281679887605941
train:6385,-0.6439571821999726,-0.0022297470394299773
train:6386,20.259852048198884,8.170792864839713
train:6387,-0.028429845550131894,-0.07890244272523914
train:6388,0.6138945796610369,-0.19840926060662595
train:6389,2.8082835144009874,0.1495194125290289
train:6390,13.654078796343814,5.837413254508085
train:6391,-3.348061949501453,0.07879239142184831
train:6392,-2.9473699614502515,-6.5092983660672585
train:6393,2.9074799543464964,8.704872139259937
train:6394,1.9536581165555078,0.07790646779170979
train:6395,17.27501385674878,4.391226384880796
train:6396,0.6364720862453426,2.788310066807733
train:6397,2.491640057527628,0.3921723255550608
train:6398,-0.3007493274637751,0.10314159581289714
train:6399,-1.410572844224626,-9.616380048240611
train:6400,-10.262364005979226,-0.33729654952735555
train:6401,5.408135991260636,0.22227706760583782
train:6402,26.276155834761443,7.3293445981854815
train:6403,-3.4548834846436507,0.02032799422996595
train:6404,2.5680342037705093,8.419846112445862
train:6405,-0.5840977905860915,-2.155000700572799
train:6406,11.791397426049281,4.48604674821628
train:6407,-0.025027354287588982,-4.048480995443569
train:6408,0.04137643416405744,-0.03311017730377783
train:6409,-12.913953783538412,-9.577031914267941
train:6410,4.275957895367879,-0.010952813597664313
train:6411,0.5201392897450654,-0.3885625675679449
train:6412,-17.327403143430793,-4.675507782085515
train:6413,-0.3642550590342216,-0.46402072044776616
train:6414,4.459932785365615,0.28219532111249335
train:6415,2.870951466473572,5.138559032600974
train:6416,-0.6207569199900365,-0.3336164712724355
train:6417,-4.574299623146669,-7.595651303972659
train:6418,-3.5839680103710956,0.089547518557811
train:6419,10.818953009944483,4.640773809532808
train:6420,-8.649456225334704,-4.944506152217013
train:6421,5.545271475680908,12.932143620899202
train:6422,0.24340577453643036,-0.23137161140179935
train:6423,10.166049410219527,4.5081614563402015
train:6424,0.437283734256188,0.07242201561183129
train:6425,-9.759809746883326,-1.4947556296425282
train:6426,-1.439652905163452,-1.6142617342198649
train:6427,6.408652064458052,2.9500092472308848
train:6428,-7.685582079631454,-3.120506664947615
train:6429,-0.4272016123077462,0.009857118757940625
train:6430,1.3343521712103992,0.5646189294304347
train:6431,3.384169049966232,0.19990528470228497
train:6432,-1.153358266304204,0.2430354994090305
train:6433,0.961554242156267,0.006704029535183509
train:6434,-24.171462828535667,-8.831761571217212
train:6435,-2.202904780222564,-0.12897895493199674
train:6436,0.061129573129322504,-0.1839524421030273
train:6437,-6.296043422043398,-2.5845103145625266
train:6438,0.857394818781415,-0.05947974408613452
train:6439,0.8134853168640646,0.09798590546967795
train:6440,-6.334695648399248,-1.7106921674570783
train:6441,5.72593523050452,1.830355709749786
train:6442,0.985036941128107,-0.14493799176496072
train:6443,12.607870731442809,12.69431663775406
train:6444,3.1486321327821067,0.3806966186677568
train:6445,-0.17119756067342723,-0.01847132360661126
train:6446,-0.9182781295621704,-0.014686817638766683
train:6447,-2.1976781891487773,-0.7808295784798829
train:6448,0.1268087892461089,0.1785819160914677
train:6449,-2.055842399110645,1.356517672910071
train:6450,-5.002125066832841,-10.782565975425484
train:6451,6.667508262471122,14.707378219449039
train:6452,16.794993169629777,6.855981764503897
train:6453,-1.3167429352135342,-3.690630619624007
train:6454,-1.283238264129785,-6.206741037633142
train:6455,8.739619629903755,0.2998397527548706
train:6456,-0.21572888838344706,0.14166408034765732
train:6457,-8.364061664781705,-1.6128195760915123
train:6458,-3.023240146819609,0.04311620403792691
train:6459,0.36449362057014645,-0.1896782050430313
train:6460,-8.538262150693399,-1.6423716202234873
train:6461,1.7694698298932217,6.045088590136795
train:6462,0.37340816162550333,-0.03291302006434926
train:6463,-1.4751376555376527,-0.18637311072721252
train:6464,20.38030075030103,4.082072991235233
train:6465,-1.4065303954266741,-3.915985053471927
train:6466,3.945254899207704,-0.002951254086036359
train:6467,3.451374121972021,0.2719486371033928
train:6468,2.5215876526190675,-0.09194321002871622
train:6469,11.321296196958237,2.5660074330074663
train:6470,0.7713235522260357,-0.144484330389141
train:6471,-0.5795490477408746,-2.062876911868053
train:6472,-0.508639056301977,0.004380940905042485
train:6473,3.394073165750334,-0.016152229479150404
train:6474,10.638021463228103,17.069125646528782
train:6475,1.1666786477684519,5.325745993339835
train:6476,-2.268431968650227,-0.14840621871702153
train:6477,-0.058300729422289144,3.929922384147417
train:6478,-1.0417559949930193,0.09322966539447612
train:6479,-8.299365747021177,-9.064860775118749
train:6480,-1.9465595961206779,-1.0246135064076438
train:6481,2.9805787725755906,7.218955945975641
train:6482,-0.8732458543444114,0.2895002678888611
train:6483,-17.104397585062078,-8.532152756404303
train:6484,-13.395945716534737,-2.906446972749506
train:6485,-2.1006524442507253,0.009222278153413019
train:6486,1.937397895108243,1.1141001502205492
train:6487,7.421298273548208,0.97384403082781
train:6488,27.109159710535646,9.352452354121098
train:6489,1.2098489324818065,4.620723688651296
train:6490,-4.352411723997077,0.009081471933936894
train:6491,-1.7776734542684651,-0.1304080595962339
train:6492,-0.7952098555506423,0.15561873280003413
train:6493,-0.6276948686285455,0.21805573423775423
train:6494,-2.014858151688604,-0.4368696577481955
train:6495,14.251956741102655,3.0237283648367304
train:6496,0.03348261724163942,-0.04564136019391277
train:6497,-2.65311130328003,-1.8556931853906238
train:6498,8.570448610478117,0.7396590355013164
train:6499,-9.947264071821127,-6.308041625602347
train:6500,0.01265226679105469,-0.24103260145541944
train:6501,-2.99259657175686,-0.7425864951415198
train:6502,-6.283690591156499,-5.450015602182155
train:6503,-0.513269624447762,-0.011884816669434833
train:6504,1.8396478103335707,0.10585257918544504
train:6505,-0.057415295985175946,0.10496915211948162
train:6506,8.425186385978694,1.6880521224118379
train:6507,-1.2254163689916973,0.04866585220797824
train:6508,1.7597644659045333,0.01725165652299218
train:6509,-0.6973295941614301,0.1347627923332022
train:6510,-2.577706034391173,0.27794602622564857
train:6511,0.9271594884705995,-0.03436231123320227
train:6512,22.74122288458538,13.17978338519981
train:6513,0.7805464491370845,-0.6851579580910925
train:6514,-0.8593281145841482,0.2764577886556639
train:6515,-1.8885631248441621,-0.11148174924554585
train:6516,0.036198659320723345,-0.015572455947285194
train:6517,1.0042554261407965,0.6572664259687135
train:6518,-0.1693201116960461,0.019399700339255588
train:6519,0.8003592136409737,0.3326302686043916
train:6520,-0.6820791713098124,0.11314154795109199
train:6521,-6.609248356626975,-0.01692901758963418
train:6522,-7.165596242015667,-1.1953118733867967
train:6523,-0.04575472573774286,-0.052998663487552694
train:6524,-36.57450283566213,-13.68805309633583
train:6525,5.569087287311026,0.35537546617813565
train:6526,1.8267531192886493,3.3269773128777573
train:6527,-11.148430659338873,-4.060189453442398
train:6528,0.5223671695196239,-0.19295733509142887
train:6529,-0.27738750677686513,-0.2998987314882793
train:6530,14.43297755178329,12.66277262073197
train:6531,-0.11752667233148834,-0.3891755810685415
train:6532,-0.594808536463862,0.0976998705456155
train:6533,16.332088847656884,5.861293532816643
train:6534,-0.7232535695723784,-0.02014851541944919
train:6535,29.258327265279394,19.338948154072927
train:6536,2.895366555447056,1.3053225572920546
train:6537,4.35738615726162,0.08564595939535634
train:6538,8.0724319362319,13.264319616063567
train:6539,-4.058085188020703,0.3092734841381509
train:6540,0.725351564572065,-0.13458780733820064
train:6541,-0.4742146641906777,0.06720319786018435
train:6542,1.5591739258101893,-0.234307570871727
train:6543,-3.7476037341798962,-1.1162389809030382
train:6544,2.0181225059087464,-0.10023865080895694
train:6545,-1.6800514539841709,0.224005617310278
train:6546,5.260972723272448,0.306652947719147
train:6547,1.836937347252253,-0.11687575447188042
train:6548,-5.4928481313329645,-0.5548560680469412
train:6549,2.566532988454973,0.2147134767809289
train:6550,0.02933695698501644,0.04912179615675807
train:6551,1.2468416394605106,-0.2291817679682041
train:6552,-2.874159098349357,-3.3578354765442153
train:6553,-3.068473730873425,-0.023497121282319802
train:6554,6.583554574255302,0.34145990278770055
train:6555,2.3400893727129572,-0.18963062766289418
train:6556,1.3274321218563894,0.03634423804774243
train:6557,0.2005071172768082,-0.017011974850652797
train:6558,-39.24079141266882,-14.932320138053297
train:6559,2.790278228944164,6.647203375492219
train:6560,0.18069667735532144,-0.02923650832967939
train:6561,-1.4990524943781178,0.017282899240383537
train:6562,0.8369494191766846,-0.1880556523204257
train:6563,-15.135769187525169,-1.4962525695219233
train:6564,-3.8482483889621646,-1.4957274350802905
train:6565,-1.4640359148997812,0.23629663072676746
train:6566,14.221430324992992,5.9145334058244785
train:6567,1.5735628584234393,-0.2339880819877181
train:6568,-0.5938085011143054,-0.6501810939978214
train:6569,-2.4550689704153092,-0.18106142078825155
train:6570,17.084905788540283,5.849928031405069
train:6571,6.896465681623204,7.654729368150312
train:6572,-3.7574334633271183,0.13127494951976554
train:6573,8.374819194147193,4.556298637495734
train:6574,2.2785990540854804,9.809603213353578
train:6575,1.1827503455828738,-0.010594592303738729
train:6576,-5.628394066306405,-2.6174526928442994
train:6577,14.104625638265006,9.126053643143933
train:6578,-15.129076249871883,-7.938779084199581
train:6579,0.2814600020692373,1.7097699481623223
train:6580,9.833665740982342,1.5464795290643616
train:6581,0.8268728193783168,-0.08688231779374614
train:6582,-0.7073901543412208,-0.1697137519779281
train:6583,-0.6005277065487389,0.25100303431747195
train:6584,20.880798218887197,14.977065355971247
train:6585,-0.0044957126757258215,-0.18216975262118978
train:6586,-2.3643805020629594,0.12905086749176883
train:6587,-2.2751104938926163,-0.08022462311237663
train:6588,2.555507959036384,3.516577523878682
train:6589,-2.6409565268138246,2.226640619714739
train:6590,-0.06825296406212314,0.07099141300908908
train:6591,1.0015312480233038,-0.07175955862903852
train:6592,-5.468048556430107,-0.2622816437842235
train:6593,-15.449558057208254,-7.986955069095435
train:6594,4.386842335633171,2.217666684122108
train:6595,-8.473271475884234,-2.6138924496697844
train:6596,-7.871627707633339,-3.0611711808498345
train:6597,11.771813284224677,11.330483859240674
train:6598,2.786274833130574,0.15451931726772133
train:6599,9.520767651275893,3.2228760078865104
train:6600,1.3272282559796902,-0.040146351114093815
train:6601,14.172768446811965,9.490412205115977
train:6602,-2.238921395050457,-0.022707279707720462
train:6603,2.9314287320900383,0.3800720496415496
train:6604,-0.36480203327353045,-0.08365397499371074
train:6605,-1.704264071830397,0.8987670676323254
train:6606,-1.8415475159205879,-0.0023438756874349376
train:6607,-0.14845896052862823,-0.05484412372579295
train:6608,-12.93267875970705,-4.783202427559198
train:6609,-3.6801452826922345,-2.2369526308632928
train:6610,7.3476861875246415,0.26946355712348974
train:6611,-0.41677713875284383,-0.9453160658089355
train:6612,1.6218172373093074,1.8792330151876315
train:6613,28.965556339846774,14.462365696625504
train:6614,16.486346276221028,16.597483302215874
train:6615,1.2176193140786515,-0.1278493666383676
train:6616,9.56060541465702,17.30871135213968
train:6617,-8.591018083401712,-8.822093162801472
train:6618,9.977176160183236,3.241652453056287
train:6619,2.956729951875356,4.809636845191231
train:6620,-2.8843477430195255,0.029293084852375806
train:6621,-2.4853652528671244,-9.407701521795937
train:6622,1.3280043178147656,0.2309095445497182
train:6623,1.7453508927178163,-2.267059054902952
train:6624,0.02965217035879579,3.4230142876009735
train:6625,6.250528855358547,3.3468328444144206
train:6626,-7.230387002738217,-1.7172950803874054
train:6627,0.38922752602013355,-0.3177358978849749
train:6628,-1.6008752475219743,0.03850790322270152
train:6629,2.8980375006275314,0.13465165956220737
train:6630,-29.367908717726653,-10.088588470647625
train:6631,-10.606167883643424,-3.8532730733229195
train:6632,-0.2317199231885021,-0.117648120097254
train:6633,-1.3831183637598703,-1.8229813469778213
train:6634,-5.673537456563004,-1.7845519486215902
train:6635,0.07799616189628009,-0.008451541615825536
train:6636,2.605807273061733,0.34167902979187004
train:6637,-2.6772167578775004,-0.4457032151037797
train:6638,0.09349612866880644,0.06210771037878776
train:6639,2.3589575431575893,7.04576743455783
train:6640,-2.941823972754361,-0.9571811653771514
train:6641,-0.9553150036065222,-0.006310274188037424
train:6642,7.056686593882729,2.640810202126119
train:6643,13.379873845643502,14.993986069324462
train:6644,2.4859587781359114,2.888523579404691
train:6645,-0.10197754064114906,-0.05409686640298045
train:6646,7.192915956082505,4.53204629979468
train:6647,14.452720695044226,2.491863186187802
train:6648,0.06711862723112998,0.0029050434951233134
train:6649,-1.581686749622277,-4.107510614764696
train:6650,-0.10666889661675949,-0.15676970870363524
train:6651,4.652105547664018,0.4130896101701954
train:6652,0.547430933212526,0.0979110085444247
train:6653,-2.8703965292726665,-0.30690451854606393
train:6654,-0.32355743262240894,-0.09854783488876342
train:6655,4.283741992000899,-0.1055038333238559
train:6656,-3.385265496104064,-0.4273899895840933
train:6657,2.8511181294154206,8.022086660348686
train:6658,2.230117563498888,-0.3554083379833131
train:6659,2.525594767764501,4.47593495000304
train:6660,8.352938364908917,5.07292707099276
train:6661,-0.3927783824876482,0.35017169914194435
train:6662,-0.01928331117100529,0.053073928576359924
train:6663,-3.895818178330495,-2.3755787078409014
train:6664,-0.7969207481988841,1.4537089162470473
train:6665,0.6017914089241674,-0.3010539987277095
train:6666,-1.4680281527178392,0.277288003239495
train:6667,-2.801534959846854,-0.18128618289441634
train:6668,-2.527093831574447,0.06099274481818428
train:6669,-4.990302705650193,-8.231710231817718
train:6670,-2.3942904389194783,0.0903891460064426
train:6671,2.9960098154798827,1.888141612129279
train:6672,12.10050830610557,15.431129605918432
train:6673,0.9677822633290516,-0.04410361932285589
train:6674,7.756988893711193,5.5995891245791425
train:6675,0.40509233600073263,-0.01488162097483016
train:6676,-0.13462002411181,-0.33333443085105324
train:6677,3.0142787085811498,0.32724104251519226
train:6678,0.5342216099394257,-0.26741814624849686
train:6679,2.195008930557412,0.2235503866655482
train:6680,1.085750171091249,-0.08144337441225963
train:6681,8.56472176927131,2.518213208439188
train:6682,-0.5972158739998936,0.13400183957262912
train:6683,-11.019354037191597,-4.0956943051935015
train:6684,-2.597039121316306,-4.537355624318748
train:6685,0.6892233697888515,0.914260031598999
train:6686,-2.7204107533313606,-0.14319852850855508
train:6687,-1.6539728938434561,-5.475910821771241
train:6688,0.9362327985040473,-0.13340657583134927
train:6689,-0.3331314577053558,-0.43283335545068996
train:6690,-1.5167969616893808,0.2471749454721705
train:6691,5.261571535699333,2.4898550926261547
train:6692,4.732863399992877,0.13330779473194893
train:6693,4.76849878330676,3.108141336760641
train:6694,-3.936337044355555,-0.28565754479900496
train:6695,3.720324121693237,2.54700215989844
train:6696,-0.2518317452184733,-0.08178419108736446
train:6697,14.321626335371576,3.187376862567807
train:6698,-0.017506167924292104,0.40957259322111245
train:6699,5.431573825792108,0.36178592967576445
train:6700,9.4847319748723,3.3422174818891
train:6701,4.236974648477912,0.9928140667167651
train:6702,0.416659341806465,3.434600627946437
train:6703,0.6476922643566215,3.4381642949803926
train:6704,-0.055343628148065704,-0.01234190190469471
train:6705,-0.20243553145649623,0.02974096846539029
train:6706,37.94406990292052,19.064499570355952
train:6707,1.7419690902386558,3.6585090518241343
train:6708,2.982118575959008,0.11179340329653337
train:6709,-0.8949637303562715,-0.09861274555731625
train:6710,-0.42959790807736586,0.10376131437156409
train:6711,2.8099962667151512,7.339848998947859
train:6712,-27.527996167148153,-12.657344722051729
train:6713,0.32112388668665715,0.10290720410205695
train:6714,0.08652749554258443,0.1149674636583614
train:6715,2.448908189055385,4.576666606661941
train:6716,2.400278390111513,4.40004282293918
train:6717,6.774694757050512,6.72013101092415
train:6718,-1.210337035404904,-1.1883313372923832
train:6719,-12.246669387238612,-5.312191564278402
train:6720,0.8908511385511921,0.1286112582057347
train:6721,-13.730298771983321,-2.5181165442288793
train:6722,0.004490193059387887,-0.059494723471185174
train:6723,-1.9252766494763258,-9.725663935137764
train:6724,1.041279979898415,-0.2700463863512411
train:6725,-2.1070566687696197,-0.13161404275362132
train:6726,-0.511918112238947,0.041918281216304816
train:6727,-10.059985862017356,-2.9847335188485107
train:6728,0.4041621543523713,0.0701132643930959
train:6729,1.1170376554794912,3.184849483657737
train:6730,-0.32530644842205186,0.08570116912882875
train:6731,4.43377937367154,0.31420669494816544
train:6732,1.123105048008263,0.4526637901963213
train:6733,-1.1490584862342952,-1.7153884186616726
train:6734,-8.361367938693684,-8.596421451312098
train:6735,0.8906372769701618,-0.15499543620958808
train:6736,-0.13507122555613577,-0.3580920731411498
train:6737,-0.26466297516380666,-4.830169790072681
train:6738,0.5297877014648924,0.8764847330566463
train:6739,24.580038232269903,9.121549556050416
train:6740,-13.189224322812032,-15.190919676421823
train:6741,-5.992560355983565,0.31642663981267194
train:6742,8.446390296821361,4.56562979575662
train:6743,-4.35649183102995,-13.256901313762121
train:6744,4.090286990049277,0.013966891372599335
train:6745,-1.9684413551919144,-1.554104809178069
train:6746,0.1840947519112996,0.017928011423231596
train:6747,4.620546087134683,1.2947013173262827
train:6748,5.505168709905895,5.5361786771043455
train:6749,-3.0481150381923077,-0.07724943191969724
train:6750,32.602945724329615,11.300197539919596
train:6751,-3.0960999979777255,-0.7437517486376504
train:6752,32.742253298546785,9.75286643857087
train:6753,1.3746260262502359,5.29874543779482
train:6754,1.1013188292737692,-0.42638166297896946
train:6755,0.29737827744509404,-0.1392023138986613
train:6756,-2.304617813077022,0.10672880188050314
train:6757,1.9710225146439613,-0.26012133113829955
train:6758,-0.4338800213210158,0.14142876134155208
train:6759,-1.933594935145441,-3.071615664072009
train:6760,0.8822325168356738,-0.24151450967162041
train:6761,8.18281333686529,15.379294656567538
train:6762,-13.911327021327645,-2.0970841208913407
train:6763,16.47962544357891,5.729792222012365
train:6764,-14.233950233973202,-2.848623693237792
train:6765,0.4915562245238946,4.779541120712322
train:6766,9.461125375658407,7.1360471896324364
train:6767,-0.569331578248915,0.0725739493744879
train:6768,3.911785561776473,-0.07200450723981916
train:6769,-0.33412614651538664,-0.2527306452151181
train:6770,-29.1171681017972,-9.62484839392258
train:6771,1.9312940066357518,3.121980576617723
train:6772,-6.073980249380657,-2.8325503850960128
train:6773,-0.3939510180805905,0.14194012901501932
train:6774,-1.4668065846653238,-5.530031767941675
train:6775,0.5975641558252165,-0.16585634633617036
train:6776,0.3367434532237923,0.006701033658173372
train:6777,-6.369732684202727,-3.939379714383224
train:6778,1.4720741477708228,2.6317358333232446
train:6779,0.6669069138083469,3.1538863814539906
train:6780,25.52864824008536,6.298741222257545
train:6781,25.0432977504339,7.465618769049327
train:6782,6.016678655165677,4.025113665588916
train:6783,-0.21945519397465857,-0.766441807808327
train:6784,3.8689839558321553,0.27120259239746536
train:6785,7.056212379072618,4.015446969102896
train:6786,1.1109983903977896,-0.133469346587752
train:6787,-2.163516591078081,-5.281926929400446
train:6788,-0.6889025180358781,0.2036061914354659
train:6789,-0.25949333635888133,0.21095450709807545
train:6790,-1.559264990058939,-0.06875119879803271
train:6791,-11.152388028420892,-6.873166745496121
train:6792,2.653806877716287,0.28703965423787403
train:6793,-23.776309855433148,-8.534910104540103
train:6794,0.33163634568549427,0.33851880752861263
train:6795,-12.959928444462145,-10.122378539462455
train:6796,-1.2112173547607314,-5.466869550276288
train:6797,-2.0609146379129055,-7.195592159618182
train:6798,2.5617422565816557,0.13087692585984823
train:6799,-1.3684858149108377,-1.4498675484348862
train:6800,-0.38822336326994455,-0.14111125819735432
train:6801,25.49886940967634,21.511106212373306
train:6802,4.763166191275419,0.34545440546787426
train:6803,-2.4605526603028127,0.05917809931490537
train:6804,2.5648034991475113,-0.11590723023274829
train:6805,2.3738181335403077,0.3330103883326531
train:6806,-2.37205394857362,-0.1584849196223398
train:6807,10.528247243518248,2.6149771826501955
train:6808,2.626400283649023,-0.06776833714749497
train:6809,5.819544304187374,0.515160851835054
train:6810,-2.8844193401575224,-5.864772233826711
train:6811,-1.1994733320050486,0.2160701810840879
train:6812,13.166092230247916,7.972712324648779
train:6813,0.22568652894423488,-0.006594525851974786
train:6814,-1.6519853758893164,0.08812012582329393
train:6815,0.13293104191957977,-0.02558774412255571
train:6816,0.48052352398337744,0.21879871173626655
train:6817,0.9057514792929929,-0.19019955897319896
train:6818,-0.12094822516973175,-0.010354494160498287
train:6819,4.482103257571243,-0.08668672982322764
train:6820,11.95923971417365,9.666940120774413
train:6821,-6.857276649809188,-1.941595964153429
train:6822,-7.310570218297178,-0.9567055342365909
train:6823,-6.042776449958905,-1.9136873725527255
train:6824,-7.124419519170699,-6.804934933286354
train:6825,0.8999009703023746,0.0632445030433222
train:6826,-0.023669333248047014,-0.3418190398653622
train:6827,1.9673794291027593,0.018449151362184252
train:6828,-3.5356083279023944,-0.22027866346774194
train:6829,9.279078029388824,5.61723911999311
train:6830,9.100346467458174,1.1158814130942867
train:6831,3.0062347236355302,0.13489261367030786
train:6832,0.07040605166474902,0.12640151358914362
train:6833,-5.086689655304038,0.24029099074613117
train:6834,-4.295609623158968,-0.05527931052671686
train:6835,0.9310824537330628,-0.20289865363671117
train:6836,-9.479391652337604,-6.077674661534049
train:6837,20.683072959062176,8.801560217920022
train:6838,0.09626819318379068,-0.11192699363357522
train:6839,-16.703647017534333,-10.266605194519286
train:6840,2.4818326443714698,11.04639825248616
train:6841,16.100339140122916,8.18153237061698
train:6842,0.6322964388757273,-0.15152428471092214
train:6843,41.53717134347088,16.689500665956356
train:6844,-6.037045424503775,-4.859803864170409
train:6845,-1.3956367049138265,1.4493399289406073
train:6846,-9.822835684645895,-10.499460733757333
train:6847,0.6169250215100592,0.3624364629693927
train:6848,-6.1247672607940515,-13.551167195918678
train:6849,-0.7743518425694678,0.020902203990240925
train:6850,-0.44711177681430037,0.15595163180018362
train:6851,-6.528457960144482,-4.813069894742097
train:6852,10.587368812677575,3.753108005582488
train:6853,-0.18185995523722576,0.4145199274513176
train:6854,5.334638739607753,3.3429347804418112
train:6855,-0.0693152982200668,0.9876755670011514
train:6856,4.696169866769375,2.048153971134917
train:6857,-2.7352480978900537,0.11579746425097749
train:6858,19.649377656317363,4.870854310694613
train:6859,6.698849212254622,6.626187155605344
train:6860,-4.248524276763319,-0.043722572299329326
train:6861,-0.9675653204094702,0.22580956325280643
train:6862,6.162363488745873,8.021143957716166
train:6863,5.720868570700025,7.744397393671611
train:6864,1.6860066285643298,-0.005807537493575557
train:6865,12.59017601019496,9.1851323377837
train:6866,0.7552542952231365,-0.11158318108146026
train:6867,3.8119749671602228,-0.028402370573573116
train:6868,-2.859925215382354,-0.19086792486807802
train:6869,-4.314927367840244,-1.35521124503091
train:6870,-13.32389574988565,-10.568510848373295
train:6871,3.835263563501454,0.13170343126261919
train:6872,-2.6887155371897196,-0.7479493289808681
train:6873,-1.6770478610618973,-0.4254897475948107
train:6874,0.1767246634041654,-0.1233392877908315
train:6875,5.016557760976686,4.6438119141427
train:6876,5.095584264332161,2.0077669811437806
train:6877,11.800096013399445,1.699625480623591
train:6878,-1.9333378363317242,-0.014061606638914495
train:6879,6.6229497371469925,8.441193876055191
train:6880,5.763711554211108,4.279523541289179
train:6881,-0.09650663595685938,-0.05542033073740801
train:6882,-0.20815400416665242,2.2082516112936768e-05
train:6883,0.10330086855520165,0.11448990659686563
train:6884,4.576864394292778,0.04311877193250702
train:6885,1.8989250102847453,-0.09736788732920212
train:6886,3.780071933351798,1.3116578385428102
train:6887,1.771730486279655,0.24433513938818702
train:6888,-0.07483571650952975,0.00599842916889283
train:6889,-5.993053632369376,-8.038722682544007
train:6890,-1.0559689567184,-4.0385358250564165
train:6891,9.774265221934714,5.047441002606772
train:6892,16.3996914232535,22.790890089349915
train:6893,1.5142599718367173,-0.05459746318529221
train:6894,1.681541570685603,-0.09780842391050126
train:6895,3.066474881846941,7.4587619198771895
train:6896,4.230986059292585,0.43836596716547455
train:6897,-0.3162875336168226,0.13632364425548008
train:6898,-3.0983460094950237,-0.09006836166361468
train:6899,0.20778306019664106,-0.054330901461795617
train:6900,-0.46874248098606663,-0.13249996638375985
train:6901,3.738540014315727,1.6420228973849562
train:6902,-0.7274045763685271,0.07831533367318756
train:6903,2.9785628947161404,11.481150793904424
train:6904,13.426731847880186,1.7482196043535743
train:6905,-6.620346842849483,-0.637084403656822
train:6906,-16.733743850816012,-13.435680417002455
train:6907,-1.0590494933181964,-5.593426237405751
train:6908,0.5857051824697299,-0.02793365848229773
train:6909,-0.5233204213814621,0.7601556847181477
train:6910,-0.3932895581579585,-0.9331490959667463
train:6911,2.2754706310881923,-0.02448376344432271
train:6912,-3.140764989175889,-0.44674135781819474
train:6913,0.05555847894348499,0.0922886746916752
train:6914,0.30930408254465264,-0.06692606772521834
train:6915,1.4516141032969565,-0.075634083567997
train:6916,6.497013160909017,1.877472295470535
train:6917,-2.37862135877717,0.04423908727348574
train:6918,-10.375175989972671,-5.30870550472509
train:6919,-13.857656132985706,-20.777919870392214
train:6920,0.2838931424699367,-0.22545518228922207
train:6921,49.13688953898797,17.40503250719643
train:6922,-1.6351935224465994,0.03323337642474715
train:6923,-3.2925648692241083,0.03273035440866528
train:6924,13.386449624343701,18.135246999002344
train:6925,0.05465026459882727,0.015916779323764133
train:6926,4.917891325818947,-0.0345723079455314
train:6927,-10.855385433182757,-14.593580604342169
train:6928,-3.770734258917757,-0.7320244594119005
train:6929,5.408941226604862,0.26403474265951365
train:6930,0.447727385615911,-0.07625280350099392
train:6931,1.7106281404551558,0.21385936651142176
train:6932,-0.21158857466634984,-0.8088735551892823
train:6933,-4.778206412496423,-0.46181575496831034
train:6934,3.3156608170656,0.518080690633451
train:6935,0.3540669386619617,-0.2894358450216143
train:6936,3.881339111301456,2.614690149100463
train:6937,-12.803409662136847,-13.021941242254863
train:6938,-5.702385059261579,-6.066858689562618
train:6939,-2.411155749166115,0.002000645290088976
train:6940,-0.16366382156515685,0.01896594014643173
train:6941,0.010674279624765304,-0.18919080438564506
train:6942,-0.6927920093117452,-0.12137870027891623
train:6943,-29.108812622809648,-11.044483233591514
train:6944,2.7843333419080043,-0.3483129599368446
train:6945,3.6876395632810905,-0.03310689610514769
train:6946,0.00035429604885542365,0.6183439918531011
train:6947,-2.325923540628919,-1.5514018148108815
train:6948,2.4232145797605247,0.41303768163535315
train:6949,-0.0953718910570778,0.06902198052695344
train:6950,-8.986071564377404,-11.902122360894968
train:6951,-4.078796287394039,-1.1880781143546222
train:6952,-3.636156744973199,0.09497640435219208
train:6953,-1.5654693004912184,-0.20847711929038376
train:6954,-12.253106620827623,-13.621271859242206
train:6955,-1.8358383415400419,0.00220893007269804
train:6956,0.3875813729918014,-0.0869135605111375
train:6957,-0.9227043669147753,-0.12338657984934856
train:6958,26.985636980664427,13.521374993824585
train:6959,-4.886928991127387,-0.8694229401194054
train:6960,-2.329107288687386,-1.65186369987806
train:6961,-0.35700143210545277,1.3094206317202928
train:6962,1.7125905529193486,1.4458470216684154
train:6963,3.4766386133553793,7.554090155696295
train:6964,6.9231676947642695,5.528619936746977
train:6965,-0.3137795416627627,-1.1293545024709586
train:6966,10.530602510408462,2.3150366814540226
train:6967,0.4104671192026788,-0.0059242340361606305
train:6968,3.9517641948511915,1.8808824594729232
train:6969,-7.135508707063597,-4.849851275421137
train:6970,4.127005628762726,0.11727771281560187
train:6971,-1.0515255174560165,0.13125476301514966
train:6972,-0.059884467413114095,0.18654909434788416
train:6973,-3.845172501527173,-0.5318944540244177
train:6974,2.2117352307763785,6.968134845611894
train:6975,1.0021349420732337,-0.3614270548966649
train:6976,-0.029181615499101227,-0.16420033965361835
train:6977,0.5476277091128978,-0.2426891787812115
train:6978,0.12308062398897537,0.1993038267272988
train:6979,6.6536337599435456,11.009292746446786
train:6980,0.1573290452124052,0.040375547216897734
train:6981,-0.7196950988306275,-0.08511960082530948
train:6982,0.5844295678763566,-0.2103750787067063
train:6983,-1.0630096518990997,0.10390226325185023
train:6984,-2.2402394332726763,-2.2825933905045277
train:6985,7.924621039586376,4.489814134886924
train:6986,-0.013320873537706474,-0.06853128715940815
train:6987,1.8603789011155687,0.23072643940007523
train:6988,6.475245771291983,5.4931635896712745
train:6989,-0.6150565790226199,-0.04912492318304923
train:6990,-0.5160061228519879,0.08132989924942866
train:6991,21.74285193602899,12.69130934787913
train:6992,5.971830486874196,8.308368672934055
train:6993,9.640347889392467,0.41158510926786995
train:6994,-1.0853553976178758,-0.026453338587268352
train:6995,-0.2929823165114136,-0.0035291730273714905
train:6996,0.7983560047556173,-1.0519661488317533
train:6997,-3.2786699103713897,0.10240204217382498
train:6998,-0.7821189697509494,0.11936056064169244
train:6999,-0.18010373323213513,-0.29264271736974373
train:7000,-34.122194858304674,-18.89395148502861
train:7001,0.3005569114222759,-0.11912530145446323
train:7002,-10.623446969557707,-3.8289653832275823
train:7003,3.9755948838086863,6.014019348290404
train:7004,-3.149770421403184,-3.023491037067756
train:7005,-4.700186453321232,0.19352877447743766
train:7006,1.1453301479003493,0.09780465491056506
train:7007,1.0878832079037852,-0.10498212274166321
train:7008,-5.7785923090793,-0.1910011700646238
train:7009,4.60140873004784,10.165840951376829
train:7010,10.530240805386633,2.107069176486419
train:7011,0.5010770166698242,0.8870273669161048
train:7012,6.398235145795958,4.675697175822327
train:7013,0.3627924911679951,-0.1008331184042528
train:7014,4.095462905226689,0.1372669175312411
train:7015,-0.01789507056023079,0.08079320928218531
train:7016,1.9409719405520907,0.6191607249903865
train:7017,1.3032808729855896,-0.37701417499794265
train:7018,-0.9124922439623416,1.3259406108582013
train:7019,-12.58455394827308,-3.939378002453504
train:7020,21.98176879602636,11.903356031761025
train:7021,-18.13272031295823,-5.55200438589883
train:7022,5.927784299511578,9.753225943812085
train:7023,-20.498033118484425,-5.597650138668415
train:7024,0.12122026069225261,-0.04671431214596941
train:7025,4.048084661448325,0.17432185031346747
train:7026,24.74120060040244,13.906859339185589
train:7027,4.202392765908844,3.3904362650279567
train:7028,2.118872812961208,-0.2542572585429945
train:7029,0.2588278677984729,-0.329074579064268
train:7030,-0.49039666344009825,0.2434356629810979
train:7031,-33.19998652758388,-13.588567153869905
train:7032,-1.0773937028893048,-0.26865130629019046
train:7033,1.9235461734882109,0.023798503754986877
train:7034,-0.11515606319741628,0.011869920126318156
train:7035,0.4013573132255117,0.5807428821597659
train:7036,-4.384406346352161,-1.9727335405278135
train:7037,6.678705310987496,11.662159970926776
train:7038,6.101538930518473,1.6003348408065634
train:7039,3.5015367505521033,0.5312258856498526
train:7040,11.917044824236385,3.6030208444506013
train:7041,-0.4811936417085908,0.07669827339176724
train:7042,3.336460715486712,9.646722801423575
train:7043,15.196451308232723,9.924969015902914
train:7044,-0.3270364026459942,0.13626486800175752
train:7045,0.09207929569448117,-0.08898342620351751
train:7046,1.7022047836614478,-0.2722677578238477
train:7047,5.886761464021656,7.065987607124869
train:7048,0.44972257469197896,-0.08745317502498595
train:7049,-10.475471492478084,-3.1557518740245074
train:7050,-0.2734392035662146,0.16101566257297384
train:7051,0.22162362382114098,-0.1133500352133871
train:7052,-0.28300253557010996,0.06685196694594907
train:7053,0.38798550164247647,-0.05165066149380407
train:7054,-0.3001696928417111,-0.012691991532449931
train:7055,0.12077998478521865,-0.2715774221642277
train:7056,2.8515379489973127,3.247904420393999
train:7057,0.9235147757217158,3.5554971047780946
train:7058,0.1774268035188413,0.14048520274417106
train:7059,-1.3090415937140434,-9.156823357108188
train:7060,1.6761080917779938,0.19318382063884268
train:7061,-0.15495000820025612,0.2428310664682916
train:7062,0.1987987816692091,0.048477825260390066
train:7063,-0.569360403070706,-1.693440766346268
train:7064,-8.921714105814681,-0.7858829096919224
train:7065,-5.9209190509208405,-2.1791764294188805
train:7066,3.7436224812805583,0.013878726992015505
train:7067,-0.6745995949715203,0.296029139858795
train:7068,-1.162609406891443,0.3046173206211684
train:7069,16.80505396226781,10.39101106745822
train:7070,-2.006467339048531,-0.1638565271015034
train:7071,1.330589602133709,-0.553976207501228
train:7072,-3.3813123112703685,-0.0026700696295141324
train:7073,-0.1444311565998121,-0.05273352837215617
train:7074,0.41230470159185706,0.020486918372312868
train:7075,1.8544498212397458,-0.2604376101540833
train:7076,-1.2058594247812033,0.13124805795707936
train:7077,0.2531060244438331,-0.10594415591394005
train:7078,-17.364090632740048,-7.313310724246142
train:7079,4.548374777284187,7.453807024624054
train:7080,1.8925838981780787,-0.11004258699420327
train:7081,2.5270113682805864,0.5765565006901339
train:7082,0.9539026467201897,1.8970406507966557
train:7083,-1.2749074257156967,0.13545769313874242
train:7084,3.251647396698447,0.026810501436647843
train:7085,-0.74309643741838,0.2110152092727331
train:7086,28.487882551121338,10.358139734259831
train:7087,6.242939093814376,8.51498432406604
train:7088,-1.2981179160882035,-0.3316894090508717
train:7089,3.289536230193316,0.3239773911646803
train:7090,-1.8838056344992005,0.9077933597422279
train:7091,3.4256628458509017,0.22624275280239026
train:7092,1.0894767091407007,-0.08867171233365395
train:7093,2.032688571701067,0.7824280330371263
train:7094,-0.020217444609450907,0.009609316930959844
train:7095,-1.08965076098122,0.05334826531400186
train:7096,-5.115715785931126,-2.6175340095060027
train:7097,-1.847497052121553,0.23518851288504428
train:7098,-0.047042544388729235,0.138690101771863
train:7099,6.138262683313207,5.916167728063909
train:7100,-1.424427355343541,-3.3880618783250895
train:7101,1.2847207097092888,0.7917861541911031
train:7102,0.2858455592297986,-0.09546165358589923
train:7103,-1.3381909272084638,-3.2551265410586288
train:7104,0.5460490852033584,-0.22381643756468078
train:7105,-0.5198856184235243,-4.208604629881012
train:7106,2.856648310950974,2.2501862157630224
train:7107,0.1901913179492228,0.4332463700071869
train:7108,-8.988208320521784,-4.87132058604059
train:7109,9.381099301869854,16.32831659232857
train:7110,-2.0094697696796033,-7.268313222197225
train:7111,0.8350065332046731,-0.35411611636627693
train:7112,0.498907948830049,-0.08976263954777139
train:7113,-5.671906064632927,-0.4315555425754644
train:7114,8.338602200316204,1.5066765924293906
train:7115,0.8637137311261376,-0.02265485186004318
train:7116,6.999742228601586,11.954413765019005
train:7117,0.33859614539858673,-0.2209438194943959
train:7118,-5.080169201665019,-7.029324980058632
train:7119,8.145858055663266,13.242834898076634
train:7120,-11.828675997282065,-2.111255475114117
train:7121,0.3133152657092908,0.11229021956737997
train:7122,-1.63937405143926,-0.35298724137669785
train:7123,-2.0658060242042513,-3.2476745109871445
train:7124,-4.308577538549568,-1.4766465517419607
train:7125,-1.602144701971981,-4.366851989345253
train:7126,12.196428014696513,4.6863162758759485
train:7127,3.1028871405997402,10.707736326255674
train:7128,-7.622406438762162,-10.477065269159318
train:7129,-1.349140175240731,-0.36323970314860365
train:7130,-13.830514308854086,-9.198863215244055
train:7131,-2.9305781080075346,-0.031458450445526004
train:7132,9.422918539290874,6.566675913389637
train:7133,0.5053697067634053,-0.07251237972344127
train:7134,0.4078169790347058,0.026198486561721232
train:7135,9.43133073808905,3.2793012114601643
train:7136,-0.19507241669656955,-0.08094720011505804
train:7137,-1.6557677039164282,-2.9116734941848934
train:7138,2.9691790204737183,7.726789625857405
train:7139,-0.29113601693822594,0.05403432114932169
train:7140,-0.28628147527795983,-0.006993476807157131
train:7141,0.7774934588387579,0.015012095797109784
train:7142,5.727024529818332,5.4991119748052935
train:7143,-0.12014322228374513,-0.29301220886765983
train:7144,10.16588575961839,2.394662241915745
train:7145,-0.5476202110677818,0.3922622018653647
train:7146,3.766580522004154,5.435452156234605
train:7147,-0.19088770345558453,0.4645138390490816
train:7148,28.386603285343185,9.729714301036584
train:7149,-2.8472753028644155,0.08758058263985047
train:7150,5.460832414659445,0.07327384330837833
train:7151,0.8112058313601707,0.019323305475497266
train:7152,1.2504710099655378,3.2982631156829485
train:7153,2.017625975107572,6.961224926618434
train:7154,9.159852987463355,4.825748386430091
train:7155,1.0495824584071929,-0.4017909338365801
train:7156,2.016479955983138,2.7330889204705318
train:7157,7.4597645333118585,2.812996093371207
train:7158,0.5876061097293763,-0.09457416068685062
train:7159,1.6182729465202117,0.024652614024494007
train:7160,-4.2049811290326025,0.18276416039760957
train:7161,0.5017351059479727,0.40103462906386117
train:7162,0.1488177029747624,0.26879191002998054
train:7163,9.986110925105494,2.203376636105407
train:7164,-7.480120609570905,-2.513687496721427
train:7165,-19.187764580487627,-14.797253448285344
train:7166,-0.32687414679429955,-0.07834035913381468
train:7167,0.5618583376645377,-0.19451954229140178
train:7168,1.4793705470157974,-0.09502782206267035
train:7169,0.5795035453072135,0.3607289557344285
train:7170,-3.6324936680233355,-1.4453016892106376
train:7171,3.662796286229066,0.5572791734164255
train:7172,-8.69712318224746,-3.539047231916775
train:7173,-2.6156478683648188,-1.8203609532196272
train:7174,-0.7261555782436625,-0.03465876039639518
train:7175,0.011095377726978634,-0.023787792682707448
train:7176,-1.2430594845102108,-0.27817905114726477
train:7177,-8.025820977723175,-1.6037798738654692
train:7178,1.312715888040867,-0.20700514505273976
train:7179,2.368327004989116,-0.2797805614003944
train:7180,0.16452072202014736,-0.04038701990057428
train:7181,-3.156286690793879,0.047579490139781
train:7182,2.6588393661594645,5.302308534185535
train:7183,0.4106466931932721,0.10147645883850473
train:7184,-4.425496129815276,-1.8692767770761745
train:7185,6.05262971676982,8.63709969485839
train:7186,-8.378498251334205,-4.0885452866824705
train:7187,8.17461964881295,1.838222597456768
train:7188,-1.8732552848072026,-2.447660364669496
train:7189,1.6408014044158246,6.120234315842703
train:7190,-2.864463265148519,-0.1845847861433798
train:7191,2.565264231379687,8.202535465709333
train:7192,-0.7528550343440856,-3.9394972668906694
train:7193,-6.325944060570307,-7.34087450466906
train:7194,-1.096920195070326,-0.36858078121442595
train:7195,-1.3106432309893679,1.6684335504805947
train:7196,2.1033473920113743,2.7234929837462745
train:7197,2.1858482162256303,4.053415287721187
train:7198,-0.7042363933957456,0.19056556679279882
train:7199,1.8491183914996063,5.054075871558541
train:7200,-7.943223915797455,-2.4979040753455806
train:7201,-4.636405491194329,-0.10507677818910233
train:7202,15.93837153664615,5.147062758163824
train:7203,-6.2075047274968815,-0.19622797682163107
train:7204,1.3794997457153224,0.03843571685283838
train:7205,-0.8509572933527367,0.11094186092160635
train:7206,-1.4599035047628526,-3.9375610743772644
train:7207,-8.687897379608406,-7.746495138040818
train:7208,3.5226593010106826,3.1847507623772127
train:7209,16.032643581230197,21.04573980241419
train:7210,-4.048879841706793,-0.624002336048848
train:7211,0.8024509891158657,0.04754571519301203
train:7212,-16.59220653715836,-2.754367125423453
train:7213,-0.19058271824437617,0.11230598358688566
train:7214,2.138950231171622,-0.1152285927595488
train:7215,-1.6304067423633661,-0.08210767447405351
train:7216,-5.291338451356671,-3.86455183696201
train:7217,-5.631870246831108,-3.9848708228347625
train:7218,-3.4441792475966073,-0.3460251085267751
train:7219,-0.8697448007880023,-0.11823260143584943
train:7220,3.7241675862375345,10.698973528661853
train:7221,-2.7553854903264523,-2.238123020148584
train:7222,-0.0899896691914436,-0.08966705680506723
train:7223,-0.4705835502488487,0.04175065476454753
train:7224,-1.3158458788644083,0.08738057218422177
train:7225,-2.0228965576364577,-0.06480270422908599
train:7226,5.552572059174207,-0.041629024912488266
train:7227,-0.28187464818841573,0.1992484030026114
train:7228,0.44166324750250274,0.8754356054598607
train:7229,-0.11628371812087024,0.5364245882272887
train:7230,-1.4244650135784616,-0.5605618584735443
train:7231,0.917381365052713,-0.09491925718625563
train:7232,2.8350213261110517,0.40671024672914796
train:7233,-3.2982559118619146,-0.3083299853596459
train:7234,4.8444721801347885,-0.01635366654287916
train:7235,-0.08699328247461788,-0.11715280176491247
train:7236,-0.39023017525802495,-0.000930321051488478
train:7237,0.2250084482574249,-0.001335049769476071
train:7238,-0.9367841300684928,-1.9976035995361947
train:7239,-19.099921400995942,-5.383702292545351
train:7240,0.817357373771913,-0.07860642154447625
train:7241,0.8185071122281907,0.3711630960478772
train:7242,0.991698032002478,-0.28181376326460283
train:7243,13.3942341858932,3.385315883235214
train:7244,5.557858624473979,1.7017522679791637
train:7245,-0.2527369376060078,-0.2592482469810616
train:7246,-0.12920676907110246,0.0035115659288646878
train:7247,2.292592110315584,-0.2762086200394591
train:7248,5.559694114738995,3.5344306682860984
train:7249,-4.649598426161491,-4.6502111672552155
train:7250,4.18759261466859,0.25452169186587
train:7251,-7.684074820401671,-0.4254649959442746
train:7252,14.62018733065235,6.7035806450337105
train:7253,1.2649034122697147,2.070877983578375
train:7254,6.44552738002543,3.873595901854287
train:7255,0.32612824768276455,-0.1625324921238358
train:7256,2.2527859612551313,-0.04491892585204135
train:7257,-0.5018347711516119,-0.3901772026155951
train:7258,0.11278504852829177,-0.018008745930166145
train:7259,-18.181053030271062,-7.171802613584788
train:7260,-9.021406146728403,-1.1945902950097853
train:7261,1.1011633147110418,0.385760649440547
train:7262,2.117840698374497,2.4539386644381826
train:7263,-0.47401742337382535,0.04215295824876503
train:7264,-8.625206181711798,-5.519941654171556
train:7265,0.7472175164829645,0.21943155508945408
train:7266,-9.190433042045088,-2.3277730704078223
train:7267,0.4851882634904792,-0.20075916946904815
train:7268,4.041603260793667,2.4025151488633467
train:7269,6.378921585363006,9.055808030940119
train:7270,5.797669983779826,0.15852366354378544
train:7271,-11.75978374336854,-7.456397804752644
train:7272,0.5794054479298278,-0.27690252221932926
train:7273,-1.6902373091554566,-4.34562349017309
train:7274,-0.11788791243683722,-0.13345907500943155
train:7275,13.163486838291192,3.8844495362795595
train:7276,-1.4162185575055837,-0.4000617421584949
train:7277,0.10163751361709097,-0.09275281012550143
train:7278,36.38116574941974,10.973651510961316
train:7279,-2.489681537472091,-1.713418130214677
train:7280,1.4207334208291522,2.9565556664804493
train:7281,-11.55497129671477,-14.52968568075659
train:7282,-9.417108651110873,-6.43228777825295
train:7283,-7.463412441094678,-5.506723274159621
train:7284,-13.356587746961486,-5.483548881538973
train:7285,0.19123319578202444,0.02156315152299966
train:7286,6.22808082801406,0.618295059195269
train:7287,2.14780038129443,-0.03185119565547309
train:7288,0.05189400724418004,-0.1336694997041907
train:7289,1.6605445476767589,0.32939479276385586
train:7290,-0.03781883387383955,0.1612539061256842
train:7291,0.05677888470479882,0.3598720635791262
train:7292,-20.053068993661086,-9.43283778587579
train:7293,1.562882797033382,4.782774385310303
train:7294,5.03043970216795,0.13362336044368267
train:7295,8.803554944302185,2.297706816897709
train:7296,-2.320247375318488,-0.3414441272566659
train:7297,-9.769311709911795,-3.512689220660029
train:7298,-4.054412347824749,-2.954496274846076
train:7299,-1.1119423439300178,-3.815380650255552
train:7300,1.855333162552697,-0.07756185909361082
train:7301,0.0034083324092632206,0.19955619370019978
train:7302,-5.382498345020248,-5.931702979449222
train:7303,1.9492372257424284,0.2400230737449395
train:7304,-0.7615645472315418,2.8962129970640254
train:7305,0.1381132334694786,0.7286680187160084
train:7306,-3.2908432834968147,0.2543350915263819
train:7307,3.3268615849138183,-0.43094010384109765
train:7308,0.09179871859849911,-0.24281686020616705
train:7309,-4.4790996052675425,-0.2333761384431965
train:7310,0.7961095283218388,0.055760944932826774
train:7311,23.564521163912655,8.812050352601398
train:7312,-4.99323539880919,-0.9227128870715526
train:7313,25.119540333904137,9.916867023181041
train:7314,1.719030111090761,0.8260572752572735
train:7315,-11.597937018176705,-6.337008047109246
train:7316,-0.9045967998322418,-5.064102133104654
train:7317,-0.14405236589732434,-0.0358713772814479
train:7318,7.6558941997758,5.711476285937288
train:7319,-2.2457031317515184,-0.16925723738590825
train:7320,2.098189608576702,0.39251877733216084
train:7321,-5.656333222202083,-1.1624214236398664
train:7322,0.3885393333998727,-0.15956101011221663
train:7323,-16.890005999244075,-4.492455131620635
train:7324,0.7504289270720218,-0.36126855873674796
train:7325,2.1744935610223664,0.017061632324063908
train:7326,1.49603733792526,-0.053632790788030266
train:7327,13.35079889878596,21.085682546642964
train:7328,-2.482803098143086,-0.061853833955852755
train:7329,2.6946569967337037,2.0649602705185077
train:7330,0.9775134301824077,-0.26818894260496035
train:7331,-8.121470104922464,-5.8247975335764925
train:7332,0.23410430674017696,-0.12316773816679902
train:7333,-5.400889976072368,-2.607698402620935
train:7334,-5.798349864751129,0.05743407091257953
train:7335,5.81928069654293,0.054800409699055
train:7336,-0.8367843144446789,0.1870767966840971
train:7337,0.45899579881204194,-0.010861796000880344
train:7338,3.3540750061834346,1.619318857454899
train:7339,-1.579115296568629,-0.5383285992165074
train:7340,-1.7201323686845997,0.4350583762854807
train:7341,-0.4923328081231426,0.03190655956128445
train:7342,2.2093999552948245,0.992375955369236
train:7343,1.0374853315845698,-0.10921415567049725
train:7344,0.3576290125064364,-0.04030456195239068
train:7345,-0.006032377872900119,-0.020810960890712993
train:7346,-2.366549337444494,0.08128481843346669
train:7347,4.130096858441574,10.414656240751889
train:7348,5.4044631510646814,12.093009312583272
train:7349,-2.5901871822266895,0.6492597306679253
train:7350,-8.683002738901697,-2.74118583722212
train:7351,0.2092528936497434,-0.2044421009401683
train:7352,1.1950641234854098,0.028699473221939997
train:7353,1.6888514525085125,3.9398886683344503
train:7354,-5.633046020610293,-1.886350850800147
train:7355,0.6088153671115689,-0.1103627178518572
train:7356,-0.7610663892226854,-0.07639475100695009
train:7357,-0.25554038398342577,0.14716807705850665
train:7358,-5.868164977878449,-13.693474207116067
train:7359,0.5272446083165546,-0.11172805313402157
train:7360,-8.167472660835028,-0.7103439394632327
train:7361,0.1716485890409408,-0.35869524304585604
train:7362,-0.8021952256701623,-0.14600195608598698
train:7363,-10.090478804140425,-5.246901417970963
train:7364,-0.6456629607669289,0.0301851428973446
train:7365,-0.2350350101527109,-0.38227564833178146
train:7366,-1.405147966271906,-0.0021396567379110693
train:7367,0.12651624055075397,-0.035722439395801414
train:7368,-0.045063976076839235,-0.005510089704712631
train:7369,-2.2754517425893037,-1.47410091224821
train:7370,-23.621656318027615,-8.446338855326132
train:7371,8.265853929113407,4.890411966459983
train:7372,1.6343279073413357,-0.20632636491873024
train:7373,12.239004136147788,2.778381445074541
train:7374,0.9204249407923095,-0.19368333595355042
train:7375,-0.9039877592427862,0.04265355503107679
train:7376,4.160304341845613,0.050398182423883574
train:7377,-20.53800663747786,-7.941437711054856
train:7378,-1.450990358456937,-6.786017539236292
train:7379,-1.1147436981832737,-0.37377591727161186
train:7380,12.647971637551898,15.692661109254205
train:7381,-0.7305657759776902,0.18217283134013385
train:7382,1.6749451032020217,-0.11321864460737138
train:7383,-3.742458503490197,-0.18720995903870896
train:7384,6.685138360328182,7.25134223242001
train:7385,-0.5020955892971727,0.9214304492315308
train:7386,0.7151545514052474,-0.07299970905042244
train:7387,0.8211130853305162,0.703223464625732
train:7388,-3.478330152588252,-0.108012666328625
train:7389,0.06839796115634723,0.009413229647606325
train:7390,-2.162060937577634,-3.902585208909664
train:7391,-7.562584705383202,-0.11808109565562283
train:7392,0.7650180062301275,-0.14914648566014374
train:7393,-1.5044638897529037,-3.3499760071993534
train:7394,-7.809517655337355,-5.145445615040471
train:7395,-6.413285130263053,-8.396224965987152
train:7396,3.8886764231967152,9.53508672309104
train:7397,7.700347653975336,0.23960721748377142
train:7398,1.218055173279121,-0.10299956546500702
train:7399,2.7139812502457072,-0.033273951913664945
train:7400,0.1507259526689767,0.2020744423184293
train:7401,0.6695913415667568,-0.250541943068003
train:7402,1.15415565744969,5.154190662874974
train:7403,6.348289168295789,8.70077092629388
train:7404,1.7564800634280373,-0.05361638479487957
train:7405,24.657569564224087,11.29521582443418
train:7406,0.9655818136268427,-4.040712829017111
train:7407,-10.556607786822072,-14.649580108058762
train:7408,3.5852361294530892,-0.08019238176931523
train:7409,1.8289396214964433,0.0862313680292168
train:7410,0.6586014133424456,-0.21681122115013618
train:7411,2.9807814761610887,-0.17901637807681264
train:7412,-15.061337918662959,-4.209857762436106
train:7413,-14.82356847253947,-3.4067150645550206
train:7414,-0.40672401723674123,0.20410072513335242
train:7415,-3.0663430186432907,-0.7335166914845654
train:7416,-0.040001849208029655,-0.6802525661390291
train:7417,-0.869999110102836,0.1794649865054061
train:7418,-3.1357136716152514,-0.6860280463713202
train:7419,0.38902238162311265,0.019279365946015356
train:7420,0.6840939462594894,-0.007201547598551183
train:7421,-6.994518135187015,-0.19194408668835983
train:7422,-2.0382443804907404,-0.10319772133010563
train:7423,-2.322637975861222,-2.065236806987176
train:7424,2.177142655128258,0.3085685970759102
train:7425,3.343288943835823,2.4846772185269796
train:7426,1.246143567365039,-0.04222976958342439
train:7427,0.01362882385834599,0.2680135526505867
train:7428,-12.656020909655616,-2.854485340599327
train:7429,-0.8128297252451309,0.31096030555566423
train:7430,9.699154245178015,3.823502555671949
train:7431,-20.58015224626819,-11.121639906075268
train:7432,1.202084827257448,0.006870372039650741
train:7433,-5.823074588100627,0.3061048448871031
train:7434,3.5060032031802715,-0.09343858063920124
train:7435,-23.434763612198257,-11.98171225615419
train:7436,2.9159233025488662,0.03504944853612613
train:7437,7.783630002793314,0.32544765347260424
train:7438,-3.0351303858084093,0.01864702190566285
train:7439,-4.849177307994267,-0.4595618568310223
train:7440,9.06199922631353,1.700404123324605
train:7441,-4.681386625599233,-8.749716198096165
train:7442,1.4883697028706053,-0.29002103966425974
train:7443,-2.3303207207014927,-0.2520854617018651
train:7444,0.0968849048951746,0.2856196798654773
train:7445,0.9677917941169019,0.02384529650066891
train:7446,6.081556355270081,6.919997093813121
train:7447,4.261665432924333,10.586753111651532
train:7448,0.5312526532949495,2.935566837469097
train:7449,4.386040354704307,0.06681558843939749
train:7450,-10.347797988268958,-16.337995902784744
train:7451,-0.04514475531532619,-1.7048737463209753
train:7452,0.6271523704772295,-0.12475319907880297
train:7453,-22.293873446377404,-5.100910334015974
train:7454,-3.826820853292377,-7.771953244908046
train:7455,-0.22758937271749535,-0.04418393735888937
train:7456,-0.17360350346001735,-0.001955552962598056
train:7457,-6.099331215229388,-0.007481804759808364
train:7458,-2.0402518898535416,0.12752667939766255
train:7459,0.5087695247561854,-0.11075760297395437
train:7460,4.5132656794262305,0.04623676659600261
train:7461,1.4236198547983396,0.16001760754617045
train:7462,-0.06758394924668293,0.10818651003714652
train:7463,-7.211047406982357,-0.359154468193266
train:7464,0.50024644337741,-0.20975008169806914
train:7465,1.1283388452874974,0.30499451580282483
train:7466,-3.082831746540722,-7.858630529208375
train:7467,-0.6028130035086391,-0.06748943526393283
train:7468,-12.407793632219748,-5.001823271174826
train:7469,0.29494478835703425,-0.029761785432122226
train:7470,6.795977703694865,12.257536030260747
train:7471,1.1142523408448128,-0.26329096901501736
train:7472,-2.9048933321258037,-0.3937009246227483
train:7473,1.3730741350383249,0.7487050148029999
train:7474,5.714410880785874,8.143720408246455
train:7475,0.16825144431792363,0.08676584675390504
train:7476,-1.116855581295947,-0.10689998334098161
train:7477,-1.0015023638200846,-0.08911239157576312
train:7478,1.022951809945884,0.4463999106809739
train:7479,-9.247039413044906,-5.457095572861143
train:7480,0.6084346005140391,-0.04659626032568928
train:7481,-6.437020976258526,-0.17514527699729432
train:7482,-0.5971814701803365,-0.3802153409136719
train:7483,-0.3285841096095804,0.14642074840528915
train:7484,-3.8412295448560485,-3.5091654986528757
train:7485,0.8525978105356108,-0.9606555267440426
train:7486,-0.466148363253994,0.20319839551006316
train:7487,5.221563147969862,1.0275053238684035
train:7488,0.8439526885807039,-0.19830326362479134
train:7489,3.719187400898413,4.312779488031345
train:7490,-0.030244414573525363,-0.6783195121634451
train:7491,-3.89718828719853,-5.479309002265589
train:7492,1.5212518507869643,0.1177846580039589
train:7493,-4.22679872962953,0.08154938290562319
train:7494,0.8558949982153203,-0.27659565881700593
train:7495,0.14889755238028837,0.08645762807388663
train:7496,3.2798594585681786,0.22528906528749879
train:7497,1.6196669985869927,-0.03170746488939183
train:7498,-3.1070199562717216,-0.3880090436251208
train:7499,-1.2879918026846626,0.28210501681975947
train:7500,-8.009971045069952,-13.060725580706391
train:7501,-12.535968316394854,-0.859780067988656
train:7502,6.937201663644658,8.554665713690886
train:7503,-24.96702419063628,-10.560849392232722
train:7504,15.948817280130035,3.101430572257949
train:7505,-0.1007824728280225,-0.030994303500170822
train:7506,-0.1368792857488022,0.05988384234200606
train:7507,-0.08542767622653244,0.26831592223739487
train:7508,10.874704864453143,1.3419929478609094
train:7509,-1.9994405913622462,0.09111172300912403
train:7510,0.32421697603142696,-0.2366852985921004
train:7511,-0.22694476601728142,-0.11016855648943877
train:7512,1.566594690213698,-0.12829603763449704
train:7513,-3.329635449713296,-0.18897866776116584
train:7514,3.7839144680631347,1.350884140183736
train:7515,0.3813965890517032,-0.08929499741257105
train:7516,-0.0188799961241711,-0.2619579464063194
train:7517,-0.9950639679398735,0.22336528426456514
train:7518,-0.0473550844927457,-0.09585896394176649
train:7519,-6.306304128768043,-6.10827597592362
train:7520,-3.291277515489602,-9.663790229908352
train:7521,0.6284083423493015,-0.15976173387189535
train:7522,-2.7455264714409586,-0.04525360811231591
train:7523,-0.591720793658618,-0.461854986691062
train:7524,22.22803319608155,9.38333100112532
train:7525,-7.981938440961693,-15.574477530204502
train:7526,0.6980044798143047,-0.030067364887155515
train:7527,-1.4280020981621093,0.218854848765004
train:7528,22.194962756990588,8.080551342862188
train:7529,-2.3348806215422413,-8.574565244575908
train:7530,-11.760919999246884,-7.417164940714458
train:7531,-12.290634679133623,-7.056634824239739
train:7532,5.129230734942463,1.6059422666046672
train:7533,-7.982026775092988,-6.057859645667428
train:7534,0.15672825689047845,0.22013037906726945
train:7535,19.60131645022914,7.244535029209754
train:7536,3.7146288948071056,-0.17494583718490564
train:7537,8.293772163767462,0.3554710489208398
train:7538,0.9101533085303717,-0.2401550948130713
train:7539,-1.430192087243507,-0.07707659834837474
train:7540,-23.492928383240717,-10.441314470171765
train:7541,-0.7163837311982627,0.011909508501094873
train:7542,-6.2445436936653955,0.021833493757961425
train:7543,-2.2398033416139667,0.06095265713057254
train:7544,-5.286744146696365,-3.491280398224018
train:7545,-1.538372108341727,-0.15679816953523146
train:7546,-6.560291721397312,-0.6561744172869921
train:7547,1.0947910532001819,0.2782552791965396
train:7548,-0.24660062120900178,0.06212326040707844
train:7549,12.447221631104743,3.837159760335463
train:7550,8.107699570609707,0.22756450520709773
train:7551,-3.0973627111387647,-0.23723154683361414
train:7552,5.068194639716435,0.16550177440442893
train:7553,0.05611196201352084,0.038353401565464795
train:7554,6.9383467529361305,0.6688680310208481
train:7555,2.206475630632476,0.003619560162039376
train:7556,-6.339532639462376,-13.841828895371238
train:7557,3.7096473147185427,0.2680338104856076
train:7558,1.5301954491223526,1.3509674540967795
train:7559,36.91700244952172,10.297050092842214
train:7560,-2.343794930139358,-6.33639974141538
train:7561,0.9705652533813276,-0.4531050285701415
train:7562,-6.4842220868578195,-1.6089222254229527
train:7563,7.019521635347999,0.3444689045923514
train:7564,1.4768639498111793,1.7764477561686918
train:7565,1.8408965760001954,6.063025619100495
train:7566,1.067259512828783,-0.3994619961132288
train:7567,16.830689457002606,10.635191592437799
train:7568,-5.056162774277895,-4.713276946213037
train:7569,-11.161875114121987,-2.295478229542668
train:7570,14.650834625046944,6.945840384867365
train:7571,4.965097550499526,0.311277725857928
train:7572,15.608244572005315,10.82126694014509
train:7573,4.336084149041567,7.543667927560482
train:7574,2.7832552005897235,0.0070020479672864705
train:7575,1.4490226588346466,-0.03841844338329867
train:7576,2.7660167948674856,0.15684975292957767
train:7577,-8.830297578253866,-4.411865469404891
train:7578,20.064607582713812,8.698692072970468
train:7579,10.064311736791602,2.1847177434430756
train:7580,-9.39856406253667,-1.8726415749409808
train:7581,-0.16219247713349288,-0.03815195299020707
train:7582,-0.8985677629131114,0.2085686477115317
train:7583,-11.003382296420483,-1.6793005121800733
train:7584,-1.4703601737840297,-0.7350450167421618
train:7585,3.8404613297534493,-0.025637461414842883
train:7586,0.5138680313395942,0.06429898042048306
train:7587,29.94027605720714,9.247764427879105
train:7588,7.190400293006517,0.3886675061052334
train:7589,7.589945332100323,2.946289794592403
train:7590,-0.3766521732158876,0.21143013823863613
train:7591,1.392582030560126,0.271401675557829
train:7592,7.241745204196512,0.19978116979757957
train:7593,-1.3349128011044549,-5.9643260828382
train:7594,1.7260166435014823,-0.12273041145372501
train:7595,-1.3909408160025314,0.020919822600276694
train:7596,-3.0083790915204105,0.06853957299791746
train:7597,2.4319654702147453,1.0164164417674313
train:7598,10.014993396540108,8.319111031927523
train:7599,-6.713575614851288,-1.9025167458076198
train:7600,7.620451291884844,12.120467524006786
train:7601,0.7455469553394061,0.44928222968633924
train:7602,7.139544009037528,1.9405457781120976
train:7603,-0.8581823279179547,-0.04733731190326651
train:7604,13.456967226273056,14.17917485847135
train:7605,-8.033613907769324,-11.098616733913227
train:7606,4.9897079043948205,9.097061542691232
train:7607,-0.748663347355893,-0.021503151140863097
train:7608,-10.995146765884897,-4.622000848041348
train:7609,10.45316695124926,2.6254616108991717
train:7610,1.0100850138897923,0.38433282872359986
train:7611,2.570426199062684,0.24021209931819773
train:7612,-2.9116541475852418,-0.8270545341380928
train:7613,-0.40911566384155595,-0.09288248880179706
train:7614,1.7602575098321038,4.106683122247783
train:7615,4.524624053961339,0.0960830242554102
train:7616,-5.096446392563822,-3.172252023309825
train:7617,-0.20730646142269998,-0.15388039931857958
train:7618,-2.0139241344792786,0.9330899745725278
train:7619,-25.68162685648846,-9.45558761992586
train:7620,-24.452529016655205,-9.433583045947262
train:7621,-2.9078692625174876,0.10200344787066765
train:7622,2.0740786912105853,0.09229195589030534
train:7623,9.88651000782195,0.4414277534698277
train:7624,-8.39850174782422,-0.15452123167712745
train:7625,3.903015842204792,-0.04920331529814764
train:7626,0.09424685255569462,-0.1057106914983649
train:7627,-12.695649460620517,-8.989313316571863
train:7628,0.06378959277250613,0.664403460971704
train:7629,-3.744106167497091,-0.3588476047909427
train:7630,1.2116725673765698,-0.04221450487675374
train:7631,0.7486964158074366,5.698223096687712
train:7632,-0.2718468646205004,-0.006663716344827791
train:7633,-4.614671575563891,-1.6282981313163754
train:7634,10.559160470139686,2.4504175103256096
train:7635,-5.823589250644541,-0.4019079157007852
train:7636,0.7713552827758299,-0.10853045373854253
train:7637,5.4305784396073555,0.7654331360627071
train:7638,-1.6963686277002972,0.15246072177933181
train:7639,0.08797780250350573,0.4514219278452173
train:7640,-13.666142157340174,-3.88455801831404
train:7641,0.10936361191916845,-0.18505599479883028
train:7642,1.6924943055914743,0.1104808525140713
train:7643,0.2071240410855316,-0.003277162706495529
train:7644,-2.98583436154798,-3.381122285883148
train:7645,2.4144806587578422,-0.38617157239224087
train:7646,-0.72749081837566,0.07808671972515262
train:7647,-10.160751860001035,-13.406481743696865
train:7648,0.10701775958768303,-0.020931366614358224
train:7649,-0.03463403975329099,0.11267961224829191
train:7650,0.7581551416032194,-0.2967041279698103
train:7651,-1.2970460511424098,0.0036754118691568055
train:7652,-2.8973616851416955,-1.2784095126424502
train:7653,2.105752869881484,3.5711789516572168
train:7654,0.3606594543554588,0.10218733765476565
train:7655,-16.618331124030647,-7.937875755950621
train:7656,-0.027293822130028927,0.212461575894981
train:7657,-3.654804545006074,-0.028331325490190018
train:7658,-5.519180070955552,-1.4939219198688518
train:7659,-1.2463208736209221,-0.2809836200111767
train:7660,13.835226064307147,2.442886446165382
train:7661,0.06623900525002302,0.0512567151785009
train:7662,4.392959241767116,-0.008967260443997968
train:7663,2.2006948591139333,-0.0004916390607194038
train:7664,-1.6759925006511613,-0.7435346188848211
train:7665,-3.0282245164070547,-0.08221616802006323
train:7666,-30.75108359852962,-13.916351478659038
train:7667,31.760907591506324,20.797977920460212
train:7668,2.7254414414900445,3.2971651980891408
train:7669,11.751022219216695,2.8512463097500698
train:7670,-1.9854749652044918,-0.0018233777221273034
train:7671,-1.1742720692630386,0.010452156996476503
train:7672,2.801063826375295,7.083726052241041
train:7673,0.9473817281646896,-0.021410778266384073
train:7674,-0.2008455170931845,5.6107172384028665
train:7675,8.521411079780846,0.907109158497438
train:7676,0.17622836506123113,0.041274524311151826
train:7677,3.665494661481891,0.07359154893226215
train:7678,1.2130852161025705,0.655068379538543
train:7679,0.7908185463155029,0.7495168974727451
train:7680,-1.6304453304312476,-8.461126504248135
train:7681,20.366055709338493,7.281984062479622
train:7682,-0.6829090472275058,-3.9052717972837008
train:7683,-0.3844487063647609,0.18970903128952157
train:7684,3.5808947393581754,-0.012103087708744326
train:7685,6.7417749508992335,2.1572358503251006
train:7686,-2.6862672870034037,-12.779126837191905
train:7687,31.543981281036633,11.432229548937098
train:7688,6.399910704791682,3.721900668072011
train:7689,-0.9892334503579167,0.23048947979465492
train:7690,-0.13390358781535877,-0.10977010484709143
train:7691,2.053379679665742,0.5462199647639346
train:7692,-1.508598624472235,0.12950674011014365
train:7693,-3.082788509308035,-4.930354199864397
train:7694,7.528972000599163,10.084417008744168
train:7695,-1.5893209106903359,0.15890442524569204
train:7696,0.582363246578772,-0.07882112606353558
train:7697,-0.7942776980072388,-0.14564173754072132
train:7698,3.0797882301825537,9.023223731291461
train:7699,-5.21072751263565,-3.0819363177110977
train:7700,-1.0673396515402414,0.18979049061203512
train:7701,-5.462688534326416,-0.12492710260620055
train:7702,-26.716296624176405,-16.633537743225993
train:7703,17.726903377465657,6.8056995354091105
train:7704,1.1260340218354163,-0.034972186195978805
train:7705,2.129237196061006,2.410690754563182
train:7706,5.25010623037371,0.5562688495599616
train:7707,-0.016518220403228562,-0.5877324657040859
train:7708,-2.411413312896312,-1.1608381739704177
train:7709,0.6542911726517255,-1.232523091086385
train:7710,0.45182051031023746,0.11689309927182513
train:7711,11.977377965743896,20.159409874288766
train:7712,0.1587399505016041,0.338204525764169
train:7713,-0.9094370453107327,0.27598800660831346
train:7714,-8.638447003076452,-3.871271731756542
train:7715,0.4209856221157624,0.060294134831583905
train:7716,1.3904410901674211,-0.272941116847077
train:7717,-2.1101725390219337,0.07502457676877447
train:7718,0.8906851633676534,1.5018736309389118
train:7719,1.738778368432981,-0.039297233972936885
train:7720,2.325045837695162,3.2041104049382945
train:7721,-3.7373067639697712,-1.0757994917338196
train:7722,-0.8795443103639918,-0.5795099245977584
train:7723,-10.457162151643013,-5.610138095333118
train:7724,-1.1594189175440084,-0.05573019001674148
train:7725,-3.522050433498039,-0.1026404882062214
train:7726,0.6705276833584848,-0.2429680806647736
train:7727,10.20998959662459,4.131290970687373
train:7728,-0.022292715549285025,0.1276592112901583
train:7729,-0.47485961957825207,0.03374852460967955
train:7730,2.9913606506748773,0.34016825181390437
train:7731,3.0119136784448437,3.861981599990062
train:7732,-0.20723114495285888,0.1996833044819153
train:7733,1.1089992495316374,5.797167498718855
train:7734,-0.15630837792715846,0.00611854957091805
train:7735,0.8696853508599263,0.7018850209062537
train:7736,0.4481362796605112,1.6906111720217292
train:7737,7.563243318959258,0.5417718007079412
train:7738,18.664535777343538,11.068129488352785
train:7739,-0.9506130707809802,0.23030787258351704
train:7740,-0.7846195230413213,0.28890201978210006
train:7741,3.7140612317844144,-0.10815133263595103
train:7742,-0.22446583134325276,0.04422596247896517
train:7743,-17.293079289508402,-18.735333207458353
train:7744,-4.801816731042161,-0.0959392819778
train:7745,0.36576249387455245,-0.015245120718725955
train:7746,-5.547015550476078,-0.5124564906786424
train:7747,-2.3783112594846765,0.029624628574830225
train:7748,-1.761847697272228,-2.726268081641391
train:7749,31.66477030200251,9.187583250499609
train:7750,3.964991068721431,0.3746339622249231
train:7751,-0.41262589949845485,-0.06645542971300786
train:7752,-1.5089777638620832,-0.3039716262835514
train:7753,-2.2937620132573358,-8.726922424516614
train:7754,-1.9599273396845085,-6.463353596239901
train:7755,0.3096296403101231,-0.1577918734073297
train:7756,0.2361469172972559,0.03764387802689895
train:7757,0.18356346860320766,0.020950851326453038
train:7758,-21.450836672954,-6.381147301725166
train:7759,5.677646215340855,7.705674684690007
train:7760,-0.012031776366398711,0.04517458553510142
train:7761,-3.4398573839938744,-6.826051015740233
train:7762,-8.912036404356583,-3.8264317272418724
train:7763,9.744581234487718,5.3853570981225465
train:7764,0.17421911226162806,0.010099499474141169
train:7765,2.8038100880256116,-0.19579428795921222
train:7766,-9.452931395766399,-0.2686433172848301
train:7767,25.518797589696515,10.904725796571679
train:7768,-4.34149966928325,-7.347363859594623
train:7769,4.634945015452264,8.425322004977142
train:7770,-0.9648874014817871,1.298890837333735
train:7771,6.092111354126883,3.3749490074936834
train:7772,16.889140616597054,5.21113229858085
train:7773,-12.530942569240644,-5.023516844587609
train:7774,-0.49120864007329246,-0.00930736381505276
train:7775,3.321686599569367,-0.14886801175901163
train:7776,-6.218577643312963,-0.9200656730810775
train:7777,7.489915761821758,0.6934626120051075
train:7778,-9.924279530858144,-4.52339084294886
train:7779,0.0084862664384098,-0.010157479581879722
train:7780,-2.4499883631164,-0.7376164778425236
train:7781,5.713044956166163,11.787877241850163
train:7782,-3.6830221858735714,-4.6386345278448315
train:7783,7.697201099235309,0.20334597811801458
train:7784,1.6859245708055215,-0.0038901048766871865
train:7785,-9.555748605262044,-3.8045498415598806
train:7786,0.4932650250479742,-0.08004658242148888
train:7787,0.3857172903632346,0.156443240951465
train:7788,1.6701038116614497,0.20138353601556924
train:7789,3.654273902225011,1.9644359000165466
train:7790,1.9495623185914184,0.2996844664631789
train:7791,-4.8423565183088435,-0.06040604072550482
train:7792,10.084528165029685,6.500916127695657
train:7793,1.0851364813369884,-0.23370910877375095
train:7794,-4.789719139303057,-4.640942779750732
train:7795,-0.23415817767048697,-0.02348856163371943
train:7796,-3.3762749412041453,-0.23407103924873673
train:7797,1.9386243447838032,5.168729511344327
train:7798,8.300344223135818,4.7437264096818845
train:7799,-1.3467728205220229,-6.047598909568541
train:7800,-1.609208178060225,-4.387494437909911
train:7801,-0.8479111605724974,-3.2243717236374914
train:7802,13.255031682800624,12.734044820124588
train:7803,1.5486965680056297,2.000280712477895
train:7804,-3.6232799532127764,-0.10228604742376099
train:7805,-21.80212756562018,-11.64276158444425
train:7806,-0.0859988261228273,1.1779950738061278
train:7807,-0.11005988119641003,-0.07816131981725691
train:7808,-14.616063229630642,-5.899780055315754
train:7809,-1.0679640343735533,-1.3323134717208642
train:7810,-0.8868741835955628,-5.134566301669397
train:7811,6.974057917636335,11.091391189389157
train:7812,-0.9441188849231089,0.2340464417705396
train:7813,-1.4470711125263178,-0.12160339105467599
train:7814,31.143189800858604,13.886259118220693
train:7815,1.0289936320682282,-0.38780161480737174
train:7816,-2.7433497324792553,-1.2796883241433459
train:7817,-9.779224659109026,-0.9932642213912106
train:7818,0.5572682172525563,0.6181271474218915
train:7819,-5.10997918147823,-0.057978239060819226
train:7820,4.926237506476892,5.00026364338096
train:7821,0.34094908770639976,-0.17148253203079
train:7822,3.79422120151935,9.028510170267051
train:7823,0.7473039909483377,0.47565464968489607
train:7824,-2.3036851906171383,0.25365438547143726
train:7825,-2.168036044185026,-0.03865105183401377
train:7826,-3.09615997220371,-0.4291763169165859
train:7827,-0.9391421864575914,0.06354965451592547
train:7828,-0.0025889739600731543,-0.07501500698297509
train:7829,14.475670832187651,3.4781561145278115
train:7830,13.233525576245631,3.6259646972022788
train:7831,10.312027606098917,4.2661567940348375
train:7832,2.0032377398690424,0.1007628694668537
train:7833,0.07074241873839114,-0.029864929197756712
train:7834,-1.524184019648053,-0.045223649342214595
train:7835,-0.017580205873811816,0.10048653547787169
train:7836,-1.1484282919449766,-1.2689219981337976
train:7837,-1.2039030562312574,0.284208907115326
train:7838,-13.968810224809689,-7.779831545479828
train:7839,-0.007740597251379072,-1.0658149469631055
train:7840,6.48288713856549,14.42798900655993
train:7841,-7.842074826633844,-0.4167380775441701
train:7842,-2.299301493122499,-10.888439698320248
train:7843,2.4678191318162233,4.152001325797594
train:7844,0.9930228115136641,-0.28317132353262187
train:7845,9.912115747901996,5.643385422607807
train:7846,0.647288600622427,0.41152761696143747
train:7847,3.966007376147805,8.677917235174124
train:7848,-1.2410654577253442,-0.05612421917397861
train:7849,3.7197192653521056,0.028401312129027023
train:7850,-1.0176763432602165,0.06844684347141343
train:7851,-0.03115658070826735,-0.0016772930526809532
train:7852,-0.019436501151330193,-0.06389252826124642
train:7853,0.14502258974443683,-0.4718224121645755
train:7854,-0.22248435730335964,-1.742283547868092
train:7855,33.77836244765836,11.36627460325503
train:7856,-1.2192594800404293,0.1506694726488939
train:7857,-4.9175995313460055,-9.470831783439882
train:7858,-0.9145906444970807,-1.8577593419019436
train:7859,-3.132144507794449,0.11520806111443686
train:7860,0.6788878115108448,4.118763639639108
train:7861,-0.08468125281708888,-0.13350757968483368
train:7862,-11.58123163919936,-20.709424421005558
train:7863,0.2490753147870139,-0.21757003399855918
train:7864,4.691647624163546,3.6676342078753708
train:7865,-1.447446300126082,0.01809520989255886
train:7866,-4.984643742249541,-0.3754741515539257
train:7867,1.7038031665214084,3.6582585394417633
train:7868,0.1208145048338958,0.12557165565733752
train:7869,1.0569109368893224,-0.4423936269724457
train:7870,-0.8160009205586247,0.10206029820345512
train:7871,-6.601858974085901,-5.124346081240553
train:7872,21.773969725901853,14.641353655291688
train:7873,-0.7014926887860718,-1.2685291102630405
train:7874,0.84563033970059,-0.32842732696926985
train:7875,3.3019499651391597,1.4484873879400102
train:7876,-1.4250289572693084,-10.079615676341476
train:7877,0.14122212997458547,0.10389776943633502
train:7878,-3.218341882945164,-10.854053877962832
train:7879,-16.49635935553838,-6.153658091516314
train:7880,0.8614853864350986,0.2152083671308404
train:7881,-0.7510218686614721,-0.08866272470262357
train:7882,3.630207965528383,0.4262101248664659
train:7883,7.85597891073936,0.3739511875882334
train:7884,-3.039006394506342,0.34255025935857797
train:7885,-6.4717985886658855,0.220786690123703
train:7886,-0.14489711914239373,0.07288109809843125
train:7887,2.258257563314142,7.433693562342899
train:7888,-1.3711251457706388,0.04758205803436111
train:7889,-0.11061475901588735,-0.3130761678477423
train:7890,-8.725666264651307,-6.923212157646298
train:7891,0.2627517628938971,0.18841802228937043
train:7892,-2.8250969270786195,-10.391844266407533
train:7893,-5.033921169850751,-0.07979614136952298
train:7894,2.764202458302332,-0.1926460492039953
train:7895,2.2462050684736465,2.803620995580839
train:7896,0.5019136338764848,-0.19301996318702158
train:7897,-0.018971933358190085,0.0020832458990825697
train:7898,-11.014964295782711,-1.583835607304982
train:7899,1.93089301617132,-0.3781566027644723
train:7900,-0.7989886967041504,0.1507038539041054
train:7901,1.1182224951300468,0.2300448773802706
train:7902,-1.1084231586308695,0.238861386769059
train:7903,0.21069669177993772,-0.12999969302759112
train:7904,-2.3922415519899127,0.003702303431842982
train:7905,-0.0156982239607458,-0.11075831627800439
train:7906,8.887612773809636,2.9569944911320283
train:7907,0.49617656450710856,-0.20382480761527144
train:7908,1.6571376397076514,0.0032288122034323935
train:7909,8.43295514036786,3.817797835201421
train:7910,-1.2745150362061541,-0.0033418593838333427
train:7911,-0.8388283197511994,0.08226418489415928
train:7912,1.032455400182035,-0.3385782142444513
train:7913,1.1004001543083004,2.4379098664691257
train:7914,1.3891776796316613,0.009511879597725606
train:7915,4.651774992046382,4.546944653505248
train:7916,-0.8160267234232925,-0.2842024758673467
train:7917,0.35090201972095453,0.06459300434990584
train:7918,-5.405400130849703,0.1117757133560926
train:7919,-0.45596122956238716,0.16496023396964538
train:7920,-23.541370820842946,-8.274099894259722
train:7921,-6.710839116447062,-1.2816577566254814
train:7922,-8.15822082287307,-5.266041933527875
train:7923,13.781107926310966,16.13356290222698
train:7924,-9.337025857511701,-0.9395268901388838
train:7925,-4.512529424797931,-0.5040245235032257
train:7926,2.1567918660273095,0.22447176150697326
train:7927,0.021611672286779862,-0.061140315914606724
train:7928,-2.243416207583936,-0.05436506872579211
train:7929,0.25860517280431317,0.08845594937004853
train:7930,14.52859878399375,2.996144611900411
train:7931,-14.944141772258392,-9.413857050426085
train:7932,-6.110008022204083,-7.393092926277251
train:7933,11.298014109447733,5.516997075234151
train:7934,1.1440806848590042,-0.22548742363228347
train:7935,-1.0117928251994828,0.05820700718119314
train:7936,2.6374857522100768,0.15118619010273637
train:7937,-6.551865575104721,-13.744106240516988
train:7938,-0.5307284005817571,0.2316013781478433
train:7939,0.22936982976100012,0.2665147581806615
train:7940,2.6647600775386384,4.294060677828811
train:7941,-3.523792940466955,-3.8162514518398294
train:7942,-1.2956082969264617,-0.00790058556758158
train:7943,-0.17693497873016384,-0.028420916478873917
train:7944,27.819557671738178,15.902697766610139
train:7945,0.2651296944625371,-0.03755149364089097
train:7946,-2.253040443646777,-0.02342607619893672
train:7947,5.820855833578865,0.31801288535913097
train:7948,0.02966542047849005,1.663678808343898
train:7949,-11.877250471164757,-3.789493990315066
train:7950,0.6854617305451219,-0.11626530886586386
train:7951,-3.2977198631598976,-0.26553302630507486
train:7952,-20.78158939927353,-7.80884361844593
train:7953,-7.547311269165799,-5.563340213861923
train:7954,6.16072558798507,13.29267830251984
train:7955,5.232606774047671,1.7375022110018583
train:7956,6.030949731451121,7.330613708751297
train:7957,0.5796697529489925,0.01302575800898842
train:7958,-6.576400147613693,-1.2531488483362718
train:7959,0.06612498448318027,0.18335869932331042
train:7960,-0.380480527974569,0.06437223674642124
train:7961,1.092248773655685,-0.041331862445245365
train:7962,-0.13752807669734068,-0.013621854692070376
train:7963,-8.347408356450176,-6.3670330118263925
train:7964,-7.413729606322473,-6.532505855995828
train:7965,5.912611750170445,0.21120715939259643
train:7966,-0.9868240206977229,-0.3892530458883749
train:7967,-6.805504480373613,-0.28364980788938265
train:7968,-6.508543727618723,-0.09284725158172552
train:7969,2.0238688736077326,3.392915139262625
train:7970,-0.5571993502320142,-0.2654472871582611
train:7971,17.580424931453248,11.20025165900221
train:7972,8.752658677515873,9.76599465695088
train:7973,-0.05579854892423544,-0.15149140139421569
train:7974,1.7221329636816214,-0.11118244686615283
train:7975,6.5278166672410585,2.963794275980164
train:7976,-1.3672033427993768,0.013378700852943765
train:7977,0.15353730262656326,0.11875624945050615
train:7978,8.758578923978567,1.78767473393375
train:7979,0.025365175492100656,0.18323051858551986
train:7980,-0.11575580545726194,-3.4789191243586006
train:7981,9.734613425145788,1.9455387638015047
train:7982,0.8718595327809868,0.022025087225799753
train:7983,12.449163122327313,5.016105841010529
train:7984,6.842246191834275,3.7308163980541584
train:7985,0.4358229666744554,0.1483602934477285
train:7986,1.5767500933555105,3.9774980523547656
train:7987,4.53323616684613,1.3418648384535237
train:7988,-24.10496861382856,-17.22735937037414
train:7989,11.804108242626164,3.3818115630982217
train:7990,1.1230764556447124,0.0154147559333523
train:7991,-0.4109356956335952,0.0937398204510583
train:7992,-4.223421111398694,0.062291814154100775
train:7993,-0.304141590563747,0.06034592070561615
train:7994,1.7544548872389774,4.798985218472928
train:7995,-5.815561537775738,-0.22592910150006268
train:7996,2.377078127901577,7.71954759249825
train:7997,-8.836080209438332,-0.6646745763295918
train:7998,-1.898174343245549,-0.21789744055752341
train:7999,0.7876860552990106,0.21477111174817143
train:8000,1.3558864052124617,0.02506682968634702
train:8001,0.16187883411970325,-0.015101104631024695
