row_id,pred_displacement_m,pred_v_final_m_s
train:2,25.79461208125232,9.93244900749316
train:3,2.713579562406555,-0.15090781168568282
train:4,-0.5345278142895273,0.19988228064667146
train:5,-0.32999222539989626,0.19435403159812106
train:6,0.22888387580975694,-0.08332339423172389
train:7,0.9640842014140305,-0.24743454096965034
train:8,-0.16823952956624283,0.04905713514462275
train:9,-6.090356932406287,-0.1812942788953842
train:10,-0.9121483219958914,0.18536732786299526
train:11,-2.8535779431323207,-2.2139859523820142
train:12,-0.5124335883867019,-0.12330351559272243
train:13,-6.354667530568589,-6.596132006615354
train:14,-1.19992999621802,-0.022134603551153056
train:15,28.812011163330755,10.106125418881192
train:16,-2.9970400110192434,-8.84576800954362
train:17,2.2517810442825295,5.307750188122411
train:18,-9.94322673710446,-6.944121096604047
train:19,7.2531765706190585,10.458099310614978
train:20,1.6366621367608083,3.3513531948402773
train:21,14.300476354840647,2.688087709240555
train:22,-7.500009736606717,-4.923787237458192
train:23,6.066127636948191,2.402751965807957
train:24,-11.551520686596495,-12.079404096273477
train:25,0.794985708959349,-0.15388471480808227
train:26,-29.37663612989861,-14.542543414240829
train:27,0.9778778084739999,-0.008019457687519244
train:28,-0.8787996303913502,-0.4521740597892436
train:29,-1.5894932784754814,-1.9462628272311622
train:30,-10.470875328151857,-1.3843305989261363
train:31,-0.3952097794515457,0.1911351757419511
train:32,-0.2620242254496059,-0.3252776972711554
train:33,-1.8481860583456546,-0.05120338418923212
train:34,0.025236974772602644,0.17042938577765068
train:35,17.629847412996373,7.38933346879309
train:36,-1.0734936347635062,0.03626060314787629
train:37,25.89928895666997,18.200349403683816
train:38,-2.505319700668446,-0.26866254082897845
train:39,0.12016885207160073,-0.00953572810667018
train:40,1.044630632973382,-0.15445450208324704
train:41,-5.7835269326033325,-1.867749450444248
train:42,2.197081295769243,-0.005067377546060875
train:43,16.52024426664728,4.417356994806393
train:44,2.5430337849480753,0.3173959843514616
train:45,0.9963735808177514,3.464436709751135
train:46,-2.6834422220096426,-2.273189760552159
train:47,3.427039696007904,9.745906873615528
train:48,-1.245444854742539,-0.4747141824486037
train:49,-1.397657580625442,0.2898831338377152
train:50,-6.536653507862744,-4.4614700596521475
train:51,6.487821762089522,14.671444814624676
train:52,1.2655611528605029,4.367704185205353
train:53,-1.1058594929282695,-2.0610451470675737
train:54,1.2134384363986306,-0.6095216218595734
train:55,14.056657415472886,5.570161623334303
train:56,-5.204186137755008,-0.3153088451895419
train:57,-0.2395373775789979,0.06911239181529487
train:58,-11.094773718491348,-1.0255995779264067
train:59,-0.9925665528357449,-1.1937836907900103
train:60,-0.5220464339957706,0.05392557794689446
train:61,6.6359004506278145,9.595413985139983
train:62,-14.664601440027857,-1.5836967983368457
train:63,4.559401201452218,1.6683903242551628
train:64,6.7116874159471624,0.3489452798235235
train:65,6.242924216486999,7.17752724674984
train:66,0.36620207240686564,0.4582293093814858
train:67,-34.05113702342498,-13.252185518026556
train:68,-0.6745636801734017,0.35173722320574996
train:69,24.95517562105391,11.066441525648791
train:70,0.09069512310291106,-0.14331540337715265
train:71,-2.481893489048987,-0.19982884266179518
train:72,0.7122528914213236,-0.12280833992119089
train:73,0.4241736706516745,0.4726422596860076
train:74,1.0314245641156452,4.2989499491093435
train:75,0.1926480528613076,-0.018205296861152187
train:76,-3.3181903682545753,-0.41321096734277923
train:77,3.946297939331707,-0.30646473093401727
train:78,-0.08636343687265982,-0.2989600590236409
train:79,7.710880336841075,0.5408478936371386
train:80,0.11306760151931594,0.22922061888525724
train:81,-3.242809739939185,-0.015917944763917724
train:82,6.540496799330229,1.3329090207837642
train:83,6.53762733481258,5.611154351124726
train:84,0.12860301817348047,-0.001553641795608074
train:85,0.6615019110351682,0.15559908127345579
train:86,-2.493513611562616,-0.0049429773197354615
train:87,-4.997106758342318,-4.974508861847798
train:88,20.626855258240056,5.494543975668894
train:89,-2.5717558008154873,0.03535855884620707
train:90,-0.46053891345851516,3.821112987104345
train:91,3.293722803100223,2.0719027161766497
train:92,0.6997124667345433,3.24931676241306
train:93,-1.0536979559402755,0.17939304979196047
train:94,0.17057195870122177,-0.04668674294443573
train:95,-2.33194397659316,-0.14985126572677687
train:96,1.1015607020727496,2.75558738617337
train:97,4.610133817637394,2.492461505624968
train:98,-1.4514054126449039,-3.898294542387917
train:99,0.34938267266267886,0.4925963698423853
train:100,0.40068806595183126,0.10706544572691527
train:101,-0.8255341492204077,0.24863147667713134
train:102,-4.166792889324292,-0.021662538930842523
train:103,13.20943918322386,3.046186029547907
train:104,13.683440131753343,8.098594511468534
train:105,2.117309996212006,4.966786287061665
train:106,-13.497331913103402,-6.409015805638258
train:107,1.5555630357352621,0.3310177378036889
train:108,-0.09049956634143252,-2.3641758292971056
train:109,11.647839585367375,7.034604511496465
train:110,1.6878578097605628,0.11074823453722543
train:111,7.370022169997327,2.727366795381183
train:112,1.0354047141052098,-0.2639171429753371
train:113,0.07673158906931872,0.08503890198357744
train:114,-0.03411391444073103,-0.06686219134753807
train:115,-4.251295178987101,-8.26232238842885
train:116,6.619343844924231,5.980660115121793
train:117,7.412677327250288,4.200798741181836
train:118,0.21401131382766603,0.21075167909144912
train:119,0.10016384460302452,-0.8280169239623947
train:120,0.1459722978849792,-0.037913887763509235
train:121,-0.8650487956475869,0.2613185878326031
train:122,16.361575710516146,6.870477244087008
train:123,-18.269097053682327,-6.840274298497851
train:124,0.34439888422083365,0.39373007460472104
train:125,2.308652417676234,0.3608292106186603
train:126,-0.1749053858345389,0.10486661466228966
train:127,0.08558871293933379,0.029422228550633922
train:128,0.08039606076862368,-0.06268872068121156
train:129,-3.6283719509654584,-0.00982754079353787
train:130,1.6930499970147923,8.817500566186876
train:131,11.148762901545618,4.301706441280284
train:132,0.48385104746343965,-0.30787564634497866
train:133,-1.9366664058738672,-0.19809651244588983
train:134,-2.545778592467522,-9.557135867061236
train:135,-2.496510928112403,-0.5175707380565548
train:136,1.528219902767586,2.4660499965644695
train:137,-1.5279471698703442,-0.06680348642422052
train:138,1.3182626903405983,0.20650916059307964
train:139,-2.8200309646488457,-0.1743702364817331
train:140,9.602478582389779,4.007645420046896
train:141,0.8436115561131368,0.04147956356033324
train:142,-0.5523459708629492,-0.2798633403354005
train:143,2.0357552770355687,3.4095182896527665
train:144,4.983405031668675,4.0623518461815955
train:145,7.911417411540161,0.3821898137008892
train:146,3.296862849009523,-0.020611842065146838
train:147,0.8611593637531476,0.06355903446418337
train:148,0.8999206130236758,4.718882600262544
train:149,-23.43962291925245,-20.53012831498976
train:150,20.2263910792643,13.772739917196077
train:151,-2.753656698393711,0.16415787390896797
train:152,-0.13518385157353702,-0.1377186771397993
train:153,2.8970337459461306,6.462922130131565
train:154,-0.04121958169958059,0.4836588127563066
train:155,1.784384699275038,3.3217938750069917
train:156,0.1803642620717636,0.19439961172691805
train:157,18.588484739463265,11.093654360479094
train:158,-13.345022484592555,-10.759846385467135
train:159,-0.013874589065982573,-0.06793314604825462
train:160,-0.6350653058230401,0.0025174697395389523
train:161,0.038981998060359735,-0.642534759903109
train:162,11.017309626350023,2.498834449329565
train:163,-0.5605052550957331,0.045596968528327286
train:164,-3.2659030713586055,0.08916615054746192
train:165,3.1963899808668,6.338939044014613
train:166,-7.809702692096594,-4.003039818275533
train:167,-1.139223526776667,-4.336487206578672
train:168,-0.8037456059035114,0.30910888922860624
train:169,1.8759139690823727,6.059825451810436
train:170,-33.652465562398035,-13.25316816568588
train:171,-4.112862577586233,-4.130919827078613
train:172,-1.6024095881367462,-4.6323172218561375
train:173,-0.7296262959997188,0.24784769818695726
train:174,-2.39628888241091,-4.230772693147876
train:175,3.107555366980446,-0.29059842362755733
train:176,20.31343832174137,8.017047880539268
train:177,-0.1681329474630881,-0.08403612763851487
train:178,-0.6452818454820386,-0.18723210712946242
train:179,0.8052789598376301,-0.030259136681006354
train:180,-0.015167405569134346,0.21274372331197075
train:181,-5.514558801139377,-0.144081919909316
train:182,3.559438611324837,0.32052696114866774
train:183,31.60890593770557,10.937746638298956
train:184,-0.213953721031776,0.23334451492010658
train:185,0.37117109975045504,-0.1605632379677127
train:186,-3.7370777926031247,-10.84593020079784
train:187,0.36780673163931316,-0.07902302677489687
train:188,0.6202387137248266,-0.5709653980432468
train:189,-0.3569199554922451,-0.015591180178598507
train:190,-7.259652565352763,-2.706097840357854
train:191,5.807101279503258,0.21645119244241195
train:192,8.374156223245999,10.379330000334912
train:193,-17.886392684261686,-16.800582138878458
train:194,-8.504188421837517,-0.320210242638925
train:195,-1.1788269722516218,0.005825773923582814
train:196,0.023964498365472764,0.033762469703857656
train:197,-6.621930348382068,-0.09577354578177527
train:198,-0.5507308510096905,-0.13330546498225737
train:199,-2.0927430526262105,-0.07399865570728839
train:200,0.2368412700608834,0.1272656457805537
train:201,-0.44739281882676285,-0.18239990017293228
train:202,-4.366226252298669,-0.8102476641112621
train:203,-0.5655642437782993,0.24736757323088138
train:204,3.788724726428633,0.41893888170646226
train:205,-3.8854914534656184,-2.214283114849257
train:206,-1.7202549904063318,-0.07485811575717077
train:207,-13.38590816972073,-2.807327668565296
train:208,10.17883461343329,6.057933769469754
train:209,-0.8779018766675036,0.5692678529113093
train:210,-0.8707079915064792,0.13222881536066952
train:211,2.747948280769314,9.17610533236975
train:212,-3.7748571382668357,-0.20474243761043387
train:213,2.9804485959610503,0.05987367775929312
train:214,0.06527465224034486,0.09296777581250723
train:215,3.8021477950536435,0.9645563841139762
train:216,2.165862619020115,0.2046823889209502
train:217,1.3525298244523682,1.442207744405157
train:218,-14.000310176029519,-12.274166916666907
train:219,-1.357482287879472,-0.46745859631249814
train:220,-0.02834023289851545,0.06346138313973412
train:221,0.7669347406501109,-0.3165023455260538
train:222,0.06475417824042455,-0.11279882950872563
train:223,0.4793943580813618,0.007135614150654779
train:224,-3.3856418459950293,-0.22162477520575796
train:225,14.250917187852256,3.863421618206265
train:226,-10.981694872438094,-2.2010911270871736
train:227,13.79627071240601,7.141899706702131
train:228,-2.8655476828392863,-5.8185215992226995
train:229,-4.058591946984448,-1.9600284541102808
train:230,-0.9218316024517558,0.5224880893629851
train:231,2.8610750132200597,9.995355576987015
train:232,1.3546809930076442,-0.2899621564149297
train:233,-0.08053989303791054,0.07929366584300761
train:234,24.250325043296712,7.866243991497909
train:235,1.2914116714675319,-0.005015306350408616
train:236,-7.730474414988581,-1.683046499729216
train:237,-0.46609152721425284,-0.3490358579263485
train:238,-21.847724714361746,-5.78587224624468
train:239,-22.032244486474628,-5.956142488133004
train:240,9.628897926310701,0.913337444140689
train:241,-1.588009729986204,-1.0703089051391108
train:242,1.1493257563628907,-0.04848719369711901
train:243,-0.5420715491021284,0.07076568794245676
train:244,-0.5030346043586635,0.15971334770362972
train:245,-2.9255200491579294,-5.442397514927824
train:246,-0.7459016272325999,-0.3000768078443695
train:247,0.5659315871793227,1.8952187295920666
train:248,0.3018739035824137,-0.24409342479930507
train:249,-9.934590448562684,-7.9318902790060015
train:250,5.321633630898712,0.02177040201473618
train:251,0.37019140449692034,0.34227281974831836
train:252,-5.747148147837129,-0.16010993324391798
train:253,3.1590244108707344,0.024251844143984083
train:254,-0.3024730053152307,0.23934375863289248
train:255,6.630454418975232,1.1209400227562967
train:256,0.07501906921339513,0.2346464374722232
train:257,1.2718132334611534,0.07304455172149586
train:258,0.5897332188567862,5.795621055538387
train:259,3.1318467881701166,0.025951077051967975
train:260,-1.4815515270735173,-0.1837366319626904
train:261,-4.967436718389737,-2.9876577801320177
train:262,-18.98402330140493,-4.4236053127819215
train:263,12.324346064974382,2.256954329911337
train:264,0.1446080004729505,0.03561570495624325
train:265,0.7621569102091275,0.06098750203341655
train:266,-10.04099309395595,-4.298908922614939
train:267,0.7003129063691098,-0.2643167359041645
train:268,-6.186218061520686,-6.293286503345025
train:269,-0.5728478578200604,-2.9794139825649992
train:270,0.6024758822125842,-0.21734024309884165
train:271,0.9403339430076624,-0.29401828856502604
train:272,-5.429276381622286,-4.783773641442464
train:273,5.222492980930864,1.1133998283042288
train:274,1.1950430860146675,-0.2038927498260369
train:275,-2.255801117707989,-0.9257856582582762
train:276,-2.9338536770709007,-0.22133174990200521
train:277,-0.45470479277383447,0.21150043435276666
train:278,0.3169413817989545,-0.04512874423835797
train:279,-1.375744439691772,-1.7946768716293504
train:280,2.2285900804022036,0.006274014188622307
train:281,5.461172733523172,5.695177003072459
train:282,0.20378349994401534,-0.004579477575839666
train:283,3.059251706947645,0.23841967323607727
train:284,3.618182203385517,0.6752116935941914
train:285,1.4788594875746073,3.785490868167416
train:286,2.2727610978398354,-0.07480233538045833
train:287,-2.2050880280149943,-0.4039632656557471
train:288,3.5339360827034625,-0.07427770025166053
train:289,-4.9360167328045526,-5.85808486569686
train:290,1.4814446556644305,-0.16425786762525335
train:291,-3.8784795831067096,-0.23909772855450778
train:292,-3.9174405140056128,-0.2691284710344587
train:293,2.7310185795901285,-0.04994575781862243
train:294,-0.4698826886544941,-0.2485027851149768
train:295,6.411776303207016,0.10729855349046541
train:296,11.899620684380187,11.70246678554269
train:297,3.3904558830738,0.05930346250169832
train:298,0.1493037731551257,0.03448151585149143
train:299,-1.9816029082966433,-0.30566625838041256
train:300,-0.7965917035598099,0.1812585538740066
train:301,1.750866313155114,-0.0408016278796548
train:302,-4.312809208355084,0.03815585200880871
train:303,-5.454458117872116,-4.50844940567367
train:304,-1.7610360693263942,-0.2980364729396608
train:305,0.2815491498043733,-0.09250960910964334
train:306,15.777069693569462,21.84326394695399
train:307,1.5594548515935318,-0.4018654384446058
train:308,-0.2381575054648724,-0.0013032720740471931
train:309,2.823261961111512,0.1594509231436233
train:310,1.6899199468098227,0.18898577664799263
train:311,-0.23547981899542975,-0.07661933478710234
train:312,15.267206017567132,4.022087544487064
train:313,-17.51908820834115,-4.0937213061911155
train:314,-2.7959720016994254,-4.251506729952557
train:315,0.7068195287428345,0.17151560518503792
train:316,7.9653560917748685,0.8450713933365204
train:317,-13.705752111645856,-14.026603176491273
train:318,0.08382365752111362,-0.026898903962120232
train:319,1.219500714846117,0.006511045124447612
train:320,-6.343924240537183,-1.4597419590602756
train:321,1.4013818534739193,1.0390082076400138
train:322,3.03839322904999,8.239411573166217
train:323,-2.0251971968402143,-6.43459545951561
train:324,-5.583877848382001,-0.22012719335271785
train:325,-0.805994174461452,-1.1127132616445448
train:326,7.306369524819043,13.545898957707893
train:327,1.9572952744115835,0.08133385808690632
train:328,-17.81266808844984,-5.833285281128622
train:329,9.441186037642701,5.453588339689074
train:330,-2.520507127336956,-0.03678158891448999
train:331,0.24570978438467073,-0.14712244975297822
train:332,-14.119942484791908,-4.625299451290312
train:333,-5.393809762990825,-2.474040345690983
train:334,0.3896022487034169,0.8632910333648427
train:335,-2.5960825556576763,-0.04750640062832637
train:336,0.03822511403010491,0.067298744937686
train:337,-0.9124512150829375,0.33716934326156145
train:338,4.926593167584475,0.8060781994591446
train:339,-9.770108576759371,-4.597624395435589
train:340,0.48726957834455986,0.058049545312148794
train:341,-6.2603517838353735,-14.619467264282653
train:342,-1.000007076189675,0.13297650066591205
train:343,-2.2524362846803667,1.9181226373169427
train:344,0.376933971984499,0.07838662841298816
train:345,-5.3432854293889145,-1.6524771413610868
train:346,-3.029361004743638,0.05076392907553698
train:347,-4.788435504900395,-5.397708160228521
train:348,-2.7866657685092466,-0.13803281624343294
train:349,3.5109087694242724,0.06404236928848439
train:350,3.1492523313670944,0.07398083461756658
train:351,-1.7926487627927465,-0.005211179642547123
train:352,-3.5830965244283974,0.1692104918169577
train:353,-2.9871014914155842,-1.727424283219466
train:354,11.723360618459877,11.792796186579178
train:355,8.85322848074478,2.8645465770669483
train:356,-2.3814499106445353,-0.036426934140814576
train:357,1.7742265066343421,-0.3837369586738775
train:358,11.447540547906305,3.960877782667423
train:359,-8.985425330469509,-7.548827172912423
train:360,0.029313362473631047,-1.6859780367140336
train:361,-0.6533783659899548,0.09562861391033795
train:362,-0.8282202041864993,-0.21017467593385009
train:363,-2.768831107400767,-0.01880975071314847
train:364,0.21828412874170589,-0.05707423317301241
train:365,1.1780422526139653,3.4640897586611996
train:366,7.014342465755224,0.2475767853087555
train:367,0.9442855006336763,-0.009929257951072301
train:368,-1.5778275941467625,0.0054804634329627955
train:369,-9.020340558155096,-14.765081723699225
train:370,-2.122561400936071,-0.8822004982284211
train:371,1.2959034620438876,0.5906770319993453
train:372,-19.271018104483815,-5.282179153712536
train:373,6.143327018535299,4.299777381807379
train:374,1.3837271150433934,-0.2627931184532982
train:375,-1.2634259645423764,0.022652973115839553
train:376,11.703677914341407,2.7962585564980387
train:377,0.5505502903384442,-0.16677825615563296
train:378,1.813501023699343,5.915206194204467
train:379,-5.898352004957347,-0.8912129522397529
train:380,-7.187210209194135,-3.497693286955417
train:381,-6.401068984821422,-0.8514736423260447
train:382,-21.219432863281522,-11.600755394259544
train:383,-4.818735041767574,-1.493212895643121
train:384,-0.3269813100430549,-0.08425525464268441
train:385,-0.4184794304461964,0.07258646786056594
train:386,0.439586465584107,0.11986140708042171
train:387,5.940258938516368,0.2808522765818925
train:388,-5.376761275650872,-2.661440727001612
train:389,-1.8342990030731046,0.06498792513720551
train:390,0.48771403849991835,-0.13243751661417963
train:391,-6.982786432718065,0.12295443610216622
train:392,-3.3177366097696064,-0.20644630699474292
train:393,-3.3453210343906625,0.2943669630962102
train:394,0.009369956438721155,0.011563948354057343
train:395,-2.57124718218582,-0.8324297081375067
train:396,-0.5989261855025348,-0.5148219495693553
train:397,3.4990580483363147,2.548939493698324
train:398,-0.23097408092465915,0.06597499528163844
train:399,-0.548421145934564,-0.05620913802113481
train:400,-37.023370399255754,-14.113141223841035
train:401,12.473464306763073,4.9340176696464795
train:402,-2.5576153660610648,-0.11275403401438369
train:403,1.1156083859893124,-0.18821404148473508
train:404,0.4276642635872723,-0.19489556052137563
train:405,0.3034934401422372,0.11612911496903941
train:406,9.271599382883494,8.186897558359693
train:407,-0.10248546189609584,-0.060452227162744315
train:408,4.172974710688694,-0.12161526756710903
train:409,1.383739667788367,-0.1423504456582707
train:410,5.242732654992972,11.630452749938037
train:411,6.352158203246515,5.1524210981876575
train:412,-2.2276808768431566,-4.446613648219722
train:413,-1.3864514662376983,-2.277835652490821
train:414,51.73278604151504,18.931798767461142
train:415,0.8238893340938249,-0.23787683734247472
train:416,-1.6192137618661966,1.2250577337406943
train:417,-3.294750209140701,-0.4533074999247428
train:418,1.2102825833289934,2.3729110335357193
train:419,-0.30707393503538377,-0.363648890016904
train:420,0.24483341681892729,-0.064239229694764
train:421,-6.203962063915468,-0.1998424667691508
train:422,-0.38457958035402184,-0.0963027460564933
train:423,26.078997773042634,9.341882900029358
train:424,-0.28772050801422905,-0.3815941933075843
train:425,-8.014135766902275,-0.32842736263447236
train:426,6.711609309978439,1.6687949103123405
train:427,0.3656647451845272,-0.05095329978929125
train:428,5.299957364911857,-0.1579673818688398
train:429,2.2596571943786885,5.2972537763653955
train:430,-5.894018983359081,-0.20463430071644917
train:431,12.403937906770146,5.349055057765128
train:432,0.16313689811593762,0.11375652303782624
train:433,3.928163872009785,6.781408393967735
train:434,-0.059890162640000244,-0.6812436307861423
train:435,-1.97486533866123,0.3520480811107535
train:436,0.11015362124865893,-0.06314958642793661
train:437,2.0709104016250945,-0.7344553996144061
train:438,0.8563630528820643,4.95517597970012
train:439,9.955701667948919,1.5572385793725994
train:440,6.591697121494788,2.156214398925456
train:441,-3.40023510940146,-3.5191645948262105
train:442,-3.501899326025465,-7.605154225848793
train:443,-4.861020125502056,-9.332491884047146
train:444,-0.8368267380735246,0.21036157310648718
train:445,-0.007382727790513827,0.12158018451937645
train:446,0.30135621908137644,0.09487864603213533
train:447,1.562512142369303,-0.1709502288834544
train:448,-25.601717011820032,-8.017049652287865
train:449,-0.6930292329459207,-0.6109065730031136
train:450,6.42891777384307,7.708375539145044
train:451,2.4827038978559277,0.1891618914179453
train:452,-33.73554427779755,-10.508255487372596
train:453,-0.17962777498522275,0.12350574880243519
train:454,-1.6110939955342554,0.2563245321871209
train:455,-2.9121690425873963,-0.045709159743868216
train:456,-6.156043122270281,-0.3685805315580084
train:457,-3.3386480881460385,0.050393724273570875
train:458,-1.8092909131287427,-0.1421592088424574
train:459,-0.370753080453057,-0.04693340348493644
train:460,-10.70470135268774,-12.871575607221846
train:461,4.5580733999839085,0.41651771376944197
train:462,-2.709440816515711,-0.4243681839717444
train:463,3.218194796260514,0.3952125344119005
train:464,8.484430693088875,1.9811330638804827
train:465,-35.1209321610477,-12.438946999942953
train:466,2.1314646109190836,5.782050588647357
train:467,-7.634227405195368,-4.358248401215399
train:468,3.3652234709275963,3.244434338851408
train:469,-5.795252126241555,-7.314156417527858
train:470,12.03604205708641,4.396925684240544
train:471,-12.013746230507861,-3.4088666748915344
train:472,-2.1338686346583238,-0.5701529447302613
train:473,1.9559921135167402,0.24306456654906927
train:474,1.8329349975007445,0.15607442709239644
train:475,-2.3275314542767296,0.1511775947889335
train:476,2.879384818971611,0.17098804550963498
train:477,0.42869684309046385,-0.04767944819086389
train:478,-3.2010695383198495,-3.553941591124663
train:479,-2.3974023573817087,0.12502301784725617
train:480,0.1267870544006455,5.176027467741004
train:481,0.5597637726907628,0.9206248436374258
train:482,-4.410164579037811,-4.119590561512781
train:483,13.083473782164095,19.417473229046262
train:484,-0.9041338592467835,-3.4613042235038947
train:485,-10.197850335479053,-3.6469065079652054
train:486,-1.2580350254927328,-0.21142980574028464
train:487,1.1211140431805195,1.639647452237543
train:488,2.018498507112351,4.755131000155401
train:489,0.14557595658535252,-0.08768974231317875
train:490,-11.51610520877789,-5.71505656144408
train:491,1.1580866425214422,-0.04185460731831059
train:492,-2.8561321942761904,-0.6898346647647158
train:493,-5.578374167085837,-1.744192920149215
train:494,1.3604808261018877,8.42349423467934
train:495,-21.307986435155414,-6.687113652875191
train:496,1.1488596775911888,-0.20664467685105659
train:497,4.830715766393259,0.35285047683663334
train:498,-0.0819562610957553,0.36868511344327193
train:499,1.7192350230295417,-0.22580074243625958
train:500,0.306250162413365,0.7186020146227807
train:501,-2.6657447112629105,-7.388890138814468
train:502,5.2515325941358855,-0.036753056752488744
train:503,-7.011016161414055,-0.3251796892946811
train:504,-0.09022596299265798,0.05101757999572801
train:505,0.8418411541553908,0.1894756025391489
train:506,-0.15071903576946127,-0.35278997714166177
train:507,2.870656012050214,0.1512092654887549
train:508,-0.3627295518325794,0.3516622549500917
train:509,-8.067980534007921,-2.557012728755451
train:510,2.7881045119395838,0.04067723916485835
train:511,20.360926750725614,8.740751332976497
train:512,3.124847935472662,3.44133535946521
train:513,23.585431247539645,7.585147414034646
train:514,17.719572574401127,3.557048969069342
train:515,5.414706190963069,5.2600923472884995
train:516,-0.3808568778655341,-0.5038830396449021
train:517,16.075432634429543,7.335324939340942
train:518,4.818394549827035,-0.0752041395518408
train:519,4.06909191261974,11.221847081777709
train:520,2.1917833400156996,6.625809960423688
train:521,2.213356627002124,0.40052814752313665
train:522,-0.028232139816799062,-0.026905751681000525
train:523,0.4787044220242991,0.14836211237305608
train:524,-2.965508910395219,-4.186077632016172
train:525,-12.652517299058564,-7.5069590783918025
train:526,-5.309234946357058,-0.6500127542420142
train:527,1.4330714906177948,0.1430733194941011
train:528,0.4172968585303513,-0.11514617047656772
train:529,1.8752291471065958,0.1365053584622255
train:530,0.8803936559261741,3.508733747222921
train:531,-1.8052338194616548,-6.272737640271732
train:532,4.626310121659928,0.24877684804252767
train:533,2.7584695731812805,-0.047164585327551495
train:534,-11.548269060731876,-1.9062376250542017
train:535,-0.9569162921944859,-0.10541121079295937
train:536,-1.144921078245201,0.21172241457313634
train:537,0.2521578272818523,0.06343420625542795
train:538,2.2195881350485127,0.16483836597269758
train:539,-0.5007797594282362,0.2066876292663974
train:540,0.1175925173949072,0.04856039020418115
train:541,0.9440569941835104,0.030693122376574185
train:542,1.0657607383247694,2.3468380585773656
train:543,-9.850305739812748,-7.602003704520615
train:544,-0.7487352931812505,0.06102423719199315
train:545,5.100992637749823,13.865612104510115
train:546,6.811133980959181,5.094973301927879
train:547,1.0824747182570027,4.473160197248419
train:548,-0.10334869557126514,-0.3277822504516243
train:549,6.580573529782333,1.5723293825158655
train:550,2.9740269370741372,-0.05802749270547389
train:551,-0.35303953008774763,-0.030655020428773563
train:552,0.3809664250781201,-0.04431893015035776
train:553,-5.704278199170178,-4.889946381395
train:554,-0.23302645472782862,-4.025953426935489
train:555,0.37165019618361084,-0.28800470744083456
train:556,-0.5870396658455784,0.04730882691799673
train:557,0.8676612207329472,0.10231897791719888
train:558,5.4327867928897335,8.402903714649526
train:559,5.21995360711437,0.13023627182731287
train:560,0.3368088902184227,0.15881330065330057
train:561,28.145198192342182,11.242957457799188
train:562,-0.2235819088847012,-0.024087130727302966
train:563,-4.9279625196963615,-4.239789426983508
train:564,0.12365781779951675,-0.05076427421603302
train:565,26.577133465907856,14.529077315243846
train:566,11.368042619239601,13.344508686724815
train:567,-4.679765926748208,-2.4210464199195982
train:568,-0.9417653614696954,0.16669951890003848
train:569,1.4081101247797227,0.013367323653345767
train:570,20.481600472404324,14.222212771634021
train:571,-0.15806948155529432,-0.00022682493214538912
train:572,-0.9982815386722973,0.23795623959477213
train:573,-0.46969695452053417,-1.214106151157824
train:574,-18.11218216251564,-5.115412661317965
train:575,2.0278382142891256,1.188947857494354
train:576,-2.6948229125358143,-0.2591711031480507
train:577,0.6757420703746583,-0.042821276966912625
train:578,0.204153805920734,0.3083834590097247
train:579,2.688752092514867,0.20152630382118297
train:580,-10.812476431531444,-15.25411042624921
train:581,10.242794103488706,5.219872841088311
train:582,3.749185439427987,0.9126598052931594
train:583,-2.7912279939323983,-0.6980383746441226
train:584,-0.0903342885326146,-0.04235834263844249
train:585,3.1758439268440415,2.3051294588423317
train:586,-0.11217281037116467,-0.7455866519759502
train:587,-11.89962132237348,-5.45311305368901
train:588,10.319833553806522,3.9847206838437597
train:589,-0.014657740877385667,-1.1675797532080707
train:590,0.24849196083310587,0.2487083708537247
train:591,0.3749157695426463,-0.011867305055006577
train:592,0.4856784016900469,2.7099969857980675
train:593,-1.1355195371765197,0.20980733585961306
train:594,3.848295172449883,0.17929589778034627
train:595,0.9903068856637003,-0.34229713190489547
train:596,4.063554292420498,10.947876697095875
train:597,1.0320924166398842,-0.36699343004668944
train:598,7.869555401802936,0.5531054530936815
train:599,2.6223555102686684,-0.3293095770835507
train:600,-6.501501172772101,-0.5628164699148823
train:601,21.347529733327573,6.141648274067874
train:602,-0.5693930634534612,0.08797029630758492
train:603,-0.9262717872987759,0.3188273715886588
train:604,-7.460396992802152,-0.6095213365379533
train:605,-1.3301252074173808,0.32058224221254517
train:606,3.3987913706526935,0.07310931972923868
train:607,-0.1506612698967591,0.1648208186930668
train:608,7.022050781001922,7.723267045136732
train:609,-1.3514416280483288,-0.2037047228784487
train:610,-0.7686130297632897,0.1728118213047543
train:611,16.285478180987823,12.445763844269411
train:612,-0.09250986520311669,-0.19249572037545132
train:613,-2.0781734999602857,-9.672967314494432
train:614,0.3619713324343111,-0.13607786383351295
train:615,-0.9325044576363656,0.300434541336989
train:616,6.1572847411128855,5.687533807515567
train:617,1.3063247974125467,-0.12455714746065194
train:618,-1.4510695104877422,-3.176990074131751
train:619,-6.43868723692464,-5.852962201331158
train:620,9.254741511300546,13.71026703656464
train:621,3.0492862221881167,0.254672448676844
train:622,17.963428707087328,8.589162809480106
train:623,-1.0025083268547679,0.266559375348991
train:624,5.666765310031221,4.746333963967178
train:625,0.07932535811403102,-0.3074388189447397
train:626,7.6718961601181475,0.2485935289016697
train:627,0.039724237221478775,-0.7602470474554277
train:628,6.291938501360246,0.11062454761495005
train:629,-6.5654811191526585,-0.30971040702246844
train:630,4.403550969025878,7.284380764087727
train:631,-7.198578346975333,-4.9352565959394505
train:632,-4.4030876203716325,-4.635125357240299
train:633,-1.1409188447228122,0.038228466361101866
train:634,2.547519531610184,3.8640578854188927
train:635,1.1491539697233457,0.08512364250472113
train:636,12.467312531893091,4.1460860379714966
train:637,-5.662408750769264,-13.22835317375016
train:638,1.713063954125618,0.09001105919472366
train:639,-4.5962548390218245,-0.2707737068258553
train:640,0.19388403332471818,0.3377924856796686
train:641,0.7875370495670102,0.03437134604096414
train:642,1.3972582767501205,-0.23205014187939133
train:643,0.019197244774420613,-0.0946473813475863
train:644,-0.07760289940146872,0.013442862552244056
train:645,-0.011779675404847312,-0.07892323553829753
train:646,4.8256756068281526,0.3686022275126583
train:647,0.27806832011486604,0.06623606456394979
train:648,-1.8975569341594443,0.07036595235281938
train:649,-8.048386164020746,-6.014736136018752
train:650,11.182332660936638,19.093450584495372
train:651,0.23052375246560236,-0.03632022385492992
train:652,0.4304501593675514,-0.25732764016115056
train:653,-4.0483637844134375,-9.199730592968894
train:654,11.596508156755315,10.09369909168641
train:655,1.98396102406717,8.190217560730158
train:656,-2.623594918224254,0.018789219068036545
train:657,2.9749911738546952,3.1898717148131954
train:658,2.3626201551909722,-0.10561799763706337
train:659,0.29904093500848394,0.08568144627184539
train:660,6.998708254348952,1.9605966122976595
train:661,-0.5480592084544944,-0.2564889372591241
train:662,-2.6226539272677214,-0.31465117885541327
train:663,15.024629335035268,8.371117744893663
train:664,-0.09135919691387795,-0.04885689918625008
train:665,27.45993547574143,8.403706609688241
train:666,-8.450427339698361,-3.5761664333939094
train:667,-7.53802316771836,-0.6197869231043798
train:668,-0.5597437219006732,0.08870999260746708
train:669,1.8124694902582323,0.4895793077019691
train:670,-0.11428515840031872,-0.7670408405495432
train:671,1.9629170444937953,0.47248740137674583
train:672,3.3037654639955143,0.3344028648339211
train:673,0.3261984500713201,-0.0686684198630266
train:674,-6.429163887738067,-9.238476698323339
train:675,4.169604996038026,4.097617598415129
train:676,-13.996066418395511,-6.543918150153084
train:677,-0.3486009724484094,0.1194171613180624
train:678,11.14030328126643,2.1355904962660994
train:679,-5.6597838323203575,-0.9694539895403651
train:680,-2.5078083985885655,-10.135219153649494
train:681,1.5578646047719795,2.244013853157294
train:682,1.9795354840892858,-0.029374354337347877
train:683,3.006341189509565,0.8173428396780444
train:684,3.2091998246540303,1.7088312400324814
train:685,0.06798209336453953,-0.034277178394831076
train:686,-1.4958402701852198,-0.19537219028760638
train:687,2.028918912648049,0.21968916484712278
train:688,1.3811428767865315,-0.035584379396917915
train:689,1.8407739542784634,0.6487981872823527
train:690,5.2013337020703245,0.5561899224668256
train:691,10.108560627739717,1.6303218577482474
train:692,2.535462387604884,1.7914997555716363
train:693,-1.7680676986357238,-0.394647300771127
train:694,-1.6138316562296824,0.22283940085367976
train:695,-14.488143319686852,-9.456936049902039
train:696,0.650309395454479,-0.19371810952598945
train:697,-2.6137470573342925,-10.587375172602036
train:698,-3.953756999963429,-6.642054521356352
train:699,-0.8345330726169754,0.15693388714227885
train:700,17.866367163620275,4.253869703790623
train:701,22.957241678085133,6.579305389577866
train:702,0.2273339604928884,-0.23306239165679038
train:703,-0.13442731623064258,0.306137335886582
train:704,1.110630757690834,1.9692445679394257
train:705,-6.2666541916450385,-2.624872481572722
train:706,-7.157788434642142,-2.2024753649266637
train:707,-2.051751366540481,-2.251903341091133
train:708,-5.959329520706831,-8.10204239774364
train:709,0.2842107966552387,-0.35519723564970646
train:710,7.840505560435342,6.594875390381943
train:711,13.525715356077626,19.973610717909647
train:712,-8.273474548222104,-4.580285115265815
train:713,1.0796059511140745,0.14857774418738046
train:714,7.850728144008587,3.309761006326209
train:715,-0.3697746637198437,0.06668744336680942
train:716,0.26876801460981387,-0.12949613603347174
train:717,-1.9426584819327979,0.9443704501413384
train:718,-2.25923894262305,-0.8889124040175929
train:719,-12.586386649039213,-6.499067874060094
train:720,-1.6760711877654861,-0.17777012890580096
train:721,14.595769917096463,11.904564654143398
train:722,1.0715691723739025,-0.1147504293896105
train:723,-9.306081016569587,-2.0880412801274777
train:724,-1.9042947362530978,0.13332209647815207
train:725,0.33955863874234293,3.3604098737027113
train:726,-10.22753432292605,-1.4697591731564812
train:727,-11.620830435509511,-4.273306157686365
train:728,-6.790745241783644,-0.14577787161866973
train:729,-0.03792169664515027,0.16988385084018698
train:730,3.6203731222998754,9.507216507248227
train:731,-9.709926998024505,-10.545434035746691
train:732,-0.7360902622863577,-0.017202320036403568
train:733,-7.797410300352161,-3.6845298727449016
train:734,-4.332583036103731,-0.012211830911171562
train:735,-0.5852601980164628,0.09043433381801207
train:736,1.1667243258126612,0.024761999200566265
train:737,-15.466201137377212,-11.51282725997708
train:738,3.350733418979837,12.328298074596784
train:739,0.8186164838302284,-0.061673546357207426
train:740,-1.7629550120996598,-1.9786739366564716
train:741,-15.770994802995574,-6.039694930050958
train:742,0.9756062265502744,2.636076431128493
train:743,0.6327431073843681,-0.07105713246577047
train:744,3.402012312029601,0.0027783963610402973
train:745,-12.242426559437565,-9.03526436347486
train:746,0.8440643847651442,0.017324449201297845
train:747,-1.2084314589804523,-0.08057460574452435
train:748,-1.7381296343321346,-3.8521922750263125
train:749,5.905401360474363,0.10586153115127292
train:750,-39.70970989423347,-14.294185780744268
train:751,-0.76518566546904,-2.6309506880438462
train:752,-0.2657790071752481,-0.08455726757746754
train:753,-6.351579555305104,-0.5769102166570153
train:754,25.25484776672308,8.64031584015917
train:755,2.7293632444613065,0.09127375002408857
train:756,3.7499362795439954,0.34630106171005853
train:757,-6.674809019041234,-4.515206392278804
train:758,-0.39456958945789644,0.13917040505395137
train:759,0.4012868783787159,-0.13909606726040918
train:760,-2.888038017583498,0.1919631077528221
train:761,-0.036270778222892985,-0.061709568211733984
train:762,-4.32255850695118,-0.5792577002856674
train:763,4.621667000769169,9.051293101625042
train:764,-1.2012319948216619,-2.3128533175757537
train:765,-1.6544263036410642,0.2846957727946746
train:766,0.36535127524754973,-0.0024486957175870044
train:767,0.779235268432953,0.316417188534009
train:768,0.3355571025946751,-0.021131698056809436
train:769,0.7429280808047468,6.467272143550274
train:770,-20.90683789912036,-15.399712331514502
train:771,-1.1596101144466142,-0.12303046280237057
train:772,-9.789787561545998,-2.5534830149942773
train:773,3.9164600645296654,-0.14478737761479668
train:774,1.2013789678109283,7.2629896315921565
train:775,0.24926639546049958,-0.04093173453838045
train:776,-8.553333813158265,-4.579634011328946
train:777,4.323300805493726,2.4066049489646044
train:778,-12.918366770771323,-1.1358478518992008
train:779,-3.720960068057133,-2.143037307706489
train:780,-24.508653734181227,-6.7580959655018775
train:781,-0.36144103580687226,-0.02396437110029262
train:782,-0.06532224679816812,-0.5046284423771845
train:783,-8.325918986888482,-14.137216662137682
train:784,-3.9680689888991565,-1.1903632552093015
train:785,-0.9266841682169799,-4.787049133640205
train:786,-0.9019889670639943,0.26390388703153544
train:787,9.725955750445907,1.9729186544403254
train:788,-4.045260931822577,-6.481934310778349
train:789,1.477813193035241,4.499064547129346
train:790,-8.395781986413294,-1.6512128812628117
train:791,14.317901424529806,8.2431452918857
train:792,7.214476922782197,0.38659617813955083
train:793,0.68846962394484,-0.13150694015050918
train:794,0.044197431138614365,0.23140197400065712
train:795,-1.458211557461191,-0.04351011468802757
train:796,-1.7545456028003668,-1.4013536000801265
train:797,-12.388125805428656,-6.036288189908009
train:798,-16.091095378817936,-8.691262357804222
train:799,10.618694885133698,1.176825825807317
train:800,4.002638145646439,5.548385877294956
train:801,-5.3181483251212125,-4.781011157517503
train:802,-5.022470741852504,-0.19808046310476413
train:803,7.054455459692806,10.865187067756839
train:804,7.881863600707706,3.4823591873122144
train:805,3.7609689800845127,0.0726154280049972
train:806,0.9852797437600483,-0.09644283897191938
train:807,-6.736536909990247,-0.3092250749468273
train:808,9.70827311702655,5.833207613829102
train:809,-8.07759407699171,-12.02912700296785
train:810,6.132521429695506,0.0012657637925445192
train:811,-2.1413937728117047,-0.07929465295714869
train:812,0.005697929846608052,0.30958787289820205
train:813,-1.836739582137492,1.0728833022976068
train:814,8.803009132354077,3.6506515797306123
train:815,-15.110878488992132,-7.246228758165024
train:816,-6.04941359763453,-0.26796728337141323
train:817,-3.0915352155139315,-0.3529486159623887
train:818,-1.364330972553725,0.08110702739899646
train:819,4.892096364731338,4.069654082402573
train:820,2.409902626174354,0.00970999979762173
train:821,-3.721134411737321,-5.431984417083851
train:822,8.368340118074938,8.971504622518292
train:823,-0.8749552360140914,0.1877347126746432
train:824,-10.761975343753559,-16.234074921057342
train:825,-0.9414448015563902,-6.25429673332709
train:826,2.284620652340923,0.00032891025323378287
train:827,-1.2422890016729013,0.1362253152921833
train:828,-2.016751059138962,-0.026495744513042693
train:829,10.200129647906135,4.602984958213504
train:830,0.6257325155457809,-0.11574762845155387
train:831,3.3558133289040257,0.4453518887054658
train:832,-1.0694911687828776,0.07794195466819882
train:833,-0.11356570014674416,0.848374419070594
train:834,-0.3609009190856508,-0.039081138510979996
train:835,1.166950158993064,0.01026027820701815
train:836,1.1468435672734985,-0.2532539607314234
train:837,-0.4493000224588961,0.17477255147747955
train:838,5.281325372039319,0.9531957331699421
train:839,2.6154345310816973,-0.9251890507508302
train:840,6.3197591035533955,0.4419016370154658
train:841,31.788393453833514,13.249075452549544
train:842,1.6239215655291726,-0.8026849292512133
train:843,-6.737606217895398,-8.119376256802633
train:844,-1.823169134988163,-0.06226516073630314
train:845,2.7849505185358683,-0.08229202790578402
train:846,0.7488529764322452,0.13840645641636817
train:847,-0.8829597030588686,0.28031273339844903
train:848,-3.637443401332984,-1.6075321384902523
train:849,-3.7647712401388578,0.2800251292054765
train:850,-0.3993891461530049,0.06271690770271676
train:851,0.5662965466165156,-0.2128263124094354
train:852,-0.17938346137471972,0.033921964489444595
train:853,-0.0625336777481261,-0.0159910584290459
train:854,0.03267982270893517,-0.3652078873486518
train:855,2.2462222703834254,0.397983934637486
train:856,-16.519670267870673,-12.878694952284395
train:857,1.3219750484373947,0.7469465776588633
train:858,-2.320364301813334,-0.8404496708936253
train:859,9.22157343974868,16.273943421846045
train:860,-15.932521665648824,-7.800044299684747
train:861,-0.2771820136924839,-0.12820633965020564
train:862,8.610092038770393,17.18475622754149
train:863,1.5385003684426533,0.19409495956714978
train:864,4.7873920592413395,0.5756701134123627
train:865,-13.397020603437653,-4.341413284348187
train:866,-4.224317005456618,-0.17115623109310335
train:867,0.5685992779444347,-0.09950469660667752
train:868,-0.11285577268101993,0.022645055440884215
train:869,-7.4184094556151905,-2.0618968321033107
train:870,-0.38805239023424043,0.17359231859629823
train:871,-1.7136355095569655,0.2117632155647981
train:872,-0.02758218657705938,0.08328545796779119
train:873,0.24095857041219587,-0.026857389666408424
train:874,-2.3813443746034615,-1.5617896616914833
train:875,8.78523258580566,1.5513568168368537
train:876,-0.056350404786589536,-0.07560929625225843
train:877,0.09620112898147849,0.029458963709210514
train:878,-6.287563345439068,-9.035438409663069
train:879,-4.241215789689851,-0.1247171415590739
train:880,7.871754456755703,1.5358976634821513
train:881,10.088188917397146,18.10065802965148
train:882,-6.364421478329489,-1.4400407865200389
train:883,-3.9698449698546683,-13.37069556482843
train:884,-0.6771128172359859,0.03894633555705308
train:885,-0.2674276010151029,0.057496948664589764
train:886,0.9157538086836008,-0.3087159185159152
train:887,1.1930046597059127,-0.23891070023258965
train:888,-2.13262033390818,-2.8957839331664026
train:889,0.04194653799827118,0.12405363764326402
train:890,-0.41994194146473085,0.03914413477012668
train:891,1.1466109928041281,0.8699144894518107
train:892,-15.746525318793871,-5.952381378538001
train:893,-3.9973615166695713,-2.3269541973583867
train:894,-1.6027871003189125,-0.013604985051287141
train:895,2.978270462249905,6.90501770876247
train:896,-20.84419133320588,-5.754626675637121
train:897,-0.7551439344067097,0.05081792619212432
train:898,0.41147900992248815,-0.3039561832508682
train:899,1.4405701285317871,4.747106044270932
train:900,0.5059251657284833,0.39540434187095386
train:901,0.5503690891401691,-0.3323036708335559
train:902,5.497918802308971,0.6885310774596105
train:903,-1.2535664807404023,0.05421232617500693
train:904,-3.09403274684718,-0.2727713148179671
train:905,0.7517484762728023,0.2501686469049482
train:906,-0.8420312456144875,0.19450753462968773
train:907,-0.8171259022123158,-1.5614571193433586
train:908,-0.017163292019923004,-0.014143814930680565
train:909,-15.563744334318061,-6.5079670553882805
train:910,0.27657756542014117,-0.0607047367964553
train:911,0.5695425934833702,3.9472616643171907
train:912,0.7039894658969078,-0.13489798760435662
train:913,0.5827344823884517,-0.004215193197488823
train:914,-0.8669612295901256,0.24960099954193352
train:915,7.182783566306477,7.567019790228778
train:916,1.6321475652769082,3.844866867935238
train:917,5.140955463664205,11.714385240253847
train:918,-11.74409467181757,-8.394117009858501
train:919,0.04297307358721629,-0.1589631543226831
train:920,-0.5932472306932212,0.20060828150879303
train:921,1.4629316814109004,0.29134226860245865
train:922,1.7553674020610797,-0.4222653636322529
train:923,0.17739065626248238,-0.06150556325342513
train:924,-1.415557562499432,0.08636151035314496
train:925,-0.5005649680142449,-0.29764101717432356
train:926,-1.182323144184986,0.15919556029371218
train:927,31.40638088013586,17.538289116607025
train:928,3.06267488699357,0.464257584569108
train:929,-0.5496838590956034,-1.9102088740223442
train:930,13.203086564434303,3.245820716603048
train:931,-2.225794710681766,-2.446012061670684
train:932,1.8392085804886182,2.744263541718318
train:933,-0.2163965084494458,0.12406319591753442
train:934,-0.1109747206009149,-0.35508382030575153
train:935,-0.26448735296329756,0.27470209773212007
train:936,23.610707826751497,7.712913294189722
train:937,0.7958999672182532,-0.2969415512228632
train:938,-0.1871310620640203,0.6998287079908243
train:939,-2.7681690663325345,-0.17545674121074034
train:940,31.596550317319785,10.605999766851088
train:941,-0.3294729136911772,0.02697780690158262
train:942,0.19027418931187204,0.06307983680337254
train:943,7.117802189826922,0.20247970601445442
train:944,-6.099059735165113e-05,-0.04045046829582452
train:945,5.163501123469596,4.388516114812298
train:946,0.5515275447804562,0.7605575602199353
train:947,-10.60507811941313,-4.9983822924374754
train:948,-3.182515186499555,-0.36899439056783645
train:949,-0.16564541183417014,0.11027217541423473
train:950,-2.980327658294692,0.047191987714601646
train:951,-5.9820406907792805,-4.403849643812262
train:952,-1.3779576745971944,0.2242590185740515
train:953,-0.03974765612231601,-0.5475297934794776
train:954,0.1786402355329476,-0.01936149139584746
train:955,28.895681252493468,18.572268417942947
train:956,-1.4798780602019561,-0.3735676681542053
train:957,6.848246403931614,11.906537938467403
train:958,6.146344326493748,2.549150061053893
train:959,-1.3251031795950143,-0.9030749132701488
train:960,6.447311729477591,0.2927897051807816
train:961,5.228144505667827,9.064546861517858
train:962,-3.6113611218604253,0.09300244238933873
train:963,0.5777665011069435,-2.7303436156616483
train:964,0.5132781685549592,-0.2743579170164511
train:965,-26.52203034296631,-9.991757160534295
train:966,13.946989196720585,4.770905861882647
train:967,0.45835828208815566,0.5473741263820873
train:968,-2.0592988206849263,0.16702749610224277
train:969,0.10245123368708699,-0.3471443182464763
train:970,-25.03883519021439,-17.189982238152513
train:971,0.9101738810846338,-0.28045595334016626
train:972,-0.21258779641206554,-0.39153265863666653
train:973,0.1837916263660133,0.08136774002928279
train:974,-6.270748246172326,-0.9574546461499334
train:975,-7.123025699562158,0.014816186839768763
train:976,-29.07024687091917,-8.703186518947781
train:977,7.317050516042061,6.812424565992804
train:978,-3.796379981815126,-0.06781031509083929
train:979,-0.20284849352030082,-0.17756013219347183
train:980,-0.8967275072541702,0.19469228037864578
train:981,-3.2778616530700395,-5.731944177489375
train:982,-6.409125057595534,-9.592342272397806
train:983,-0.26593510288357614,-3.293999614533979
train:984,1.0252938267164051,0.40470425741444827
train:985,-1.8018736355988376,-2.116336767844918
train:986,1.1357662347508533,-0.19101261859462682
train:987,6.958163817917464,13.014097120458606
train:988,0.21054152590457065,-0.13310260131042856
train:989,1.4224262979637747,3.1795131133986447
train:990,-4.455212196499427,-11.054170473234175
train:991,-1.0243735813909467,-0.01727472039748172
train:992,-11.457720067323676,-0.7408296272662933
train:993,1.432533814708096,-0.18997797107005682
train:994,-0.09935366825432435,0.14862681950602258
train:995,0.14002159939281303,1.0751235049971342
train:996,-0.37836120619820746,-0.8241105856628048
train:997,1.7761893840150154,0.5052282712643845
train:998,-3.9612226288073056,-0.14074208768626076
train:999,0.04219794158510183,-0.04531969573255126
train:1000,-19.1955974933511,-11.485806161275425
train:1001,-0.48851038104958766,-1.847994066796209
train:1002,2.4040927973757795,-0.14102241617792294
train:1003,14.766187842522806,3.989744912250558
train:1004,5.460579500094053,-0.006388559307528324
train:1005,-5.1950914415634575,-7.054080054454149
train:1006,0.13171354188626908,-0.05794917192078047
train:1007,-9.047202502565455,-4.335700289550679
train:1008,-0.3021430308431955,-0.3861534901345726
train:1009,-3.1353986906997124,-5.976526435309931
train:1010,-9.969879469098593,-4.265643274937692
train:1011,-0.6973861977429311,0.117706230223658
train:1012,1.527302157635078,8.840754278217887
train:1013,11.428309742606881,2.5962289843208004
train:1014,-2.3529391399360824,-5.978337656953769
train:1015,0.4039033121018526,-0.06541332816111506
train:1016,-20.312933130603877,-7.786739752543569
train:1017,-2.196775088885405,-4.616027069283149
train:1018,4.307100325814205,2.5776516936417924
train:1019,1.4657741807726805,3.4708239195367327
train:1020,-0.8570550216818612,0.2600661685815586
train:1021,4.133921726326651,0.2744141368871225
train:1022,-4.7537620337846676,-1.6023438501519467
train:1023,2.058132172158538,4.845186492436677
train:1024,-1.4212999784083342,-2.595328569106917
train:1025,2.128146734455992,3.0317581711887396
train:1026,4.19155928208022,-0.11245630090390074
train:1027,0.05001400122615614,-0.3628652541875399
train:1028,0.8315283767849286,0.7196862367788279
train:1029,-10.440904022319911,-4.036353685306561
train:1030,2.0439675617471296,6.4500233103340445
train:1031,2.1646463975071253,3.9879074410176782
train:1032,3.2374523342575654,1.264905037887577
train:1033,-2.924880788997241,0.16296337494678603
train:1034,-1.4675782297938347,-1.092276672628726
train:1035,7.9483661839114585,9.35369179123843
train:1036,1.0639175769378253,-0.2392789077832157
train:1037,6.76037811894998,7.288501949567186
train:1038,-7.237160835859109,-0.9778010735338281
train:1039,-7.185415631579404,-11.851183321430913
train:1040,4.287659378265596,0.42106274451542963
train:1041,-1.1939841793488992,0.18483484638964712
train:1042,11.624125125530005,10.823090715940209
train:1043,7.838449699758569,7.197462097696867
train:1044,-0.839301720957469,0.2879375970412556
train:1045,0.9473053656327673,1.8544966293582257
train:1046,-4.2351021379712686,-0.06241902041989483
train:1047,1.9574965832476399,3.256804457687046
train:1048,-1.9799405994206136,0.07925857128374608
train:1049,0.19470949253584682,0.9048745195695009
train:1050,31.274608672234642,17.84126986232524
train:1051,0.5282033823284668,-0.2743835959622522
train:1052,-1.1869007118519939,-0.33685055617007365
train:1053,1.720087214938299,-0.2033368006494427
train:1054,0.2758095233943544,0.18463126941376828
train:1055,-0.929612212211172,0.29606220150151386
train:1056,-2.97416751492806,1.531202125581607
train:1057,-3.446055418053667,-4.300055344884148
train:1058,-16.526253485234562,-4.923941881776239
train:1059,-0.07648477526586503,0.09741287266108553
train:1060,-0.8802115817426303,0.1284338951536945
train:1061,3.5040758919103565,4.282248933403538
train:1062,0.10374811820944313,-0.03342078555236383
train:1063,-0.7039731344386622,-0.1200993537999831
train:1064,4.788565973354603,0.011265573269929371
train:1065,-7.146628579444208,-3.9786782023940126
train:1066,-1.9046169233740846,-0.2924669949170186
train:1067,-2.5916467875172207,0.035624763917678645
train:1068,-3.814048667740067,-0.1915384663403097
train:1069,-8.626843617556121,-7.42457987897534
train:1070,0.02285055847819356,0.019610945333672275
train:1071,0.7429694583715113,-0.2999250167425229
train:1072,3.4492315543716345,12.268645312857549
train:1073,-0.5695936749147972,0.1508371347658537
train:1074,-0.2742949985776959,-0.3556784305618574
train:1075,8.977164986283643,2.687767578382901
train:1076,-0.20274597943635042,0.05666552146387361
train:1077,11.866662755077506,6.244457072120465
train:1078,-0.4593243191532076,-2.614162078600696
train:1079,0.4560071994462646,2.2715465335236313
train:1080,6.592054177351812,0.2659696155604253
train:1081,0.27787596092105893,0.006380011170456917
train:1082,5.2451585891882235,-0.03998004427482907
train:1083,0.8195121454299127,1.0832988253753497
train:1084,4.462344307149972,8.525205685781364
train:1085,-0.1021517680922166,-0.6860731271872822
train:1086,0.7566407923971091,-0.3351753616085758
train:1087,-1.0035399765249982,0.2367317818624889
train:1088,6.498333523713638,6.383275170548342
train:1089,0.1991017909853753,1.9973028107298259
train:1090,2.124249804516437,-1.3115810041850928
train:1091,0.15334715178603855,-0.035890458164786226
train:1092,3.390469830568215,-0.1144050475685855
train:1093,-2.5786342401444924,-0.21026540820901402
train:1094,-0.0013463684368154316,0.27519620344757656
train:1095,6.241469957735994,0.07469470931083762
train:1096,-0.43876733959315717,-0.5176951382828803
train:1097,-1.8027274547152765,-1.3922512697584908
train:1098,0.014246349173570788,0.1235173756584507
train:1099,10.578032359916163,4.433181502495521
train:1100,-2.7197252339808626,-0.1390183171189558
train:1101,-0.37346505451293655,0.12300080086541823
train:1102,24.832089912674366,11.577952430569274
train:1103,-0.9110090441604249,0.13787126438762987
train:1104,3.894364211419158,0.4986668726297693
train:1105,-0.11998038528644983,2.3658147995243906
train:1106,-4.650390643844264,0.17093026788158247
train:1107,-0.8282815731619254,-0.22334540723524282
train:1108,1.103882262518129,0.0003119336168430492
train:1109,2.8950922547235605,-0.07062900737494185
train:1110,14.527097103761735,3.146654904994776
train:1111,-9.991906282111747,-15.803567965344865
train:1112,-10.063373243494285,-7.1557218870808885
train:1113,-15.464579508693225,-6.277164119884604
train:1114,-0.8022515967934231,1.9689128815561612
train:1115,-1.1177629820367643,-3.4968050807523183
train:1116,-0.034767238324954375,0.18737741867598268
train:1117,0.7820533596795067,-0.3559416397563188
train:1118,-3.870780566189621,0.036851932205352
train:1119,3.260932011272282,0.32651657525677824
train:1120,0.31266903180139516,0.015133821133247585
train:1121,-1.4693321272165227,-0.37112431646122906
train:1122,-0.8630296633727731,0.20747711418897175
train:1123,-2.960923904064523,-0.1866618918718676
train:1124,2.497911083474859,0.06743370206395187
train:1125,20.889417770435674,5.723615008939096
train:1126,17.10889547893411,3.046460508946359
train:1127,-0.10522835290192867,-0.8587751652429723
train:1128,0.04214389504424364,0.6460373439567078
train:1129,-8.54446878570808,-0.12558444795350662
train:1130,-0.15809516819084196,0.001706585695463697
train:1131,3.4158691477309184,0.08311183976201364
train:1132,0.9360067328654039,-0.057268537196240865
train:1133,1.3690162277673967,0.12411826299019682
train:1134,-1.7622755366634086,-0.6721491468090568
train:1135,-0.7525166913754013,-1.5388508020681557
train:1136,13.903901667140758,3.3970759844472656
train:1137,4.858941775757406,10.268620646624179
train:1138,8.055103569170686,0.5587853505832685
train:1139,0.12153861225227534,0.08854735928406
train:1140,-2.058336908486771,-0.6542740326368994
train:1141,0.9270431431213543,-0.24522957549019447
train:1142,1.5393746438842344,0.7394520346659974
train:1143,0.3242240660077546,-0.06733568257594866
train:1144,-4.370215235701364,-0.03836227068935871
train:1145,2.8691052831295045,3.6420248805495374
train:1146,5.599018610325649,0.20418935316156878
train:1147,-14.003038305937096,-20.815639388557855
train:1148,3.185743161005098,1.639276391470717
train:1149,-0.448796517910514,-0.2020470042661766
train:1150,5.505835400138933,0.27298895539516055
train:1151,-6.174441727069608,-2.8734481007869714
train:1152,-8.86222804213464,-4.446410499226273
train:1153,2.0934304910240584,0.34626882036699713
train:1154,0.0970781939219427,-0.1755712978411753
train:1155,-2.97380534498975,-7.321857248051993
train:1156,2.2418883189521996,0.9365372303855177
train:1157,0.2664548226610836,-0.07968697018466575
train:1158,5.5126454967453045,0.12562661573439243
train:1159,0.6363386552154389,-0.11786664079298101
train:1160,-8.875675286416637,-2.732494655354922
train:1161,-3.033532235406689,-0.7854269657431427
train:1162,-0.7219544766967398,0.10015895059289494
train:1163,4.3204029810707665,4.669248051245186
train:1164,-23.735073623278673,-10.342436833399704
train:1165,0.2477862176157061,-0.015851678817669843
train:1166,18.458406687216993,21.63079749068203
train:1167,-1.1149246669233084,0.13003312283386403
train:1168,-0.09236062701287603,0.3176737449485437
train:1169,12.726164080741356,5.167728032458083
train:1170,-0.5687042896875997,-0.7605573347171912
train:1171,-4.8995933160562215,0.027131880576389322
train:1172,-1.329090768248267,-0.8964337672427398
train:1173,-2.3102507411547664,-0.7875285021353442
train:1174,-1.35967274187735,-0.11615606635060163
train:1175,-5.09492146650778,-0.009570537344311694
train:1176,-0.3511635920889281,-0.6664949282652708
train:1177,2.0719745954489603,6.275654138052621
train:1178,3.7591323275282953,0.029842721288127205
train:1179,7.012378658541589,5.149468019420529
train:1180,-17.322800470273837,-7.961625927600453
train:1181,-1.3609277839164609,-0.03567618162815692
train:1182,8.780915371367731,1.7093178560554125
train:1183,-1.2462933273194525,0.07563841056902866
train:1184,1.4866431192911467,-0.19684630443740048
train:1185,6.884692136671009,10.585689432652126
train:1186,-0.36083710929870205,-0.35956194313184625
train:1187,-2.038246007698422,-0.004664788740223372
train:1188,1.942131790941819,-0.011939919407299729
train:1189,-2.1800669204091783,-6.434113836621029
train:1190,8.217651388415115,5.084451211225062
train:1191,3.4084576816570196,0.3377585324068871
train:1192,0.7067431662109123,2.5409718874594773
train:1193,4.815201968355438,0.2436606034132752
train:1194,2.162833688149654,-0.050778040984198636
train:1195,2.6672827143618343,6.9801816950520585
train:1196,0.852879433693674,-0.15520161674524954
train:1197,-6.325448459602093,-0.5307213541837368
train:1198,-2.841906679805836,-0.25873955419778194
train:1199,4.08257960463554,8.10242809275502
train:1200,-0.8383918794051295,1.5433325742564346
train:1201,0.6918886197424408,0.25858734662503424
train:1202,0.6881623141512292,-0.2996633768169715
train:1203,16.132580168212666,23.079925455568407
train:1204,-28.93569632213048,-12.937135667781817
train:1205,-6.744606000425813,-6.424288501314281
train:1206,1.4223423805390443,1.1422160279781919
train:1207,0.7224081783340163,-0.24098242051549978
train:1208,11.916725891530762,1.5901676901990414
train:1209,-1.9728964173663104,-8.732576357738779
train:1210,-2.9265684358214576,-0.08966523787973965
train:1211,14.491229727124082,4.456765331640886
train:1212,0.03775717559248115,0.029677520070140018
train:1213,-4.598849072983017,0.026264574181956615
train:1214,4.593456333648879,1.4104980981826483
train:1215,-1.0795038425651766,0.09878812286954533
train:1216,-7.957997101881839,-1.4521237291451343
train:1217,-2.043221311414498,0.040672103375698127
train:1218,-6.044458517785356,-0.47578870366957043
train:1219,4.012199385526173,-0.07874127167513462
train:1220,7.308784301018762,6.022981300374994
train:1221,1.4032503528090512,4.97312385088538
train:1222,-13.279265627423525,-5.525071736899379
train:1223,-0.862565909183474,0.20794061916068188
train:1224,1.2099053036050669,1.868963719440145
train:1225,-1.804082918714176,-0.015924863813203016
train:1226,1.80438587118265,-0.01342102393678414
train:1227,-0.46685643105379626,0.06224027793648603
train:1228,-10.084536241686667,-0.3967665984341741
train:1229,0.3595095996700609,2.9042413768079345
train:1230,-5.776685221676287,-13.994165532155302
train:1231,0.16235909284406028,0.09699287923642727
train:1232,4.945596628724933,7.939149371843479
train:1233,-0.2533860772419066,-0.0341095519430738
train:1234,2.5749458846278697,-0.6841275190604177
train:1235,1.0808070628414475,3.3061037538008895
train:1236,0.42999674956994327,-0.17271765365862124
train:1237,3.8496071667578553,2.567975866863932
train:1238,0.1936362328406114,-0.1016702877025717
train:1239,0.20743135087914244,0.023229322788264617
train:1240,12.803002687139596,10.030766272603515
train:1241,0.8815984869853912,-0.241746797135513
train:1242,-0.05091332277625629,-0.04286364722748445
train:1243,0.3575715953210946,-0.31666583481432087
train:1244,0.04233544063420985,0.27336622190722193
train:1245,-4.686796393766336,-0.12090481673327813
train:1246,8.836798332323893,3.4732813946498995
train:1247,2.288653337892784,0.016443019386674515
train:1248,-0.5951740770466555,-0.14241678293492357
train:1249,-1.338390957524199,-0.1977733143808208
train:1250,0.24548790299435186,-1.0356513159386338
train:1251,-5.750184052454797,-1.9813284263482571
train:1252,-2.9244907240701012,-0.21582062015065556
train:1253,-3.0898652355159735,0.12278973419701406
train:1254,-7.326936208243756,-6.497209859670573
train:1255,0.914530613423404,1.6462867436744217
train:1256,0.0930092448846023,0.41965211442608824
train:1257,-0.3966101078908132,0.008951329610008732
train:1258,2.270623876778975,0.2815796327217091
train:1259,7.419833321718151,1.1223147023215165
train:1260,-0.575706629258658,-0.04958668055983681
train:1261,-13.899954234381642,-3.1586892601025354
train:1262,-4.287889685000257,-0.06132060351325208
train:1263,-0.03646836772710571,-0.5438013532099655
train:1264,-16.099365313173077,-5.247335677476621
train:1265,-3.6240621751912188,-4.651216925965759
train:1266,-2.27962831979188,-0.2530439640190943
train:1267,-10.159482638009269,-8.254161619453255
train:1268,8.571264073984914,6.232440466772022
train:1269,-0.190292726589664,-0.7137641610527263
train:1270,-18.171286064848708,-12.283009604314332
train:1271,-1.4271827990943473,0.11125724830732756
train:1272,-14.60121658674234,-9.183285225434618
train:1273,0.6464890605050863,-0.3286317955752112
train:1274,-1.0755501928150002,0.20448351975180157
train:1275,-30.06622442943394,-11.191631582037273
train:1276,-0.1711714091213991,-0.47833562711061123
train:1277,6.658419145277337,1.0014434764532303
train:1278,1.3623669922632784,-0.2664095699869555
train:1279,6.080827366228656,3.222684271757862
train:1280,13.810990898011616,11.024527779668968
train:1281,6.8117978816933356,0.3180676314449708
train:1282,7.5455318607181106,1.9014408808204872
train:1283,-17.039640298326123,-8.786992326464306
train:1284,-1.6620611620838437,0.13939045935338595
train:1285,-4.028948872187736,-10.344289141356825
train:1286,7.545792213947191,2.825835566271765
train:1287,-2.376170784008452,-0.014045592962991293
train:1288,4.736557626346934,0.010035123783625866
train:1289,4.610401609530162,1.4182976499873075
train:1290,-0.3776605770620932,-0.15520874978574986
train:1291,0.11359388697524252,-0.029053938158073944
train:1292,0.39272916072214314,-0.04331046088442389
train:1293,1.6794563040414383,-0.0709748171783969
train:1294,-1.0348404785746945,0.0775042713030998
train:1295,0.40703336230682224,2.3308309450514293
train:1296,-8.885208863765781,-17.081602250147558
train:1297,11.814816199005051,15.410101402523518
train:1298,2.682344613580609,4.267267836423166
train:1299,-8.775554592507893,-17.078518494078466
train:1300,14.42133790277748,6.7163573471778655
train:1301,0.5976737598854945,-0.20455369735879564
train:1302,1.6005650913817884,2.6387655873971103
train:1303,2.7368407286754364,0.602650839104786
train:1304,-1.224848589739886,-1.6027284636957235
train:1305,-1.7082919919883328,-2.301409067397056
train:1306,-2.946103296499128,-9.530906821176735
train:1307,1.9743243514884758,0.7845873470573801
train:1308,-4.324852404865969,0.14462454181170356
train:1309,-33.06246795198368,-13.808006870534967
train:1310,-0.40184832187661235,-1.156408555819725
train:1311,1.6446043049971983,4.002848592971247
train:1312,1.016391954635142,6.8571732675890695
train:1313,9.470273072328734,1.206746505472348
train:1314,0.3396483676230795,0.018955704233313775
train:1315,-4.788104484366279,-4.950144107428458
train:1316,-0.19183624930492565,-0.07432620492706263
train:1317,18.890338273258944,7.242705546982235
train:1318,-0.10725469138219013,-0.012947247386753541
train:1319,10.857638710286931,14.536504807656009
train:1320,-4.756278161777137,-1.6343503735200786
train:1321,9.404543180315573,13.26116738280567
train:1322,5.39206010919789,0.17924211465497392
train:1323,0.8071690777891048,0.18798515372660912
train:1324,4.249842141908725,2.2658926003014654
train:1325,30.964488923415665,10.673163334915529
train:1326,2.162399921073347,-0.012647588355335512
train:1327,-2.741820389716649,-0.03719444929864793
train:1328,-0.5263696923479447,-0.5087821188561226
train:1329,0.013649280183488016,0.11694706072320998
train:1330,-6.246023987739309,-0.27180421718693504
train:1331,0.8349520217473344,0.8502987707367677
train:1332,10.86706628667852,1.2318866213940713
train:1333,1.533190324860617,-0.2862573978398786
train:1334,-12.299796323298366,-5.5527661946242635
train:1335,1.2329993323992086,-0.3084913704009654
train:1336,2.9316398041721854,5.720935268283939
train:1337,1.2026879401617774,0.7511496504432662
train:1338,-0.305423481529607,-1.0108390345583047
train:1339,-0.11532378181775682,0.07088024457289174
train:1340,-3.890812887501427,-3.160507044143634
train:1341,-2.4004566262003566,0.18148474258827144
train:1342,-0.7240586886874851,0.027870007607361427
train:1343,1.3333138964803215,-0.368019161270634
train:1344,1.6972807369873468,7.13865502923935
train:1345,7.342273164942174,1.099077966926896
train:1346,0.47139523757611046,-0.10397525840984193
train:1347,-1.1984422634804188,0.0724937383340619
train:1348,-1.814979166267666,-1.950302981370538
train:1349,-4.9786328370731505,-0.34337464900287235
train:1350,-5.049017472889083,-0.2034261063165066
train:1351,-5.860480838288736,-0.10456145167815742
train:1352,-1.2115019998759182,-0.45770159553374395
train:1353,7.616227990575978,0.3507679143321628
train:1354,-0.8683806196050937,-3.0543562739558383
train:1355,6.2528901661630085,0.2784868176911796
train:1356,0.028611687275435657,-0.047031197470195685
train:1357,-3.659116412904476,-3.956718423909758
train:1358,-0.08648640728175219,6.487208135783781
train:1359,6.848652740935572,10.142330449887806
train:1360,-1.9866312124914964,-0.6457616047646393
train:1361,-5.309160559720177,-1.2996729637130648
train:1362,0.21197439849747318,-0.2444992948037727
train:1363,0.5807126768438753,-0.024214455500233503
train:1364,-9.89272100016177,-19.277390645017363
train:1365,-2.1173134237041813,-2.354321676506737
train:1366,-2.2433327550756865,-7.592388936569438
train:1367,11.564622324856668,10.148604101668639
train:1368,20.773047315700477,5.539486125323529
train:1369,-3.4929868770942707,-1.4679045826264006
train:1370,6.769649483404121,3.400576310081578
train:1371,0.9975846882494551,0.17849129081191129
train:1372,3.3274376164331585,0.2218949862914387
train:1373,-31.302190015517148,-12.829650448377222
train:1374,0.6287318079906098,0.07796727696197493
train:1375,2.8935973157805113,3.6398190591052213
train:1376,-1.5047380742472787,0.25816564127065594
train:1377,-4.833332489422329,-0.0062384801354018055
train:1378,-0.32105699556115713,-0.4107654757376528
train:1379,5.739322035644051,0.18592292038756442
train:1380,-2.333579552771561,0.032944024636852066
train:1381,2.955588349457487,10.72422677460591
train:1382,-8.914036475055696,-7.0277779662349245
train:1383,-0.012074199995244367,0.2611610902983562
train:1384,1.6212080804907316,-0.18426476228133337
train:1385,39.00507625939586,13.225328704759152
train:1386,12.21370245144599,14.79981557661418
train:1387,8.288987243350151,0.5353975373908515
train:1388,-21.978827442531042,-9.764706204333782
train:1389,-0.5276770374911122,0.27655362105478554
train:1390,1.3748448856834314,-0.14818769802129453
train:1391,-3.0820151207427227,-0.16820871609756516
train:1392,-3.866269016662844,-8.604187335165596
train:1393,5.604027620486561,0.38899159580036496
train:1394,-2.1647274660515445,0.02961104013267714
train:1395,4.162325333786349,1.6088830765421351
train:1396,-1.7050568706587703,-0.17966038463838313
train:1397,-10.268769625247561,-5.7240567466257515
train:1398,-0.9513451980086484,0.1703350869822366
train:1399,5.920499988095097,1.4610478162961964
train:1400,21.054734632237967,13.883787091704905
train:1401,-1.1963138758326872,-0.9692285854605553
train:1402,9.985481428190898,1.3032815090832959
train:1403,3.0673396265006723,0.2513217029018233
train:1404,8.29457832894465,7.876092152534257
train:1405,-0.07478376209283383,-0.0021428309409337043
train:1406,-2.2664005160886798,-8.597429777917222
train:1407,-0.5273037095572702,-0.09400440907688834
train:1408,-12.605746701120214,-12.51478092139633
train:1409,0.23291818856930008,-0.06257423538118159
train:1410,2.50973716398935,0.3636944816572299
train:1411,-2.9200665788416584,0.11331241993627693
train:1412,0.14932736766651108,-0.2618073322561553
train:1413,-12.102095239130332,-3.4301756347605408
train:1414,-0.5711908954835566,-0.23185027408457265
train:1415,-2.7930202469647276,-7.690942447981163
train:1416,-0.5924715175455061,-0.016409910567224115
train:1417,1.0752331791567271,0.1156641120588242
train:1418,4.333381589540418,1.574664882636477
train:1419,4.273435723461164,10.697463606648746
train:1420,1.9660670861074263,8.156852621129147
train:1421,-4.449051123299834,-0.43636003766965087
train:1422,25.65340950746063,7.580215344511111
train:1423,-0.7195950255581998,0.20301468405197767
train:1424,3.3530259221451852,0.017508124994180835
train:1425,2.1246268517821227,0.009092706472724879
train:1426,3.1973395727782226,-0.03835556563128842
train:1427,1.911139063602214,4.653305420405373
train:1428,2.0423036256634184,-0.2869641394926493
train:1429,0.15737809390109803,-0.051823316739114084
train:1430,-2.898864527664913,-4.054820556518624
train:1431,1.7360763900774319,0.20389047876460575
train:1432,7.408466113769914,3.653699670597205
train:1433,5.261711475559964,0.23017245180961865
train:1434,-1.955351864141663,-0.03265027451752034
train:1435,4.104301897353965,5.346752512291628
train:1436,27.162007696707096,7.748788493403602
train:1437,-0.6140861820986951,-2.351909852852772
train:1438,-0.9789621667833394,-6.720678888253451
train:1439,-0.8786508571175901,-0.183772725147622
train:1440,-3.7680758664822553,-1.7790087201879892
train:1441,1.4639556599592027,0.3521678448607537
train:1442,-2.85000134064783,0.5779200170469706
train:1443,-0.17092453847025335,-0.796931561444473
train:1444,8.39398770063823,6.953573742056181
train:1445,-9.328659220528614,-4.945940749322435
train:1446,-3.534073406142022,-4.610915817782247
train:1447,-11.052746198487064,-0.47813590197660255
train:1448,12.57132922590843,19.293561473334314
train:1449,4.971278615107781,1.1763646034085669
train:1450,0.3420673280711236,0.19995503765977463
train:1451,0.2147569236332687,-0.0610841432206668
train:1452,-7.807092650975064,-5.571245905309227
train:1453,1.456993768121948,0.2856205714955399
train:1454,1.1100902922822522,0.467133055855593
train:1455,-5.964313425377797,-0.22513180589814047
train:1456,-5.746014681457669,-0.7756869416007792
train:1457,-9.175921139022744,-0.34951277301419925
train:1458,-0.7673045223289211,0.09116932231116402
train:1459,0.560074104441497,4.048567388075556
train:1460,26.575991631031748,10.505647587946806
train:1461,2.9711281828182163,0.7784841749445048
train:1462,34.26169705945037,10.72145116588643
train:1463,25.87415557173411,8.949319154632608
train:1464,1.1622095218705204,-0.13390492570590345
train:1465,3.462725057843441,-0.09628726735860763
train:1466,-2.921531065755235,-0.26902782383299934
train:1467,-5.56637560255708,-0.5066978444219321
train:1468,0.198119654920318,0.15485489115805842
train:1469,12.937819168155132,1.5975112980549206
train:1470,-0.5323134170929034,0.06124036831915255
train:1471,6.446280544723841,13.876874319495245
train:1472,0.021322842923268914,-2.2213038812920924
train:1473,0.5224873504298333,-0.1044506755591876
train:1474,-11.705676763367892,-6.901124840397897
train:1475,2.9611255047402483,-0.10421392994498233
train:1476,-0.9635996990599208,0.06326643714286065
train:1477,7.433094599407947,0.2261491316458237
train:1478,-0.03314282014208561,-1.0478503844630742
train:1479,2.327467355183849,3.6738059998378594
train:1480,7.087391073004423,5.196146065811319
train:1481,-1.6509705794415042,-0.03549336180013396
train:1482,1.697241684002985,1.1485390403992868
train:1483,0.8926074767854029,-0.16887051959518395
train:1484,-2.5963303561417828,0.1360314392513849
train:1485,0.3528902350498149,-0.03641559260641908
train:1486,8.105560024966445,4.310167939243372
train:1487,10.475546170954633,2.413537693687666
train:1488,5.305930611853327,11.062254145553489
train:1489,1.003176471218675,1.0695330558354212
train:1490,2.211645966812122,0.32112085810072355
train:1491,-1.4495185491087925,-0.2060771721488519
train:1492,0.33615173077323524,-0.26222597040311857
train:1493,0.00812084208473643,0.11629588545593667
train:1494,8.36813927415536,2.3515435827346103
train:1495,-4.223999002583956,-2.507803023630291
train:1496,0.9208451090615618,-2.9033652139317523
train:1497,-0.8588795864095854,0.23537372228163483
train:1498,-5.970520060392478,-4.449451742373985
train:1499,-2.811506720978869,-2.088927489079236
train:1500,0.05830171863667821,0.1323459398856846
train:1501,6.314266580252763,8.367744102058637
train:1502,-2.0361555107438516,0.29313993746934686
train:1503,0.20726967617304837,0.2464300777179256
train:1504,-22.23884407207944,-4.922236799775044
train:1505,0.3670245096608711,2.295917565018611
train:1506,-7.043841124603312,-1.191225069162549
train:1507,-2.0316618605015737,-3.304554231901478
train:1508,2.585297482524454,0.2219573290654114
train:1509,20.20267475976101,6.4278469727402
train:1510,-9.778968025211789,-7.05157949577636
train:1511,-2.8176064252030355,0.05448466566130877
train:1512,-6.07923148102791,-1.0774328153475807
train:1513,-0.32372898680371365,-0.06728218477219633
train:1514,14.06706410597241,3.8117812582002193
train:1515,13.674536981151759,4.720425048940331
train:1516,-5.812117436488191,-0.10798616708316636
train:1517,-22.16828276800092,-13.072904248735
train:1518,-0.8820377736780362,-6.618755157866138
train:1519,0.46519766843279853,-0.754803681588831
train:1520,0.11748488922967135,0.042205849744074826
train:1521,-6.055702987782741,-0.28643857706858644
train:1522,-1.6406127051724333,-3.049771155522239
train:1523,-2.7509927269604435,-0.3334025157226287
train:1524,3.6426063582303705,-0.1554952126922423
train:1525,0.6586105954429355,0.029742930051527866
train:1526,-0.20281315986778276,0.025466600941186912
train:1527,-0.8196004201797797,-0.01665314724828469
train:1528,-11.015667249501227,-7.927812462412783
train:1529,-14.736544475886426,-6.049443799163542
train:1530,11.130219242804374,3.3366197570260767
train:1531,0.02382304752628049,-0.05412657551666425
train:1532,-2.34430750055911,-0.19560857924978664
train:1533,-4.3206579283788935,-1.60747892600812
train:1534,-1.8783530940158908,-0.012695379726687578
train:1535,2.412764652028315,0.2762231472884062
train:1536,-2.445069779210945,-1.5388072905211039
train:1537,-1.5679258029450631,-0.36250047049635403
train:1538,8.794545792743046,0.7061160552094179
train:1539,1.4240779137607529,0.06797431520347039
train:1540,-6.854225867864144,-0.2293994326990711
train:1541,18.92586347136695,4.429779327498493
train:1542,1.8034850955016801,0.6621007371721912
train:1543,-1.6323353321536023,0.015403022081729292
train:1544,-0.6851149596983606,0.06676362423935273
train:1545,14.644658674519974,10.343208283241342
train:1546,25.670031201471485,10.581038690245924
train:1547,-3.9686575731634695,-0.37314111233228675
train:1548,3.3243442946301482,3.1340899114926697
train:1549,7.065721315848295,0.17414669850398234
train:1550,-0.25768760074861735,0.2234173911254199
train:1551,11.971439122621982,4.895589983219969
train:1552,-0.21118839780575904,-0.0015687638414687427
train:1553,-2.4458080665819795,0.1426133810426411
train:1554,1.2421560949409063,-0.014093669655963384
train:1555,-13.32799166407886,-3.1504848369190785
train:1556,5.849818735564606,0.09045430633141294
train:1557,-9.421966098499142,-17.120000833768827
train:1558,1.2415440323943274,-0.05403127809558009
train:1559,7.753720530853275,7.3587213121819595
train:1560,9.750403848489507,2.3767152266953446
train:1561,3.483461030248484,-0.03328525778285796
train:1562,-2.0392153585602655,-0.5391483282308032
train:1563,-1.947059381337216,-0.02275375146657997
train:1564,-4.254385943749469,-2.5526761254528822
train:1565,18.824214132070317,8.339005367204507
train:1566,14.54746509477246,9.377766088248599
train:1567,13.457047191907701,2.9051572592081745
train:1568,9.298559889587718,3.2869056032767348
train:1569,5.594890151978804,2.7247755044282305
train:1570,5.425202145426848,2.951210165929517
train:1571,-1.4949843589446186,0.011801407272312672
train:1572,-0.052530999670157785,0.6627730975697506
train:1573,0.3032746969381618,-0.10545051384611609
train:1574,0.18225833181332263,-0.02079245065061469
train:1575,8.166929930225471,9.293989954180555
train:1576,2.14139104269425,0.4618600269961437
train:1577,0.045908440015976326,-0.1313813986377037
train:1578,4.010234183563097,0.15256425786219383
train:1579,-2.336251195326757,-0.28911246863053275
train:1580,9.407815262505336,1.781049993899492
train:1581,-1.9662595021489255,-3.0979391514127332
train:1582,3.577774452399296,4.748177712275698
train:1583,-2.2548278150560614,-0.336146311081478
train:1584,1.8068422574073746,-0.18516766254786265
train:1585,-0.010713273227699271,-0.02561096216938423
train:1586,-0.01091865008296039,-0.05999043412075422
train:1587,-1.657300184865278,0.2261428545701834
train:1588,1.1752769293879481,-0.1460894428277233
train:1589,3.693513085637494,0.13198543601879892
train:1590,-1.6501799889664128,0.3746907768925081
train:1591,-4.3272402159098196,-8.201332609578238
train:1592,-2.0815908685502045,1.0690796797812214
train:1593,-9.716662707993995,-0.11239253152182796
train:1594,-1.3295173291191262,-0.0385016503007348
train:1595,4.578295872136239,1.884650416786807
train:1596,-0.5031868645060275,-0.04741267247615227
train:1597,-2.2678584941715294,-0.029023408744732623
train:1598,-16.711496667391103,-7.789470851090328
train:1599,7.0996806752499735,1.2748112618735978
train:1600,-1.629357774554237,-0.12174451826097465
train:1601,0.08036049465786539,-0.08739393512363089
train:1602,-8.640161615056538,-11.598344997213678
train:1603,-2.2157969142268428,0.7514205633214679
train:1604,0.38899971694468827,-0.05877310942897129
train:1605,-3.7277543575031675,-0.16485761367051943
train:1606,-22.48497457618825,-6.032529362885966
train:1607,-0.9235338941451084,-7.112792966777062
train:1608,-7.08039099863434,-2.1932339403152716
train:1609,0.36438006471978424,-0.014982945815137066
train:1610,23.206210032390917,8.206974499473485
train:1611,0.6017021449599113,-0.23676772087508147
train:1612,4.158872399085672,-0.19931562039779788
train:1613,-0.743614703065018,-1.4602718013086387
train:1614,-1.558976858070149,-0.04535150909318264
train:1615,-1.9225422431962622,-1.2227616678225204
train:1616,0.6479870214052588,-0.2039371886683538
train:1617,8.525264307571232,10.453893669935994
train:1618,-10.065271032567686,-0.782675752022173
train:1619,-0.4050913467863436,-0.8628499859591794
train:1620,3.923163695262002,6.0420356488026625
train:1621,3.8327523171320306,0.2607085702090165
train:1622,-1.441912283029564,-0.13466131332055634
train:1623,-0.8451526948645678,0.09742442818669603
train:1624,0.41940083806285633,-0.09041634704442231
train:1625,2.9878965579786683,0.03827283387301379
train:1626,-5.001476973259023,-3.530996311764885
train:1627,0.7036999391586761,-0.21033488402348705
train:1628,1.516368251846667,-0.08681573086067573
train:1629,2.9362898988101516,-0.3307350438971327
train:1630,-4.022503270102077,-0.18755052605739625
train:1631,-4.1790685440754265,-1.2438236818294062
train:1632,0.9195077768054022,1.9562962448408325
train:1633,1.80093991022918,0.17722489080148618
train:1634,-0.3248490868343595,0.11706040473675991
train:1635,-0.9913203442097634,-0.14998950405167288
train:1636,0.12477675553896134,-0.13935799250758057
train:1637,-12.695070174685814,-3.9156084289335102
train:1638,10.627299559354801,15.073189068466947
train:1639,0.34347648992352064,1.6215868790123775
train:1640,-1.0052587727534088,0.34383538360031635
train:1641,-3.9544441465216082,-0.024539008842997617
train:1642,1.1385399264735194,-0.33021875442572024
train:1643,0.8560364490545126,-0.08296688486751838
train:1644,-0.06659332845585647,-6.704838402553602
train:1645,21.365053365310597,12.6004903349427
train:1646,-1.8099366821201577,-0.371422334893332
train:1647,-1.0584728806532557,-0.254671581200455
train:1648,1.6844790292385254,5.991775104150997
train:1649,-1.8488557705358155,-4.417482025494835
train:1650,-0.8651341078217586,0.28705759383473234
train:1651,-2.361142358776273,0.3845919364197737
train:1652,-0.6505409807094603,0.265019494565784
train:1653,-1.3626707558018576,-0.3072997246549836
train:1654,5.0003809920376705,5.679438091869335
train:1655,-0.6523123125001672,0.0335840010305399
train:1656,9.821509104850215,6.532966305271651
train:1657,-1.718462737374002,0.13512682705513554
train:1658,-5.5031339435475575,-7.366559156902577
train:1659,-6.817114374724672,-4.028627746479866
train:1660,-0.026594122826875677,0.2862711047891681
train:1661,-3.699149441207413,-5.328299111014582
train:1662,-7.6012462300686625,-0.9417170188940991
train:1663,-2.0690497464887034,-3.4255012106598777
train:1664,0.483462144827501,1.0642727237880625
train:1665,-2.000542675879273,0.052923956399840905
train:1666,0.20477505056780282,0.13256941804455932
train:1667,-0.7118232492119132,0.04199456908445564
train:1668,13.689167902793109,6.645698589268273
train:1669,-0.08388519957335189,-0.03304630092609756
train:1670,0.17617582949893457,-0.038140005147369066
train:1671,-4.78709375593767,-3.71439391606836
train:1672,-2.5059106095151624,-0.2871567315861577
train:1673,2.5088756737509823,-0.27598467823295186
train:1674,1.8489190585585917,5.132617495185836
train:1675,-0.5019322873833969,0.21924220852937334
train:1676,-1.6623308136425337,-0.5166204744011036
train:1677,0.47465778897802274,-0.08045591195059917
train:1678,-3.9064080459233357,-0.668522994340319
train:1679,0.22868140468249898,-0.21057655143563753
train:1680,-1.530003495463598,-3.323845967916997
train:1681,29.744114776422524,10.74035315256901
train:1682,3.2057838508135528,-0.017031483716421145
train:1683,11.567385788416763,4.160081919397965
train:1684,-0.39093324520566186,0.1944473317678651
train:1685,-15.327510972246145,-4.493117933743924
train:1686,-4.630483849982194,-5.5224855817355865
train:1687,-17.803022001312417,-3.266905473497601
train:1688,5.822000922870338,9.31613319446648
train:1689,2.7320237290209706,-0.07634913521295059
train:1690,-0.12135002923800431,0.002498424521403128
train:1691,3.635431069728566,0.03222815269224094
train:1692,0.6504050520203419,-0.05902355048093719
train:1693,5.962161153912747,0.34233409256621605
train:1694,8.76693347313316,7.222334724599828
train:1695,1.4445058789974645,0.44071141787758406
train:1696,0.8398227192552978,-5.829919627298955
train:1697,-3.9039142339219306,-1.403571833014913
train:1698,3.710182666045839,-0.09765010607659688
train:1699,-14.36453132585138,-2.7816481521209395
train:1700,0.19675826323629242,0.15851164437054244
train:1701,-0.9025810382019118,0.2879382390149006
train:1702,12.715729495253003,5.52501917790242
train:1703,-0.43266019670530265,-0.004264054524915947
train:1704,-7.944770228011601,-0.8479410753486711
train:1705,0.4269371342117695,-0.03976020396660951
train:1706,1.0696025756613854,2.9792535719956765
train:1707,0.13101209914631393,-0.020433801374259097
train:1708,0.9983941078420066,-0.23613138233204883
train:1709,-4.584581716029418,-0.5294488197584815
train:1710,28.89512335271687,12.119361617407618
train:1711,0.36160625676799807,0.5132280475158875
train:1712,0.33499501856975,0.014598415113294294
train:1713,-3.919566112154461,-0.48379154712848843
train:1714,0.9197706870751252,1.4949940986979826
train:1715,2.102159995320176,-0.3083347288315786
train:1716,-13.456566176427197,-8.952976466976803
train:1717,-0.006553084331060666,-0.15558152248229606
train:1718,-1.868378078468512,-4.961482788607751
train:1719,14.76842130129513,8.51085001379206
train:1720,2.709063596173213,9.71283923914257
train:1721,-1.5286724395799252,-0.5580156483365537
train:1722,3.841918378003338,3.628109174498292
train:1723,2.1449125525758013,0.07126164824844333
train:1724,0.6857944945160401,0.13954431903697764
train:1725,-1.9810445436035624,-0.0037155237104420924
train:1726,-1.3057582372996288,-2.5765535505452406
train:1727,0.5850880058418655,0.04420902150777693
train:1728,-0.4324456377495516,-0.06717761439846176
train:1729,-6.992121955646515,-0.31594297249001946
train:1730,7.913619255991812,9.215788433924315
train:1731,-1.007319515053227,-4.1424819150863765
train:1732,-0.8636340547974238,-0.4597999933881251
train:1733,0.13629854821696502,-0.1833549429655188
train:1734,0.2937494880856675,-0.0917770458502615
train:1735,2.7614178410423746,0.7974055634972477
train:1736,-12.224988472086952,-9.90934714638287
train:1737,27.14265973245459,7.500501619668805
train:1738,-1.5315874659126631,-0.04356232854448985
train:1739,0.07700263537745052,2.54953039477337
train:1740,-4.9427533726070045,-0.41363723784307777
train:1741,-0.7689582302500614,0.1850070379873246
train:1742,33.983011243711,16.474771038594458
train:1743,-0.6250398468375272,0.19958640212671858
train:1744,0.07083075286968624,-0.1764519430213436
train:1745,-11.226693769833366,-4.02368939988069
train:1746,-0.15816258108051456,0.1362136171057628
train:1747,-3.7210911745046342,-2.9637635210640787
train:1748,0.05902896424130112,-0.02523412363975283
train:1749,-0.308418241038751,0.06038326217263528
train:1750,-2.2634027346224124,0.007221709949493518
train:1751,8.886262656350263,5.814460842107806
train:1752,-4.609131165865767,-5.5752358428434805
train:1753,7.638180416952251,1.3290209430678552
train:1754,0.960880926863382,0.2978784162737029
train:1755,-8.582937834970615,-3.2189996881758978
train:1756,41.61887762541996,17.329870803479803
train:1757,-3.8586620532088953,-1.3592934841092374
train:1758,-0.38370158558059664,-0.6448746825088307
train:1759,-1.2467368576418498,-0.09768077815074822
train:1760,-4.5138363050246175,-8.788458879591168
train:1761,0.8366103788332797,-0.10130093886546565
train:1762,5.007285001773103,7.029588557416647
train:1763,10.478022316129778,3.9713622109163986
train:1764,1.3753960441710649,0.02034778841735431
train:1765,8.117736187590753,11.479934182516692
train:1766,0.5751385607009145,-0.3501160855797155
train:1767,-1.944850563138358,-1.9432003276227592
train:1768,0.5876820073448179,0.017336504039743364
train:1769,0.8660656273718694,-0.08254931667663021
train:1770,0.1890468098033507,0.22747052739850615
train:1771,1.0369152277503562,1.6368193443399799
train:1772,0.8602392940382372,-0.17517427280692804
train:1773,0.1311576180047106,-0.24310678263730212
train:1774,-11.885382790241673,-5.521348860401457
train:1775,-1.416358846053575,0.14761093187796842
train:1776,-5.346117700588123,-0.4490408004190773
train:1777,-0.12229985360766688,-0.09514469693126792
train:1778,-11.904968791732198,-0.4781889717979248
train:1779,-1.8025194045902526,0.12034360061824269
train:1780,0.5454227264750041,-0.17513489842336633
train:1781,-0.1671043197499807,-0.4217663361188512
train:1782,-3.1364907795124077,0.2509795309490235
train:1783,-5.430262004560948,-1.2090819227510254
train:1784,2.124369752968406,-0.028530230324541175
train:1785,-0.39826056139658994,0.012668927657960391
train:1786,-1.1786003254673778,-0.6524862073659017
train:1787,0.13528758733011667,0.08451565779767718
train:1788,0.6373134688459283,-0.5425084182888793
train:1789,0.2872167141599147,-0.08926543095969727
train:1790,-0.2258609294721146,0.04045433164922366
train:1791,-0.9129358905138593,0.05787350187260114
train:1792,-5.005689116572357,-0.04599954582263582
train:1793,0.5868829321439577,0.10127712602172356
train:1794,3.4763333956859306,6.653087277940115
train:1795,-2.1623075757705394,-10.750784570815542
train:1796,-3.218332817073794,-1.1274678132586264
train:1797,2.9330071235413375,0.14840754984104307
train:1798,-6.147647660465403,-2.581734420521426
train:1799,-6.765199011013102,-14.374177408844467
train:1800,-2.3734189433603694,0.6315780288889339
train:1801,-1.175122517734994,-6.854595161249514
train:1802,-0.055083856064586045,0.14005939589150504
train:1803,-10.997180310570606,-1.6655414476982149
train:1804,-14.197308306479036,-3.5420439648917657
train:1805,1.8048177785930348,-0.11867196106546604
train:1806,-8.219986836973481,-6.961579926532607
train:1807,2.4149936940940746,0.020563919544513712
train:1808,2.5108869024456277,-0.11556117077287575
train:1809,1.3007093037028215,5.649301851720384
train:1810,-0.36054607158190877,-0.7392676340575355
train:1811,0.07104008151503158,0.1009558538775896
train:1812,10.866520474730413,7.467338117131523
train:1813,-0.8589765214957698,-0.19238159172744634
train:1814,1.038153300337929,-0.35804831193768044
train:1815,-1.2835138433736017,2.1964239188689447
train:1816,-0.319042977367629,-0.0010273660674951918
train:1817,1.9324308436596955,-0.12067613145483819
train:1818,8.080174655298157,1.1103902558563379
train:1819,0.19334473020733758,0.035300995209369565
train:1820,-0.539123746157515,0.32572131257139864
train:1821,-7.4295581528175925,-4.458723553737908
train:1822,7.975907836216308,7.909344104773743
train:1823,5.565897030421832,8.929981767157887
train:1824,0.20406198491583516,-1.6920813514877189
train:1825,-11.761529039836338,-4.591130475364106
train:1826,-2.672527377796932,0.08570056282038621
train:1827,11.489590383901653,12.149500710772768
train:1828,-8.623306532972473,-8.737874780222409
train:1829,-3.7395892714307886,-0.09675562279785799
train:1830,-0.6068469675808219,-2.1145619247076306
train:1831,-1.8886144981152575,-0.047526230480917225
train:1832,1.954762874342297,3.8496448637839658
train:1833,20.201138675709434,10.749380728626203
train:1834,-0.684587744409473,-2.5056134655183158
train:1835,0.724570388655704,-0.0024644597370926807
train:1836,-0.006641650920596015,-0.37932503046362565
train:1837,-2.5704898332390846,-0.20265245674384297
train:1838,21.450012202957257,8.136522314416782
train:1839,-1.3518296008513064,-1.0203502307614185
train:1840,-0.8426416809533847,0.2686373727075413
train:1841,-14.784745156918795,-4.457771435491927
train:1842,-14.193103601829389,-4.440468961811135
train:1843,3.45249712773067,0.15912608447923915
train:1844,0.004217519543574327,-0.08673805204962737
train:1845,-0.4814648042458428,-0.013285924149708264
train:1846,-16.606168908900752,-9.202276803105883
train:1847,7.646922706451583,0.2040521134623428
train:1848,-0.15873070901968617,-0.7360188194312642
train:1849,0.8370983086795649,-0.30819049875266236
train:1850,0.36856640516845096,-0.03827325034391485
train:1851,0.9878907147145392,-0.27977874247506684
train:1852,1.2729184561644233,-0.14078987905761284
train:1853,-2.8374946224058863,-2.825473552954845
train:1854,1.52948680017695,3.335478185224407
train:1855,6.596512726399812,4.050632260639586
train:1856,38.57433299987806,16.23429170566968
train:1857,0.37152025202731087,-0.2946358672115429
train:1858,-0.7677731581412656,0.007041529346455688
train:1859,-0.912129492878431,0.2713489267233292
train:1860,-1.0386137407304368,-0.19694217250172463
train:1861,-8.103763295846123,-1.8457251892738702
train:1862,39.97229966342463,17.2526136977858
train:1863,-1.6543909699885462,-0.035268956345994196
train:1864,-0.9964518598632875,0.08571097705951666
train:1865,-0.9504316371244649,0.023932569251190194
train:1866,4.914012527622131,4.729228932847435
train:1867,3.9316193637511048,0.5339941830028205
train:1868,-30.160353279741994,-9.21022243957999
train:1869,-4.3225594367841405,0.06389885251361815
train:1870,0.6487715679661035,-0.2617651046563935
train:1871,0.8764362868441539,1.4421939063065865
train:1872,2.231608318193613,0.7344891504075015
train:1873,-7.051147752010858,-3.4461724767081567
train:1874,-4.915605969477619,-5.229666850835733
train:1875,0.46446867939137376,-0.21453610221735975
train:1876,8.355827355918747,5.058124014703277
train:1877,-28.86626383526661,-14.85281241542064
train:1878,-0.2519332132403425,-0.41699661459710385
train:1879,0.27825847095539075,0.15282247392830506
train:1880,-1.9312935985669633,0.10327872851651561
train:1881,0.938127449391207,-0.29001223035924184
train:1882,-2.6683998492830487,0.02677166203112366
train:1883,-0.02191880646984251,0.07669352991983454
train:1884,-0.4177492791135704,0.1062173272114284
train:1885,-0.6244103499229295,0.033650409637597786
train:1886,5.0132219852290945,11.820539719622703
train:1887,16.86820263798123,6.2731706986720335
train:1888,-6.564873008396163,-11.918661884563848
train:1889,6.184548373362396,0.3109716827552622
train:1890,2.0034133620695513,-3.5677057913956816
train:1891,-0.2598068062958588,0.08569842290823612
train:1892,-0.4732149775284815,0.07496184167757423
train:1893,6.2937916584515206,1.5920586592356736
train:1894,-0.06017504021342693,-0.0719917034321211
train:1895,3.112373761384353,2.1892951581929347
train:1896,-12.003781210664814,-10.779339558546383
train:1897,0.5017158119140318,-0.012557997366651613
train:1898,-0.966028887670536,1.1443167084055332
train:1899,0.4041584350205273,-0.0696596985013547
train:1900,12.058552383239284,6.065516476843204
train:1901,-13.282399164502099,-15.397500518316166
train:1902,-18.481351883355945,-7.87324242001245
train:1903,-0.1326458725064848,-0.09201771463674197
train:1904,0.6312070233327944,3.0546443889731747
train:1905,-2.835483393711241,0.0340162632848587
train:1906,7.612243656338089,2.89816031712061
train:1907,-2.68748978488888,-0.19492908581172713
train:1908,-2.6236014270549814,0.042388740902502775
train:1909,9.113870887875933,2.4094233559270872
train:1910,2.2196873947170994,1.4515321976079727
train:1911,-0.542660133366442,0.11574050692258252
train:1912,-0.8159066587422033,0.08301611435849948
train:1913,0.5651705189007434,-0.11259025940449657
train:1914,-0.7299677771546464,0.05244133487958992
train:1915,0.8375137115548922,0.33147061454505367
train:1916,-6.914847257589566,-11.300308304527038
train:1917,-10.307785416291164,-7.3808589058543586
train:1918,0.13238569488795268,0.14237007303117552
train:1919,-2.9826689776904924,-0.1742454082729777
train:1920,0.8952351847331916,5.651204376282627
train:1921,4.43808961436226,4.674213788719882
train:1922,-2.1381691121029536,-0.5521296059765077
train:1923,-21.57161453592434,-10.498264665526241
train:1924,0.365331051380648,-0.06120269435378195
train:1925,1.337453512822698,-0.19514493161726648
train:1926,10.751886018133403,1.0252066302367737
train:1927,-0.31738229569928117,-1.7910950866725246
train:1928,-33.81776754687295,-12.35725485498748
train:1929,4.042169761525157,0.35007287086581257
train:1930,-2.56271085068735,0.8816155290885195
train:1931,1.010628385026377,-0.5897454097332735
train:1932,-10.499694570945122,-12.142043604731
train:1933,2.437681618342499,-0.03965805882664508
train:1934,-8.085162917294259,-3.222407854926946
train:1935,6.27870604849224,5.524168919474783
train:1936,-1.4890520246534322,1.0474374642600404
train:1937,-0.9421342726969725,0.28682034890769204
train:1938,-0.8028690058795277,0.2268986715415963
train:1939,-7.353556396084254,-4.910314921204446
train:1940,-0.6323794833151887,-0.19793038393263762
train:1941,7.114423176846644,13.918493613563214
train:1942,-3.4651839417273798,-2.761948406188803
train:1943,-1.9464157044699628,0.27115041420620556
train:1944,12.85914135216003,5.2869844806179085
train:1945,-4.920323941921739,-0.15745294698795745
train:1946,-6.788230043624137,-0.40300672492465545
train:1947,0.5752285220398913,-0.1780885478337348
train:1948,3.1980402019143366,-0.0379110345473091
train:1949,-0.29960574915086396,-0.046839461341547345
train:1950,0.08935128201602435,0.5785441580907478
train:1951,1.1372404849105204,-0.2328333497263254
train:1952,1.7125623092431583,0.2940973341652985
train:1953,-2.2012243396037947,-0.08942421244123416
train:1954,0.7350519307085878,-0.2847548941888932
train:1955,-3.1492341402429265,0.04792248239223842
train:1956,-4.341574520836611,-5.467239327095824
train:1957,-1.1720431434263987,-1.4706853271350415
train:1958,11.239821443416446,0.9347907767494219
train:1959,0.8634746478260401,2.0108216344076335
train:1960,-4.077648873520164,-0.18818821987812395
train:1961,13.57485888773245,16.131201580499756
train:1962,-0.0728371567889782,-0.07293269413492204
train:1963,-0.9573714454288959,2.6655492985109146
train:1964,0.41096144165057097,5.3072309027739895
train:1965,0.6422213596723318,2.4419089342952196
train:1966,-15.940518229113433,-6.003690765464832
train:1967,-0.0285020238337296,0.15581649634790523
train:1968,-15.379892182271176,-4.303428131754315
train:1969,0.09585662586942761,-0.032873824006800056
train:1970,1.0385435977233093,-0.035896093266781476
train:1971,1.2994712311152483,-0.07959552460545177
train:1972,-2.7532303699810923,-0.11992302503881544
train:1973,-0.45959885233494313,0.084936899504423
train:1974,0.31647495433989237,0.005999962772600398
train:1975,-8.414318206490847,-1.862322918553232
train:1976,0.5670635425802213,0.7154935782335556
train:1977,0.1961670057022159,0.13385586189879028
train:1978,1.4791823720703148,0.01681393749269064
train:1979,-0.8214061557900437,0.18692140339679786
train:1980,0.25383024809133276,0.0920772157060435
train:1981,0.5454840954504302,-0.23787127357088445
train:1982,-17.396725910005262,-6.420226662731785
train:1983,5.730805695554243,0.08425968863932355
train:1984,0.9009471486126208,-0.16934943193437474
train:1985,1.4666798380766957,0.046853881594886945
train:1986,-0.16536169655194471,0.0657236982648125
train:1987,0.28547211506683656,1.3715914994169465
train:1988,-8.21830383931407,-4.661846868240941
train:1989,1.092172643582003,0.11828457714742314
train:1990,-1.93798793096969,-2.757261142615239
train:1991,0.20655998116556434,-0.025172708161045165
train:1992,-7.26559512780652,-1.4445461575608447
train:1993,-0.9024982830683826,-0.2838407237183735
train:1994,7.172699527844421,1.061365011158516
train:1995,0.7408388623704977,-0.1498838637218633
train:1996,9.896229551763295,18.33134284200447
train:1997,14.499229080087574,16.889819268934666
train:1998,0.8851469620228113,-0.23109331582667975
train:1999,2.1655411292738487,0.6168746925056445
train:2000,-4.106629907248643,-8.251249056356167
train:2001,-4.334935513495064,-2.7506767755902124
train:2002,-0.11891107738129869,-0.2211369465659418
train:2003,-24.659509833774027,-11.73245300633839
train:2004,2.1514966997726495,7.7850192033560175
train:2005,0.3459014942858113,-5.054338427267829
train:2006,13.275294602686758,16.36682131559248
train:2007,-0.34955149419279263,0.07830545441209463
train:2008,16.937891758742335,4.299171358686473
train:2009,0.8235322782368005,-0.05322410323256499
train:2010,16.30467551230065,6.137596136420458
train:2011,-6.574732957114618,-4.33366252254055
train:2012,14.600943507691474,2.7688411460661864
train:2013,-1.4436940754410825,-5.043751283235649
train:2014,-0.3171489076260699,-0.7715553418821894
train:2015,0.47350456364814125,-0.14970033058979032
train:2016,1.6387689057921966,2.807949039234807
train:2017,-3.104855072680271,0.027398370969480917
train:2018,5.612809892803216,4.654312605724017
train:2019,-3.8284341134797137,-2.074789517486001
train:2020,-0.17167630841922266,-0.23038115306312879
train:2021,-3.052785821613656,-0.22252539289932716
train:2022,0.9169786311514794,-0.17114296363777276
train:2023,2.8050046909222575,-0.4716964783345425
train:2024,0.0005100430698230796,0.23239410860384527
train:2025,-3.19712193248392,-4.55512602545636
train:2026,-0.9997106919333559,-0.10108495039911625
train:2027,0.05478520660729254,0.7668875630207206
train:2028,7.497276319541042,0.35018500226247745
train:2029,-3.3753016385522177,-0.5257673148954614
train:2030,-0.06284238229117842,-0.12379797796020395
train:2031,-1.1725115467805032,0.09531575875399434
train:2032,-31.253243608450056,-13.741756331654566
train:2033,3.6625617358646534,-0.122902781377415
train:2034,0.5901225864092053,0.14724857342055267
train:2035,0.7430124631459576,1.6280231641166174
train:2036,-0.15574141227918809,0.1952627809578606
train:2037,-3.8115632242353112,-0.3041170333141502
train:2038,-0.8525358010331561,0.27731400317211863
train:2039,0.20134966216859523,0.023810594258634896
train:2040,-2.8051322511147267,0.1042167946727114
train:2041,3.5345525619566063,0.2791413454874881
train:2042,-1.542432107736818,-0.2980557321490116
train:2043,5.487797570528475,0.23446597154756535
train:2044,1.7268245521154721,0.5708197172025569
train:2045,-0.21732366814068393,-0.3910439027015853
train:2046,-3.094001132526506,-0.17263020258208744
train:2047,-10.762841948073211,-12.379222337155475
train:2048,-2.133375823188993,0.13632089803488745
train:2049,0.5534787992491168,4.313089061989058
train:2050,-3.5452234980938657,-2.77406801264207
train:2051,15.54557661993273,8.830346316163073
train:2052,-2.1420716210402744,-8.813193410830044
train:2053,1.978353201479373,0.10593742670219622
train:2054,-0.6554832753554208,-0.09769761212632894
train:2055,0.3000477116470078,-0.10142847762961119
train:2056,-1.8116057322851544,-0.17148634820745767
train:2057,-3.295756753320984,-0.27225424071209964
train:2058,-18.972800217565652,-7.3487796254731235
train:2059,3.595884808980713,-0.07762766139222621
train:2060,-0.6594232100694224,0.0900787517490716
train:2061,-0.4768272623528502,0.13269745612153988
train:2062,27.502270770455805,12.692868345210877
train:2063,6.326400900393826,0.43343757115779774
train:2064,2.7545045329773323,8.022141442099729
train:2065,-1.1355390636687006,0.2363525180990874
train:2066,4.821495542751973,6.8603334898523265
train:2067,6.641594747680985,5.017550709694272
train:2068,-4.474337000841295,-0.44274289630054336
train:2069,0.7137159835854587,1.549273969010763
train:2070,13.018560283490691,10.55866833395047
train:2071,8.299014562001586,0.4208808519826717
train:2072,-8.225871749783657,-0.23874335910245237
train:2073,-11.617761056905247,-4.240197436900125
train:2074,-1.9218332455634988,-2.9639195919902255
train:2075,3.0354128819517414,6.194112642912516
train:2076,4.420477648247941,0.4049544844751991
train:2077,-4.186779648821008,0.07564276172373385
train:2078,-2.529674350499465,0.04688112980959813
train:2079,5.874354237906539,1.4615041882274062
train:2080,-0.7604853598511799,-0.16912588244509502
train:2081,0.16122097729979504,0.13856687849722013
train:2082,1.7905513514723967,-0.3029926521400863
train:2083,-3.239670623862845,-1.4503299121201163
train:2084,-9.914136912919545,-1.652895137534405
train:2085,3.3604118178126563,1.7043563984050167
train:2086,3.3570002606787437,0.4691953605250427
train:2087,-1.919385692751904,-0.820160450494543
train:2088,1.0406331648449187,-0.3522063517679264
train:2089,8.792668459994784,17.26272435471256
train:2090,-2.547631749558797,-0.39916158811255825
train:2091,19.170046905255422,16.292092159451794
train:2092,8.832147307852965,2.345823740218221
train:2093,2.3523717687530596,2.730451122093517
train:2094,-5.6334044712167595,-3.3194445966066857
train:2095,-2.5548909554853316,-0.6153722843387377
train:2096,-3.5153107717384633,-0.6615036545055839
train:2097,-1.2152376037967394,-2.45282126213228
train:2098,-1.0602225938276195,-2.875058456010321
train:2099,0.7881279584137263,-0.13213892753883666
train:2100,2.1495635770467283,1.9275924618851543
train:2101,-2.394442234150362,-3.71047673554721
train:2102,-11.735259399022139,-13.720330960564594
train:2103,2.456360567779568,-0.29663711305430995
train:2104,-0.15610927744438408,0.05376465655320747
train:2105,0.3923189881572216,-0.22357822967717295
train:2106,7.007403122367273,4.09167549035675
train:2107,1.1620730688834935,-2.3493159940052393
train:2108,14.352034662695193,21.722397143570813
train:2109,1.2123170578476636,5.1368630808916205
train:2110,-10.071728722481838,-9.736701316686323
train:2111,-4.099880249784737,-0.3850241871625635
train:2112,-1.0637592134947869,-1.8468154031839377
train:2113,2.0613935612692496,-0.14187495717852003
train:2114,-1.6352905737619041,0.3747013337924486
train:2115,4.738925910898604,3.0383074436545043
train:2116,-1.8243920977901196,-4.139131383302571
train:2117,1.5115256817857738,3.9442429615774595
train:2118,-0.1748809777193126,0.9208038829539835
train:2119,0.10956956992003017,1.1486918301268034
train:2120,-4.2445743463449865,-0.4486947052940022
train:2121,-1.1634800792303004,0.0991183826447097
train:2122,0.30241832078107983,-0.13826963318804325
train:2123,-0.3564741005874451,-0.0743484600134236
train:2124,1.9854813009584067,3.4516933902365206
train:2125,-1.1975631064157923,-0.012958660251554038
train:2126,14.794360851408175,6.239473074062088
train:2127,-1.952892920876296,-0.04100121035285348
train:2128,-6.4250075344023925,-3.6111945127179728
train:2129,-3.2276618311715173,-0.28377338781605055
train:2130,-16.42738062715948,-7.133644841410809
train:2131,0.7730869804365741,0.2798362462930283
train:2132,-7.604221695543865,-1.9711234706260834
train:2133,-2.4840307101098476,-4.1703124712240065
train:2134,2.0131466210470697,-0.1630449654185806
train:2135,-30.204743505300183,-12.854966465077682
train:2136,5.2754367398973,2.346785559399283
train:2137,1.96078516997246,0.07083131191505962
train:2138,4.739465214015984,11.419193774761972
train:2139,3.244549749248886,0.007419437832162118
train:2140,0.7417999609648124,-0.1205363951914371
train:2141,0.9078572022622998,-0.3053611069078093
train:2142,-0.9739278186742396,0.1188814699764891
train:2143,-2.8815045462830247,0.06487365382839054
train:2144,0.9656012238899037,0.746799494363747
train:2145,-12.745660526427956,-4.734313138613312
train:2146,10.747425609419482,14.791856244702313
train:2147,0.1416123111308455,-0.023380246413722217
train:2148,-2.719627136603477,-12.61274552898435
train:2149,1.8713422128713715,0.08287687740793342
train:2150,-0.30393179700192113,-1.7293958556137516
train:2151,1.0008721126830742,-0.3340390682568764
train:2152,-4.407588011902877,0.017957791867320383
train:2153,-0.8920351052164787,-4.979769051234346
train:2154,-7.892557317752511,-0.8134135928069197
train:2155,0.4709202091621591,-0.09955148935235958
train:2156,-0.6123188020980725,0.08241822290376348
train:2157,2.2744731527792785,-0.38275588028346486
train:2158,10.665069374230661,1.0389839553023128
train:2159,-1.4960850487122035,0.10068593962505785
train:2160,-10.333035030347146,-5.181689449787407
train:2161,-0.7349207648796586,-2.2632868177647683
train:2162,0.1729679057834811,-0.041268414049995095
train:2163,24.365393731886506,7.4933725736711745
train:2164,2.0127914248559673,0.003036469766341518
train:2165,0.0332628279754828,0.23618218109193997
train:2166,-9.928505621665893,-9.451299806620312
train:2167,0.3002083402910207,-0.9985970251300524
train:2168,1.1437395523914369,1.1117677886377577
train:2169,-0.9019408482082626,0.1772013517678352
train:2170,-2.7520694735292826,-4.478097177058371
train:2171,-1.0771722864154665,0.1416753862168503
train:2172,1.047877958360558,-0.3870073150824597
train:2173,-0.1492253753467333,-0.04730881540646778
train:2174,-2.6196677687134664,0.10182572816660243
train:2175,-8.535762759694228,-3.0343169952958866
train:2176,-22.134102108354522,-10.091547826490395
train:2177,-0.6518176413649146,0.2818428419161706
train:2178,14.735398283685178,9.26811527774811
train:2179,4.311831315919778,0.25201410714318845
train:2180,-15.615430029288262,-9.913359909646726
train:2181,14.908365811090587,2.869458388755462
train:2182,-0.33715147428312353,-0.202538613417458
train:2183,-0.12145835477796096,0.18005884779225945
train:2184,15.17331055533229,9.411776425354077
train:2185,-0.7365072923693665,0.17133442595633003
train:2186,-4.47552067820065,-0.770486527093623
train:2187,1.0354628286652725,-0.41642069290710876
train:2188,1.9266447256016268,-0.07681392413195082
train:2189,2.7933229669749617,-0.1775555670475516
train:2190,-6.0672226883365825,-0.34119086865370235
train:2191,-0.959029570056601,0.04928696170954275
train:2192,3.442493752277981,0.5036898884196828
train:2193,-14.960165583675323,-5.226111743450378
train:2194,-2.4817795845112642,-2.3053579186180277
train:2195,0.42522705516736853,-0.06650518267049754
train:2196,10.009708225989778,4.170026804463498
train:2197,1.4191532859410514,0.06778236508360704
train:2198,0.20825297452930694,-0.25501482310933
train:2199,-4.403304271451545,-2.0464382493918483
train:2200,-6.971412715939101,-0.7679338972201819
train:2201,-0.9400649294422648,-2.0771204524606928
train:2202,3.268614756112553,0.36894325817897816
train:2203,0.0006817134802478975,0.1870741931243145
train:2204,11.862544524893233,7.562353640455094
train:2205,-1.9597562504196846,0.2943802305515407
train:2206,-5.283747295063058,-0.6595305128423881
train:2207,-1.6617680322428878,-0.2248902811468
train:2208,3.4688703238826966,0.5196395096391863
train:2209,-1.980382037618849,-3.621849277974096
train:2210,-33.31711572601525,-12.33058298994872
train:2211,0.2420463587474469,0.13646698270433383
train:2212,-5.361921141593296,-3.7015293348652407
train:2213,-1.6840470624467123,0.11425526522960792
train:2214,-8.659678808907948,-8.126540682681146
train:2215,7.380625055251622,0.20085993517764397
train:2216,-0.6442525203942104,-1.7634054794151806
train:2217,2.287349944539701,10.50048554919754
train:2218,0.5371899854383012,0.21605110020074958
train:2219,0.08817039415555307,-3.4839610427058396
train:2220,-1.05806793839874,0.17805168152587714
train:2221,-15.660629209522522,-5.921167763951884
train:2222,-0.5851407144809742,-1.3947776500428906
train:2223,-0.5677109956270103,0.10067024693595718
train:2224,-18.800336659625106,-8.879060477453148
train:2225,24.81056985862496,8.68332293858688
train:2226,0.20152749272238668,-0.15455850181374156
train:2227,1.7243198145767757,-3.4643120840220654
train:2228,-0.17878813582143882,-0.4346098035220897
train:2229,-0.40767093587840064,-0.052479128482712606
train:2230,7.636084573458154,14.28975524680984
train:2231,13.610899213300849,9.307341864710656
train:2232,-1.1773050681527035,-0.06554600271442082
train:2233,5.697088092722424,9.073844351827582
train:2234,-0.89489736352868,0.2903457828445653
train:2235,-0.41159855030566883,-0.18126631737662297
train:2236,-2.8184023622176526,0.1876071739104977
train:2237,-0.16919318949686946,0.010735873682376329
train:2238,-1.0067711460644766,0.1830177756525981
train:2239,0.710139032413608,-0.30530404258380683
train:2240,-1.5141470539796478,-4.575482867079385
train:2241,3.7956110693378062,2.691474476870102
train:2242,2.400864184876944,-0.3205014133521477
train:2243,0.2879458194304596,0.5402682627660833
train:2244,-0.8349245322935568,0.006339067517985145
train:2245,-1.5659022539636847,-0.234066937750449
train:2246,5.217822429967756,7.885454696173345
train:2247,-13.861259235709586,-7.1137510767770635
train:2248,-0.9598552617259698,0.1401850087347155
train:2249,1.115948704853039,-0.25257489527579385
train:2250,6.9793054299517445,3.997127038525139
train:2251,-1.560893011344532,0.011677149706797271
train:2252,-9.694367173255113,-3.5447562322116033
train:2253,4.790736203485579,2.824656902659494
train:2254,-2.9584105655709374,-1.4456041301278508
train:2255,-4.602992408657238,-0.613146775702641
train:2256,-0.8980397340203828,0.16320333042921648
train:2257,-3.002981178723559,-0.15607641283220758
train:2258,-6.806661192577098,-0.5403968956399774
train:2259,1.5126077748941387,-0.27394776718768327
train:2260,2.8338290477968084,0.17756413820768097
train:2261,30.71647643739379,10.074097496391559
train:2262,1.472587996710896,-3.4010009284710323
train:2263,12.54373271345888,7.4813713756902125
train:2264,1.5097738764872481,0.21732527522531997
train:2265,9.28346684096475,2.226924800048271
train:2266,1.2710952861861404,0.038914664857231704
train:2267,10.326208488587143,4.161371573120421
train:2268,4.2207671950511845,1.154226498911804
train:2269,0.20225090276604546,0.355118427063707
train:2270,-1.6562032144295373,-0.04688482747912934
train:2271,-2.0786007582058654,-0.0752219008226866
train:2272,-2.399472165552897,0.2727733949112412
train:2273,0.4257227723647022,-0.4387521028014299
train:2274,1.2910232337480738,0.24392894839689686
train:2275,1.1281969295318246,-0.36646758230100657
train:2276,-1.576685294354173,-7.507858412138082
train:2277,-0.6220058018857809,0.057545310679181866
train:2278,4.546217099898184,2.5086363882634712
train:2279,-0.0942326132216113,-0.027735038969566597
train:2280,6.170729195895999,9.859618952055271
train:2281,0.8680412899557564,-0.1823976175999722
train:2282,-1.277095206443812,0.09741116073136545
train:2283,2.5167862276666986,0.28823939598482373
train:2284,0.6956832680562858,0.04723364467112346
train:2285,10.348053984172902,11.031826306708886
train:2286,0.8035662075234662,-0.13406841499417055
train:2287,-2.3657631636759677,-4.530204323234757
train:2288,-17.398754805526167,-16.631618099366552
train:2289,-10.176012278556984,-8.5868106778636
train:2290,3.5669828110539186,0.10127712602172356
train:2291,-1.758481585724284,-3.6355298790104507
train:2292,-2.8594196187098095,-8.82414747846556
train:2293,1.1192110237967108,-0.44794887457928984
train:2294,0.2169458666525852,-0.11019983487203261
train:2295,17.260714885474506,4.439587543508039
train:2296,-5.021252660673593,-0.044724657494015385
train:2297,0.9069327158408246,-0.11041682196405206
train:2298,-3.559245844062241,-0.018463227605643395
train:2299,-0.40009233232976193,-0.0036690162863800696
train:2300,0.5829705437314259,-0.060209917776948785
train:2301,-1.1614428152127472,0.01940594174969336
train:2302,-7.611260531058643,-3.790026685779629
train:2303,6.544641994670371,0.3828681658524687
train:2304,-0.16946946611540686,2.217888949664098
train:2305,-0.3185959601716277,0.7291049887770575
train:2306,-0.5364693055120974,0.029956992596942178
train:2307,1.3855937547126032,0.6518313700942997
train:2308,-9.459100837462639,-7.608900498719556
train:2309,0.3187288694373588,-0.03536268449816829
train:2310,-1.0344439048168277,-0.16671976522353044
train:2311,-19.176084018831535,-12.232256594546524
train:2312,0.6683461790028563,-0.12595158554805758
train:2313,-23.548381761368894,-8.92278259186061
train:2314,2.288602429538169,0.06690214788586876
train:2315,0.6413345314857771,-0.18002973347548923
train:2316,-7.0006131902463755,-13.543998775537487
train:2317,-0.464095524534344,-0.20608558913664227
train:2318,1.6901705367928126,0.37234814373139624
train:2319,-16.57223372515606,-4.242989879595187
train:2320,5.525264259859049,4.124491185839237
train:2321,0.21163175505134435,-0.06313039854899077
train:2322,-7.88683512571051,-1.8087970106213345
train:2323,-1.944749443803849,-6.66638617846777
train:2324,0.5932821588106868,0.06777437607824668
train:2325,-1.1272363527016824,0.23972544763006406
train:2326,-0.9447666298095664,0.21702340495134687
train:2327,-0.10413649654747326,-0.031870633190836425
train:2328,-22.59093276142616,-7.077660745061694
train:2329,0.681542833301863,3.0316172223084537
train:2330,0.0871273540315502,-0.34477272494093314
train:2331,-0.254679474890659,-0.303514790704709
train:2332,-1.9251071874191834,-9.302125104029226
train:2333,-6.11936865062248,-11.072580565443856
train:2334,-2.999736526606146,-10.375302460165694
train:2335,0.0705895774454266,-0.26019540776389527
train:2336,-3.601456541159843,-3.286222032494061
train:2337,0.11645602905832372,-0.023278957238617823
train:2338,-0.047106354175677934,-0.7487213379542166
train:2339,5.9487492432832685,4.7444702431452574
train:2340,14.662528204364492,5.650500202524436
train:2341,-1.5251381444951604,-6.1815083348457245
train:2342,8.051492097950158,7.716373674797232
train:2343,-7.545442304914187,-1.8841742748218822
train:2344,2.5464609167840844,0.51190558180713
train:2345,-1.5728669352998224,-7.4049702946751275
train:2346,6.5917789467953565,6.06267524415112
train:2347,-1.0294604650623427,0.2471954529636089
train:2348,0.40263339273536547,-0.1745126119701193
train:2349,-1.8220398528570274,-0.1237875637210735
train:2350,-31.088588787716,-11.479180993258737
train:2351,0.0917024808870355,0.12060759444715916
train:2352,1.1906677570166773,-0.2460581494747105
train:2353,0.8099283571008754,-0.06435749550625913
train:2354,-7.568439863538625,-1.5829762185855045
train:2355,-1.1241569783930876,0.22118482077922783
train:2356,2.1680974725418807,0.07102504529504804
train:2357,0.7470074904628985,-0.3405192928905982
train:2358,0.4937365665883218,2.407287438279674
train:2359,2.4899101033036852,2.8697514140592144
train:2360,4.5388918758314185,8.35813104603718
train:2361,-3.31066151076935,0.15100782842502614
train:2362,0.1639357408585576,0.029962699029342427
train:2363,0.323897462180203,0.19515564268954594
train:2364,1.552648939235485,0.2367372743036741
train:2365,-8.97253319646523,-0.4941461540403587
train:2366,0.17208084513868616,-0.02289298841714603
train:2367,22.04197548025117,9.188262886598478
train:2368,-2.3697212301327086,-1.9350277177999335
train:2369,-2.6857756378252744,-0.03657843992104115
train:2370,-33.71622978753164,-13.361463698491308
train:2371,-0.39886169840587715,-0.07813995636095847
train:2372,0.40383985100226427,-0.08310540851403439
train:2373,-6.6781313122108905,-0.21721113506578604
train:2374,10.065625590765496,5.518273033518846
train:2375,0.31011849998936936,-0.024536797600442514
train:2376,3.2912034206923906,3.1916678144111734
train:2377,-13.469056622592323,-13.142189468365853
train:2378,0.11245112226617228,0.0658800545125793
train:2379,1.9596913377229628,0.47531615124795384
train:2380,-1.2898564664588297,0.10712065546038768
train:2381,-9.835069496913786,-0.08383583186126617
train:2382,-3.9020396906725527,-1.3172319415302485
train:2383,10.616062528021104,17.01019760170438
train:2384,-0.13478076898494307,-0.03201300867922262
train:2385,-0.5940968655613359,-0.6201815229048568
train:2386,-3.8642271034804865,0.01611789540067038
train:2387,0.04550233547025914,-0.07671634413790657
train:2388,5.910376896648679,1.0146453078112043
train:2389,-9.944581503728639,-6.471024753315554
train:2390,3.1028390217440087,0.1476311897129893
train:2391,11.450011114083685,8.691282270498746
train:2392,-0.6799734483405055,0.09038083601425974
train:2393,-9.25492811588604,-11.101802064479045
train:2394,10.482218652282775,3.5929749555315844
train:2395,-2.0484485998630055,-5.313712899156308
train:2396,6.883654443086533,6.935558534968598
train:2397,1.6149007910580213,-0.12920254008647897
train:2398,-14.512557013910895,-9.563265716745581
train:2399,1.0550895103478415,0.22737829718483715
train:2400,10.269284114714663,10.26454853646336
train:2401,-2.659664068614444,-0.23020168576414096
train:2402,0.22016669180037254,0.10962164212060643
train:2403,2.7935800657886785,0.33839479961951474
train:2404,-22.714925986775643,-14.254093527986605
train:2405,-6.542068855027614,-0.9754350439998754
train:2406,4.602651451800218,0.9807714971009014
train:2407,0.5718890269604562,0.06980907588096016
train:2408,0.6442645513750114,-0.12458575095305818
train:2409,30.395676627184756,11.148166767912185
train:2410,0.914340230124639,0.14841268563020327
train:2411,5.263644598285885,6.815635004861183
train:2412,0.0021996657890820392,0.1446142702333831
train:2413,-0.3585552992124056,-2.747290293282285
train:2414,0.28437282004869313,-0.03291134379983168
train:2415,-1.3526852796336675,-4.087868789121422
train:2416,8.946644149171746,8.699128615049087
train:2417,0.15644709864889578,-0.0990971146724898
train:2418,7.145783653122325,2.242337017996481
train:2419,-15.611208587645319,-6.768006326651388
train:2420,3.5857370769608283,0.6447072458946148
train:2421,0.21910691468307164,0.008142014834843544
train:2422,3.4720945196749673,2.8842805615934863
train:2423,0.11724627084605446,-0.0585452087849864
train:2424,-2.042856351977305,-2.8726965636398587
train:2425,0.13698325396362213,-0.18975855874426728
train:2426,-0.021282335808037317,0.2778855737074085
train:2427,-0.750191411598178,-0.14384952544981588
train:2428,-8.472687540784724,-3.0815226013620793
train:2429,-1.5481900983478165,-3.8482348641567405
train:2430,-2.1488528928248547,0.017453771225568473
train:2431,4.598112007284612,3.2560831646316544
train:2432,9.19582450539264,17.387490933998066
train:2433,3.322811464993938,-0.5552903988830051
train:2434,0.0824056622555871,0.014941799682979234
train:2435,-0.45729216921693994,-0.1036732454750588
train:2436,-15.40331281489287,-4.347893794303529
train:2437,-3.257601522682789,-3.8451297089661454
train:2438,-0.038447284726356085,0.18865088039650307
train:2439,3.7939887432790997,1.6845393852870552
train:2440,-1.0477688760644526,-6.031534731718603
train:2441,-7.140923124395505,-0.09698830257897811
train:2442,15.786222969237555,5.667343308397009
train:2443,-12.870817902644614,-12.005979430579485
train:2444,2.450579331344544,0.5772322492819307
train:2445,-0.4259189077380453,-0.41374965456136265
train:2446,-15.478447037473595,-22.897295711563256
train:2447,-16.267611148802523,-12.129902599156233
train:2448,1.202896687661522,3.560133295781676
train:2449,-0.5535040778158761,0.0700330533526699
train:2450,-0.6111876603010148,0.060575212292498626
train:2451,-1.2087050623292268,-0.05461490346931547
train:2452,1.463822228929299,-0.12841448177200468
train:2453,-0.3744208065677255,0.11889630670072975
train:2454,-11.921875014629117,-13.64019438908143
train:2455,2.7765429689024974,-1.0668048703237385
train:2456,-1.076173878273592,-1.5590732572081551
train:2457,11.54061310797066,1.6610303104061328
train:2458,16.840672143671913,13.231848874419676
train:2459,3.4604465021725077,2.642148645845597
train:2460,17.47150429840159,10.551017149388217
train:2461,-33.96304464869974,-12.843030891069324
train:2462,-0.3245176013837626,-0.036379998734322516
train:2463,11.092196513363122,12.108423527782822
train:2464,-11.84677426603499,-14.321000306593035
train:2465,-2.2780810777447744,0.16472074213484744
train:2466,-10.688319555580824,-5.737887997477474
train:2467,-0.08279659763425998,0.12250462656821666
train:2468,-7.235046395705793,-5.742281950425665
train:2469,-4.204381386772757,-4.860803631126933
train:2470,-0.8646024758263063,-1.3647123123165132
train:2471,3.501999109991961,-0.0032622903170523854
train:2472,0.5362880474661302,-6.051064425965212
train:2473,7.4277062173989465,0.23472347430962656
train:2474,-0.9648112714081053,0.16945986291284854
train:2475,-13.06572483876484,-2.946839669173043
train:2476,-16.952191368009903,-7.475113191095738
train:2477,4.377043755890142,2.925275286635249
train:2478,-1.4102196239285658,-0.4660836314256584
train:2479,2.9068214001518675,1.274054731598135
train:2480,1.6741862432767247,1.0297736307475023
train:2481,-4.680800830833802,0.2676916741980102
train:2482,0.19087149076019505,-0.18505160797892256
train:2483,-9.952100133051294,-1.7532327650360682
train:2484,0.3863780529111459,-0.1709712000225253
train:2485,3.3251639423852706,-0.03922009013992603
train:2486,-2.052942482563523,-1.162641834591326
train:2487,2.2746065838091822,-0.06133408495979767
train:2488,10.823743509359561,4.597627188832912
train:2489,-3.741112337820908,0.5038898988753113
train:2490,-9.381757331766575,-17.1353796690875
train:2491,2.7848382412058275,0.18120733864321437
train:2492,3.9118129918488225,2.624157976417335
train:2493,-0.6644666240498918,-0.2633512075420425
train:2494,5.74395632312168,1.483918198730721
train:2495,-5.666468401476994,-8.768346558596495
train:2496,10.92803078476655,1.8801945490470733
train:2497,-2.6379738551331737,-2.6286769600539674
train:2498,-13.615809369328229,-9.650647174804101
train:2499,1.9839803181011106,3.7903687265831483
train:2500,1.6878717572549777,0.09350553573582562
train:2501,-3.1104187282024203,-7.946861104408052
train:2502,-3.254878971772978,0.026691058673470158
train:2503,6.379279571052992,0.4731861540241562
train:2504,2.64857075585465,0.0053785322842133665
train:2505,-6.78069002814338,-6.575906698259155
train:2506,-9.753614269864176,-13.353546594179203
train:2507,-1.7939193795339543,-3.423230906529439
train:2508,3.9524529686170533,1.765921100319954
train:2509,-1.7174375965344986,-0.0872288052360487
train:2510,-5.165188013537665,-3.997331388623944
train:2511,2.1722038473559016,-0.09133294274871218
train:2512,4.686422892755682,8.117465683416153
train:2513,-3.4083060595029484,-2.0754761439645613
train:2514,0.7144540384982533,0.2688276822280896
train:2515,1.3912854947251305,-0.25520969777579844
train:2516,-0.7570054599946336,-0.4719900029511302
train:2517,5.510968078083659,0.3318304051078893
train:2518,-1.1035002742479696,0.17004520021630398
train:2519,-2.246509064470466,-0.09154329611306633
train:2520,4.808983245512263,9.313461442816681
train:2521,3.396032091340923,1.6716524063367646
train:2522,-4.705318666349476,-0.15187605060319492
train:2523,-0.6528004748046927,-5.2761651446059155
train:2524,-0.8914046784689199,0.10990767704466887
train:2525,-7.2338245951950375,-3.2637700742152846
train:2526,2.038362761116456,-0.038588887386053566
train:2527,1.9326507491549725,2.379394967350501
train:2528,2.109117237992626,0.15387174418590066
train:2529,-2.0140164204006576,-3.244973371210487
train:2530,-0.3325537989783339,0.2947790388459131
train:2531,-5.379534967373538,-9.630276352421696
train:2532,0.3662855249151155,-0.15162075908368883
train:2533,0.8483820641195524,5.7308593248712105
train:2534,1.0166402200357292,2.718880189115534
train:2535,-9.933520210824572,-16.312730102689404
train:2536,2.3902550232501625,6.560790299012021
train:2537,0.6429920749678816,-0.08692265513777539
train:2538,0.37900401261392747,0.03111111854989236
train:2539,-0.6685988017285802,-0.20194785500322232
train:2540,-5.019900683548297,-11.635057900703915
train:2541,0.29822128725336156,-0.027583390528529997
train:2542,3.620616041160937,9.142247927652598
train:2543,-0.8945242680530784,0.20349844685870871
train:2544,17.080935401796808,16.890454965504052
train:2545,-0.5454777596965154,0.1931729427520797
train:2546,-17.936233590637265,-11.454949198714322
train:2547,-4.745669697525076,-0.2714129699154931
train:2548,-3.7175192211849493,0.06019609118990714
train:2549,-25.961447068440258,-8.064977978017549
train:2550,-9.750742945680605,-2.353818939812275
train:2551,1.6339442350158024,0.08109176269232579
train:2552,-1.548723357550951,0.48016433621520466
train:2553,1.2508544498328305,0.17275318771184173
train:2554,4.385680044431919,-0.09098470771148703
train:2555,-7.637577593353854,-0.6593481923272002
train:2556,-0.5549037088804228,-0.06658129221263584
train:2557,-0.9778142879929835,0.1244301908512754
train:2558,0.5500423690834974,-0.10533510125082107
train:2559,-1.356389036775575,-2.1183054870230036
train:2560,-0.02945033722483051,-0.06000234629838974
train:2561,-4.875705907288105,-5.068884694099301
train:2562,-0.6834951906802968,-0.3578821834244282
train:2563,0.14058182375181613,-0.07600931716351583
train:2564,1.4316337364018468,3.697091667890312
train:2565,0.6876511384809189,-0.09514212903668781
train:2566,-1.2571133285701404,-3.561208162143139
train:2567,-4.108133447146582,-5.359801471080152
train:2568,-0.06355021763274044,0.37429838833458606
train:2569,-0.95809043876599,0.10792340783829259
train:2570,0.6673265009319985,-0.12412595516240821
train:2571,2.0137603108013304,0.00034731349772458564
train:2572,-1.173154991189516,-0.29620870264186133
train:2573,1.0162512011706704,0.20524383053872963
train:2574,8.098636488738832,10.445323749757302
train:2575,0.8618692912188719,0.25000822482409624
train:2576,-1.4011425945632738,1.001710109507132
train:2577,0.42279472837051,0.4358402645199222
train:2578,25.06504468372579,13.250201902305353
train:2579,0.1960707679907523,-0.09002317385204522
train:2580,0.5151647996328301,0.3649735071493405
train:2581,2.2903137871028916,0.13940543873843658
train:2582,-1.1882936016275734,0.04431423385515651
train:2583,0.34674555015615993,-0.12431626468295648
train:2584,-2.314492871581093,0.047315674636877025
train:2585,1.6116517222340438,-0.3767920877819655
train:2586,-16.36509483643387,-10.87949886003554
train:2587,10.663439377050027,7.048762740924721
train:2588,0.1856722135296378,0.023053208018311955
train:2589,-1.15513808282068,-0.001758431388371992
train:2590,-1.1146010850528802,2.4551330207395545
train:2591,-31.59236112799081,-13.706750792738484
train:2592,0.042379607699857394,-0.2891860816084959
train:2593,-3.884547673010202,-0.838670547932038
train:2594,2.879452464319524,0.5630530487146042
train:2595,-3.0892348087684147,-2.820619946876814
train:2596,-1.0571136973225128,0.0670873929476618
train:2597,-4.456316838057096,-3.8041483940405234
train:2598,2.675613785234163,-0.03438417400233573
train:2599,1.3425738704806904,3.411174296335319
train:2600,-0.09457746502102254,-0.054749218621936324
train:2601,-21.535555613696722,-7.423720490255863
train:2602,12.10466930860605,3.778042832598612
train:2603,-0.19074206836806773,-0.08440975629992112
train:2604,-18.305684121031792,-8.072344411603028
train:2605,-2.6194343806402554,-0.6586845342390513
train:2606,4.413239828479509,0.40275679469705356
train:2607,0.25475136386832437,-0.22255799089441358
train:2608,0.8376831736120346,0.0033085239310233494
train:2609,-1.347344319105678,-1.6838061685424992
train:2610,-0.1007972339262784,0.014390700973925266
train:2611,-1.9773224222606753,-0.024424951525397656
train:2612,-1.7675865100784058,-7.101503931559651
train:2613,14.145705658482031,15.957824186169496
train:2614,-0.8190520511910294,-0.01559132283940852
train:2615,0.3288769501446036,-0.07272398136988295
train:2616,-13.017680369669918,-6.421744573750251
train:2617,5.206570521306682,0.0686441790368545
train:2618,1.6548798890492207,7.661305460848357
train:2619,1.9528783353885881,6.521165973711178
train:2620,-8.317819211965203,-4.376630817227938
train:2621,-4.147550926029337,-1.6958682826893337
train:2622,-6.492818392582274,-4.943500678828089
train:2623,-0.7860871481411413,0.10526791952083711
train:2624,2.3385958285193493,0.07594719989228708
train:2625,-3.2926022950007883,0.05093654865564448
train:2626,8.194775637908569,0.42285927209583773
train:2627,-1.262015872857018,-0.3541793507703122
train:2628,1.5618022149035786,2.04592746387315
train:2629,-1.0965683695237072,0.2533845068841081
train:2630,0.09305201720080834,-0.185061094922788
train:2631,0.9172064402269247,0.8351772955193502
train:2632,-2.157268578496635,-5.01758158424811
train:2633,0.2745406500899483,-0.26605263264032
train:2634,0.39047071268899186,0.08257243923938018
train:2635,-14.867799696661328,-11.085313898701768
train:2636,0.007381624880740623,-0.09421583239731754
train:2637,4.155645413794518,0.9184337162565406
train:2638,-1.7498392532682603,-0.04356261386610985
train:2639,-4.431991477964348,-13.148395784244363
train:2640,4.124532273086463,0.045888495893574965
train:2641,-3.9777178655354635,-0.6132754557532667
train:2642,6.195927669139126,0.5658564762920361
train:2643,23.33738156819933,9.638732654776748
train:2644,0.1356670754073252,-0.03318282732127348
train:2645,2.583694218041448,0.06832304955353055
train:2646,-1.8200858088894836,-4.147059044514616
train:2647,0.11225980913444633,-0.014377921319900747
train:2648,-1.9588438518267024,-0.006849353723848373
train:2649,-3.731819587208664,-1.8601818651166588
train:2650,-3.9861560996565477,-0.23354437120339633
train:2651,0.015594839425262491,0.20515958933042094
train:2652,-12.774483488553066,-6.219663253803503
train:2653,0.1144352695758283,0.0002436704192550765
train:2654,0.31206347808554324,-1.1835634703611657
train:2655,-1.2765784517757357,-0.41230378725194977
train:2656,0.7479868370290728,-0.2329643123499111
train:2657,0.003736214757136175,-0.09980321435161552
train:2658,33.14690916451074,13.788032014742262
train:2659,-23.683845406125286,-13.368537392094655
train:2660,-1.2560291433376132,-3.4100019696175634
train:2661,2.867014786174934,9.340755308987069
train:2662,-0.22123105870105036,0.17508497865139314
train:2663,-0.43025890308351755,-0.03596392848193944
train:2664,3.0799258454607816,0.17542722193459803
train:2665,-10.959937710983633,-6.6326292069608614
train:2666,-0.6706716318568917,-4.731337804759823
train:2667,-0.9552625842733456,0.2710152430887247
train:2668,-3.5434716927953396,-2.3772632466854544
train:2669,0.1838994869894894,-0.06334845559708527
train:2670,12.175666704343282,5.243522579527899
train:2671,13.691634749638645,1.7641779278824883
train:2672,0.9236132217864618,-0.3249420163852108
train:2673,0.4874334614039363,-0.10439040136695998
train:2674,0.678262847531932,0.3976953318188435
train:2675,11.94146223779227,2.38787700847023
train:2676,0.7249618483322854,-0.012139858532523432
train:2677,-1.0982904201674812,-0.16368865099332858
train:2678,-0.915793034744775,0.1450555914491373
train:2679,10.327601378362724,0.6591580726441932
train:2680,-12.969232353069922,-2.1403092050367403
train:2681,-0.4806484109060839,0.1255867420379957
train:2682,3.9945871869536123,-0.048737991401109904
train:2683,17.72111051811862,6.119745274586002
train:2684,37.95291075471371,21.48105842192656
train:2685,0.8253852028698353,-0.02002878733465148
train:2686,0.321979216781658,-0.06099640682251298
train:2687,-1.0387478691350611,0.24707954105547886
train:2688,-3.5253506431348716,0.10346276096142361
train:2689,2.3853352770535063,0.02126524008650421
train:2690,0.5690760497951879,0.42276689922135874
train:2691,-0.595104804491061,0.23837530572416535
train:2692,-13.240800297492836,-5.403754125356583
train:2693,-0.36552939510727356,0.10485948162178935
train:2694,-0.13962740706504068,-0.03458218720662434
train:2695,1.0132830581300352,-0.3890710463600095
train:2696,-2.3851494835381177,-9.213840317721747
train:2697,1.8382559666200726,0.03969088232447546
train:2698,-6.100813833885705,-0.2391065735247282
train:2699,-1.9347993012881775,-0.058145829847374014
train:2700,0.5456412372208393,0.33861278533720424
train:2701,-0.32157433137483404,0.06940470381499758
train:2702,0.5234914537985942,0.6843245808157676
train:2703,-0.6185696041784018,-0.6080477930313992
train:2704,0.2967368089311234,-0.04285822611670423
train:2705,-12.795616732090696,-8.359870426451652
train:2706,36.739824638468896,12.912774848046281
train:2707,27.197430613189393,16.141989020309186
train:2708,0.3238542249475165,-0.21946396324699902
train:2709,-0.09396993541012852,-0.6568299437089706
train:2710,-0.7036428112792665,0.18475916482993882
train:2711,1.7659047340916234,4.199465718573138
train:2712,-16.29765777110431,-7.309957053924515
train:2713,2.219127867732817,-0.10329562231097239
train:2714,-2.1426643895529125,-0.08019042018317765
train:2715,-13.83309924448567,-14.318239534597794
train:2716,4.53208456872393,4.744735021608629
train:2717,4.308421153535307,5.80028720531207
train:2718,0.2703402459177464,0.06099292314419679
train:2719,6.001235524432892,0.5511179026886751
train:2720,-0.1573933767635265,-0.13293447554583623
train:2721,11.334482158178192,4.3945341184216
train:2722,2.9721844730619136,2.4679610807753125
train:2723,-5.426089844064936,-2.740885964199487
train:2724,-12.551899144515685,-12.3517447238618
train:2725,-4.369065962161566,-4.91270477509367
train:2726,0.9552360271862651,-0.08177395517424649
train:2727,0.20331149348718722,0.023095185961656287
train:2728,-9.235408132535746,-10.488936931124796
train:2729,8.57993662601217,6.707783432496493
train:2730,0.6969871263258495,-0.16631831770417294
train:2731,0.6226687159392826,-0.06582904176147314
train:2732,0.14773340151311512,0.09084747952379003
train:2733,1.1104385147261469,-0.426129759653701
train:2734,11.045854568419793,4.331642956295226
train:2735,-3.9246960006003033,-9.01226858218834
train:2736,-2.783582907327048,0.065712214069607
train:2737,-0.34770856526408866,-0.17052039186290568
train:2738,-3.6143737806540686,0.14141909607167416
train:2739,-0.022198453732863554,-3.3750446500552633
train:2740,-7.916379638213357,-0.5681622557874348
train:2741,5.1642510337526435,4.647342198547114
train:2742,12.174072040815165,8.852277277163708
train:2743,-1.2010606730985973,-0.1057615144119296
train:2744,0.5548282193337695,-0.2331486301164391
train:2745,-9.43238487682716,-2.9256999050247035
train:2746,0.2831786820685276,-0.030778992672668953
train:2747,4.674242080966568,0.39436933769435883
train:2748,-5.223761911082962,-8.44908878509981
train:2749,-0.7759996228054817,0.10713855939204346
train:2750,-16.720508608449126,-13.594108099730546
train:2751,1.2529382054984337,0.5651451694933451
train:2752,-0.9441496856399422,-0.8318246836422702
train:2753,0.5045479668841207,-0.06106873585318612
train:2754,5.247887648928762,0.6634841190468215
train:2755,-1.9902940569831196,-0.1435229748557117
train:2756,6.307299341875982,2.6696348187878725
train:2757,-2.062764308130577,-10.109372438735809
train:2758,2.7198882465887064,4.135767666905368
train:2759,-1.1234907530765303,0.17960589972048974
train:2760,1.9716842070248335,4.132381469919061
train:2761,-0.32499646535867815,-0.23052267258665493
train:2762,2.0567002293985968,0.3136012068052966
train:2763,-1.7045838181398612,0.4917960426982505
train:2764,-10.807145699166025,-8.915018990580073
train:2765,0.280148123990385,-0.04970409040647192
train:2766,0.6320606099909933,-0.11065506551676241
train:2767,-0.6960767604756014,0.08008279411355693
train:2768,-14.061340692257781,-4.063843282108277
train:2769,0.13948136644247144,-0.31684972459841887
train:2770,-3.4692979876633285,-0.04293840149192771
train:2771,0.003286175604011704,-0.3253808410367899
train:2772,0.9093670185327252,0.8759423366570027
train:2773,8.395371292084198,10.31857589714243
train:2774,6.837299480481749,10.10470908235945
train:2775,-12.934991254281059,-2.576287916117009
train:2776,-2.837969767048958,-0.07762637744493614
train:2777,-0.6552803393116824,0.107450059270692
train:2778,-0.9104244116861956,0.3499003226161101
train:2779,-2.388183296031624,-1.1257844157005532
train:2780,-0.5151963545720761,0.32694020653209166
train:2781,4.256964662389992,0.37913444713298633
train:2782,-0.2733609813683704,-0.1976307962316246
train:2783,-11.193559172268095,-0.6420865196380694
train:2784,-0.3290168306238062,-0.48476106999329055
train:2785,-2.0057227753050095,-6.209638193362748
train:2786,0.17747666581137497,-0.1281522712032133
train:2787,-1.807376851978522,-0.020616977854307064
train:2788,-3.4962385029588914,0.2473650766667063
train:2789,-0.7782172744174691,0.14561589178043666
train:2790,-0.46142969343515416,0.18862769801487705
train:2791,4.487702711662391,7.1921710935753564
train:2792,-1.3883569264330298,-0.19638807791566054
train:2793,0.7234462206058537,-0.48178416687089115
train:2794,0.7267062149671233,-0.15264998549747857
train:2795,-0.6079030253662787,0.8397850970217404
train:2796,-6.642220233424071,-1.6194708510364315
train:2797,-3.4028990808347275,-0.1057178602040677
train:2798,-15.082522303013445,-14.581847038040777
train:2799,-5.432272303422632,-5.096556326094585
train:2800,-0.3787494114594254,0.08696139905922104
train:2801,7.804574955156341,4.846496118672534
train:2802,-12.155190560869412,-9.315221366387796
train:2803,9.728728512335612,1.3480858483954643
train:2804,1.0444315324906077,-0.23771876916498785
train:2805,10.034995963197161,14.352103727214951
train:2806,0.5346051660358386,-0.05536458602589808
train:2807,1.5635293796286378,0.0022596816558577426
train:2808,2.192982824535391,-0.0607321990023815
train:2809,0.7384321059800667,-0.029431276000540352
train:2810,0.11873865274846107,0.0061530378217370535
train:2811,5.989071449637077,3.0870626314389846
train:2812,-6.196568962042549,-0.22602899973226953
train:2813,0.06056667550055653,-0.02975126419738426
train:2814,38.845807031171915,13.558087897314822
train:2815,0.14940314905283267,0.0359824858987692
train:2816,-23.76886189341553,-6.1512111733030865
train:2817,-7.6757472364029455,-2.8043026887499245
train:2818,-0.6278205123074008,-4.435052416176819
train:2819,-8.93569507421629,-4.499288584419932
train:2820,3.6740588879691902,0.42065159606099173
train:2821,4.235863963005996,0.055522237732483895
train:2822,0.6137279071027775,0.35173686655372494
train:2823,-4.2393607729326535,-0.2926468901984364
train:2824,12.629814789322431,10.505966006874738
train:2825,-11.756396361891612,-7.595607364443177
train:2826,3.8811640702465477,0.5357206641255156
train:2827,-1.0637438712509302,-0.043363388044936196
train:2828,-15.826013019298005,-5.892903233630214
train:2829,-14.19202685526055,-6.56245321323233
train:2830,-4.73588320561054,-2.303688216497715
train:2831,7.757465898020186,9.31204054114902
train:2832,0.2322703274537226,0.33957089533720586
train:2833,-3.46581576322438,-0.0580627299255454
train:2834,-2.623994746397485,-0.6544335274224864
train:2835,-0.7329876421537375,-0.0972503704869595
train:2836,7.128090791540398,1.8207429390499479
train:2837,0.36964489517409205,-0.03373734988976759
train:2838,0.26304047602828795,0.019971021218127938
train:2839,-0.9240824955920991,-0.01343300744482466
train:2840,-25.654016396544495,-11.006112040845764
train:2841,-4.356953958011568,-2.7182203000273213
train:2842,-0.9487346919706382,-0.5603996531325672
train:2843,-0.282247394976657,0.08949091788144103
train:2844,0.6442618781052485,-0.2158685541828177
train:2845,3.056379452931113,-0.24716148817929845
train:2846,5.6533878032213,6.63918640861311
train:2847,4.144262398685944,9.972649682466427
train:2848,-4.8859508068524145,-11.87891315903668
train:2849,1.947144985351056,1.16931159562267
train:2850,-13.266439511559478,-3.0422375234674313
train:2851,-2.3704323198896344,-0.8821218921221075
train:2852,-0.06956844524369932,0.008336247527666985
train:2853,0.6540368633368917,-0.09091808511321414
train:2854,-5.055676936555772,-0.44478437249173214
train:2855,3.5566730556405797,0.030829934093370134
train:2856,5.746653768541544,3.2506380868353375
train:2857,-2.093050129961581,-0.03893712242327871
train:2858,0.7732966577692798,0.25600161944367184
train:2859,-3.395929052959064,0.0009514820281008585
train:2860,-0.4365114486006486,0.24600323657438705
train:2861,0.2191034278094679,-0.13112075733782236
train:2862,1.697962537006001,0.0815586915234761
train:2863,-0.3963302281695519,-2.479476578517079
train:2864,-38.429348503594305,-12.586808652438743
train:2865,-3.9122325195910457,-3.1030270065407946
train:2866,3.8328638970873508,1.2822052289954093
train:2867,-5.622005648947848,-6.843108112827815
train:2868,-0.17847036540701672,-0.38033150247821945
train:2869,-0.24346894379635037,0.03167020626430667
train:2870,0.06960686023476866,-0.03240482659390466
train:2871,2.19990240897292,6.80062081057289
train:2872,8.383506623501825,1.31510338242608
train:2873,-2.2661478339815275,-2.024215261713132
train:2874,1.7339152258178254,-0.12640339233334724
train:2875,0.6941894914044376,-0.20433578297151117
train:2876,-1.50429361409192,-0.16346410287837881
train:2877,-28.59072271460134,-12.987244991974876
train:2878,5.840847707156867,1.9312204689444221
train:2879,2.4768905821837492,5.204270884262792
train:2880,2.6558636682260213,2.4673895815704276
train:2881,-2.2582763330501736,-0.34723576382569027
train:2882,-0.978911723345205,-0.23079173087432664
train:2883,3.6454302609329305,2.052042904815686
train:2884,0.6541009055820807,-0.004836980337900851
train:2885,-2.658442268103689,-6.860395179141126
train:2886,-3.4046825004539274,-0.08061184021593595
train:2887,1.9740183202151864,3.036973565080946
train:2888,0.8115764860242496,0.04378724482299359
train:2889,0.6947455315151163,0.012302931349889482
train:2890,1.386065877398551,-0.2183575573349959
train:2891,-2.1437474124942386,1.5821862458616243
train:2892,0.4856248200656692,-0.24480394696354096
train:2893,-4.02491153747107,-0.10096012219036082
train:2894,2.6426821237126306,0.2210668402893527
train:2895,2.298117875144573,-0.07006592515784738
train:2896,-0.07568023729635892,0.06887486156663454
train:2897,-2.6436579240237728,-0.2645800877594359
train:2898,-7.699042341574904,-1.008476571544602
train:2899,-2.310767030906362,-1.2390405501915183
train:2900,-0.48578597047385463,-0.2796720321891822
train:2901,6.65217066777941,6.052470431089756
train:2902,43.47987134889028,16.769983047242974
train:2903,-13.969703794285211,-2.813970241200805
train:2904,-2.0581548936846548,-0.2706652846102505
train:2905,-3.9125914351139923,-7.1531830953060185
train:2906,0.9726721386418358,-1.6771289293301588
train:2907,-1.9846615938218561,-2.1513086388098386
train:2908,1.3234381406015299,0.03179474915144209
train:2909,0.3156189268701708,2.4129733275232814
train:2910,-6.845826686727422,-3.61090633788176
train:2911,3.0939112305689576,3.972432166991445
train:2912,5.7276200878298535,7.297059886237838
train:2913,9.523043882364425,9.013840073852492
train:2914,-0.008644394889472051,0.20292188319506865
train:2915,3.4715438261038147,0.5841104262451648
train:2916,-5.740101873658664,-3.0769637325175214
train:2917,2.0067665721851613,3.546122292309347
train:2918,2.8522625213321726,1.8215996172140352
train:2919,3.530565438219834,0.3317179883896044
train:2920,0.12059146115237569,0.008326475262181568
train:2921,2.762745642510684,0.08383627135522514
train:2922,-3.594890990622215,-0.34547490144778364
train:2923,0.6334827895048445,0.22863685085071186
train:2924,-2.2423536409677522,0.1227448673722671
train:2925,-15.050026500692383,-12.579263607519135
train:2926,-3.4395517014079453,-0.015229535025232777
train:2927,-26.95933078452508,-8.189468936618121
train:2928,1.1604970020145968,-0.038690390552373
train:2929,1.2973084396479604,-0.11497469218294026
train:2930,6.0989433018078385,4.119379078373475
train:2931,11.052078870260734,12.228013231594822
train:2932,-4.264895845707663,-2.6746796501701877
train:2933,-1.7269411867706497,0.10567792668879494
train:2934,3.0428162119872315,0.15621423468620255
train:2935,-2.0429969892126567,0.012122750746851652
train:2936,-0.27280749829833456,-0.04770712438800509
train:2937,20.18410599552982,15.88068805684238
train:2938,14.256282324037231,3.7729241627355896
train:2939,-7.223010637858596,-13.845071290261059
train:2940,1.5347322203681966,-0.21335287345916826
train:2941,0.20382510996902015,0.12803308960798207
train:2942,0.09256955012316895,0.03429416654275078
train:2943,8.61171366745438,15.193899515602356
train:2944,-0.4488642794875469,-0.3304525754933204
train:2945,2.4767264666661326,-0.003525071529083809
train:2946,-0.006331900315462546,0.015148229875058206
train:2947,-15.245047806266811,-5.53544488971655
train:2948,-14.148376776739319,-1.4067330539038405
train:2949,-4.328908336241855,-0.4188708923189653
train:2950,-6.456758540521694,-0.225925855966635
train:2951,-0.6990949982670107,0.008297943100180324
train:2952,-14.465739924324494,-19.612848980098352
train:2953,5.423629797889795,10.284170674914854
train:2954,3.781438322887989,8.136505765762822
train:2955,0.024374787159514466,-0.1626522202086335
train:2956,-0.8604289205808534,0.09102295232009766
train:2957,-2.169540513915926,0.09041464662623121
train:2958,-9.04312146569962,-10.181493755269585
train:2959,0.3957938901616025,-0.022911534322446844
train:2960,4.776562759661041,3.669636595004618
train:2961,-0.831906759418628,0.12065930899078642
train:2962,-13.564524432364218,-10.71737683297153
train:2963,1.3790335507145008,-0.03546668422866281
train:2964,-11.79949411963401,-6.65650149626406
train:2965,0.7503704638245988,-0.18356044586233272
train:2966,-2.340051190180128,-1.3384156452080695
train:2967,-1.0088862835925139,-0.23807713311972345
train:2968,11.610119981471408,2.7501930956254155
train:2969,-0.38787049166124465,-0.1180915455599558
train:2970,5.065834723661414,0.06880681236026158
train:2971,-4.36776884518097,-12.834088911498135
train:2972,3.7021944710778794,5.7669125647759785
train:2973,-0.7902132819055833,0.15825613885982132
train:2974,21.224687641183806,8.837278490242895
train:2975,-14.123555815678358,-6.948941320052537
train:2976,-7.461702478279397,-7.961526635676689
train:2977,0.62151444454732,-0.14569270311509605
train:2978,-1.8251085340865707,0.09425136645053805
train:2979,-7.0411464686823315,-8.103229906326131
train:2980,-1.4346598183919967,-0.0313756001801149
train:2981,-0.5997507148807024,0.16611446691820306
train:2982,-0.20909360037374392,-0.1599893135290577
train:2983,-1.915494574268355,0.2286807190497888
train:2984,2.7709279401092526,0.18685891796201515
train:2985,0.33985025760473686,-0.01944573260415612
train:2986,0.3903805188917748,0.9709821123182756
train:2987,-0.04412089299614397,-0.0644303951801723
train:2988,11.023512542032861,9.143215167944438
train:2989,-15.63224884788685,-6.979983741666646
train:2990,1.6402682614418107,5.324751932815711
train:2991,-7.3090620292344335,-3.9843064566703776
train:2992,-0.8636414934611117,-4.294546069723329
train:2993,-9.073581863669052,-8.700354987190778
train:2994,3.0024579746061844,0.13269631483505984
train:2995,-2.193056454416122,0.052237472582091056
train:2996,5.6999882417277865,0.035482959072532474
train:2997,16.894710316033446,12.34338474057656
train:2998,-11.30096138809444,-9.614883821665266
train:2999,-21.569185812230206,-18.631601679286643
train:3000,13.942903510689947,2.386177632901436
train:3001,-0.21668115356463225,-0.5291609302438889
train:3002,3.0504545573036146,2.037691512650682
train:3003,-17.46638155677977,-2.8022084280590334
train:3004,-2.699989994300097,-9.633602061224561
train:3005,-4.605819100858681,-0.0030791138370044185
train:3006,-4.392232750384906,0.12870224013731615
train:3007,3.1340200402582163,-0.10376911353938298
train:3008,1.9645068263988668,-0.3328297325704538
train:3009,-19.197990883392716,-4.408367711665159
train:3010,2.179294753516495,0.39353020680990236
train:3011,-41.36185569599927,-17.010428201392223
train:3012,-1.40869097854068,0.2902758790476623
train:3013,2.3833031271172387,0.16775392494679436
train:3014,2.7771459655777067,-0.13210839812549532
train:3015,-0.4468957068799877,-0.24950939979038056
train:3016,-14.68470628831062,-5.155975124105408
train:3017,-0.34463930288894445,-0.054657131069077325
train:3018,-6.8827438447780445,-6.939872657682062
train:3019,-5.762195634645008,-5.089002150883136
train:3020,-4.0316602651020155,0.12404493533385363
train:3021,3.8878895520534678,0.6365615989648807
train:3022,-2.7961588981245864,-0.25048648367811305
train:3023,0.947207500713622,-0.3000370054783778
train:3024,-7.841236117303021,-7.382348284710823
train:3025,2.99890554777868,-0.06264891831521985
train:3026,-2.819212711643165,-7.679062226367086
train:3027,0.2950928642560737,-0.004622668136069041
train:3028,0.17336192250070528,0.03483413770862426
train:3029,-5.123742568966967,-4.130215082677183
train:3030,-0.21317126659509367,-0.2040083050821419
train:3031,12.355514065827135,3.5071382287238118
train:3032,0.2933873181473576,-2.0305708007989085
train:3033,4.715191924569052,1.8024411263950622
train:3034,-4.513183562285995,-0.10824959026884282
train:3035,0.8550101459238078,-0.1606815037792078
train:3036,10.265004093595175,1.8324100254138753
train:3037,1.9591430849633324,-0.5384240392984017
train:3038,-3.99182436138681,0.05478639327447189
train:3039,-4.452900631758378,-2.814991977922069
train:3040,1.2045699220748434,0.029830880440896698
train:3041,2.9648362356293627,0.20095152341766798
train:3042,-2.320672541439906,-1.9395260984610494
train:3043,-0.4393154761236673,-0.5378452643922065
train:3044,-5.184204027423096,-0.7510980670489198
train:3045,5.494868950196888,0.042769502604409336
train:3046,4.704993051736313,4.9022117273772166
train:3047,-0.4445548524006677,0.04990140181823947
train:3048,-1.6139220824851397,-0.1452981746450239
train:3049,-5.162011704142885,-11.955987658893871
train:3050,-1.0059821827970676,0.17680090287414776
train:3051,-3.608052776185184,-0.5519024899669778
train:3052,10.06886233930274,4.064265783608638
train:3053,1.4111265029052102,3.881792050710764
train:3054,-20.50495851437796,-5.368520899787732
train:3055,13.27631927860978,7.360429247399353
train:3056,5.1093546255681055,8.534959120039868
train:3057,0.9549706761050194,0.11382799610363935
train:3058,6.274996944810807,4.177389528867917
train:3059,-2.0760674283036185,-0.1201334497335746
train:3060,-1.6798525859596367,-0.6020029691898163
train:3061,-1.685496672032913,0.03307912442392794
train:3062,22.255074598253383,9.94926814634965
train:3063,-0.16571910109632948,-0.1323196787851145
train:3064,-0.5459454656758989,0.058064738688414455
train:3065,16.50995473510084,5.944154925770926
train:3066,-0.3684003706034842,-0.01975730381320967
train:3067,3.729874900952159,0.7238246842162979
train:3068,0.5508001829467132,1.1965031739922827
train:3069,-0.605812295953468,0.09300451097108382
train:3070,-30.299270324115543,-11.38727433430682
train:3071,10.508717961838343,16.54054566101268
train:3072,4.462307578748012,0.5576423521734988
train:3073,-22.039076899072064,-8.326512334569522
train:3074,-3.907440160510047,-0.010287336584187873
train:3075,-0.06096539823027777,0.10273376422229191
train:3076,0.1515727980382084,0.05791879667977811
train:3077,-1.0604915480115888,0.059013147753335694
train:3078,4.336732242615385,-0.0619492383725444
train:3079,-7.008622771372439,-3.120214495608722
train:3080,-0.05160721062340329,-0.09046741961440455
train:3081,-0.07007322831240273,-0.34866165862170223
train:3082,-0.15572688363917242,-0.09080809362869935
train:3083,0.19870800672639138,0.06134836255232724
train:3084,5.68027113378976,0.3532744647639718
train:3085,-0.15841944743599107,-1.0524456318141842
train:3086,23.148763092394354,7.745194582277925
train:3087,-3.378343122167652,-4.40724582705527
train:3088,-2.770787940867194,-0.6600092825207688
train:3089,0.9340275834079134,-0.14913528678655824
train:3090,0.40159244473552486,2.468152816903961
train:3091,1.7214429113954384,7.94145705310614
train:3092,-10.180769303985466,-5.4111559388229455
train:3093,-0.36015972598661283,-0.15768862264608768
train:3094,-17.342276751474966,-6.28858326176074
train:3095,2.3928355421751806,-0.15282132113029603
train:3096,3.508424255752478,6.975104682145558
train:3097,-0.03748676727764205,0.18271654735227
train:3098,0.9283386328942689,2.974183692129676
train:3099,-1.411317756655508,0.1836773679076618
train:3100,4.5771944849939326,5.160653197568255
train:3101,-1.0294069996670854,0.5176606615435901
train:3102,-3.5856633283172408,-3.085853498232248
train:3103,-22.146210393172677,-6.208898639723675
train:3104,22.080120947643277,8.50644635990879
train:3105,6.07043648288947,2.3863670864571245
train:3106,2.7579714151724244,0.2547848653951289
train:3107,-0.23822073410622047,0.11136474322766723
train:3108,-0.6297685123606979,0.20526765489400065
train:3109,-10.328191530453292,-4.0731207999046
train:3110,-4.108724820909779,-0.27215787333494046
train:3111,-2.2250299230713426,-0.060426334225728184
train:3112,0.8073982816139916,-0.2548384943481623
train:3113,17.060945852801208,9.426629127605443
train:3114,0.2518337804949435,0.11650902070608593
train:3115,-1.368622849043465,-0.04135108598939369
train:3116,-8.48853933310387,-2.319689623591251
train:3117,-1.081653848829251,-0.21449059341896776
train:3118,0.6310529035195085,-0.04474669858916136
train:3119,-0.7051412370959197,-0.1507259191529249
train:3120,4.07002081574778,7.331252829180125
train:3121,2.1403949591347775,0.21357358124377684
train:3122,3.287968066904588,3.5061958114129106
train:3123,3.0883041053558813,-0.045040080544939104
train:3124,-0.8667513197991797,0.4179053754683723
train:3125,7.127942948099599,10.030420462800059
train:3126,1.1853228446986033,-0.1408997278813176
train:3127,-4.315462021792819,0.12093592830138844
train:3128,0.9373422054556416,-0.1432012747291477
train:3129,13.682502860128654,8.065690080962222
train:3130,-0.5241910937203194,0.2493339385056019
train:3131,0.11799664604558227,0.3540089539442887
train:3132,-6.818787144221512,-7.04123316319147
train:3133,0.42501912127146463,1.3308816680127662
train:3134,0.9214439214884464,0.020526970394722108
train:3135,8.283705792131666,10.914545425446025
train:3136,-3.4856514248649337,0.08164542929595987
train:3137,-3.2121364102216834,-4.6996653930087255
train:3138,1.2242312400352096,0.005680188566971486
train:3139,0.5495814043930811,0.21138644836557174
train:3140,2.91198848191615,-0.030491103158076446
train:3141,-0.5610594355404896,0.18256867942269855
train:3142,0.9723432102318816,0.31527461810666935
train:3143,-0.6177062542741123,-0.551862687600986
train:3144,4.412809780735046,4.3363473391659895
train:3145,1.8414494779246304,-0.03246895262800245
train:3146,1.2732652838588767,0.01710539352753332
train:3147,9.811609173314437,2.5127975187697325
train:3148,-0.02283492439466875,-0.033255299012756645
train:3149,2.1947123138428526,0.9415624574179864
train:3150,-4.171484826445503,-0.3819284475854289
train:3151,1.350145035365641,0.07260872294692691
train:3152,0.13097595188995503,0.04507254739074448
train:3153,-0.9252773309469854,-0.08578586247324096
train:3154,0.03944923912326273,0.07504080443591267
train:3155,-3.173725940435693,-5.569027244392011
train:3156,-0.7885347009527363,-0.02327432076229262
train:3157,-5.448403045630077,-0.23599428529363287
train:3158,1.3438110132353023,6.119622586289396
train:3159,11.401402236381434,5.405044289903403
train:3160,-3.5839115230187146,-6.588516772577224
train:3161,-8.166687881815944,-0.30736520596677647
train:3162,0.5176632607990399,-0.052717372035422955
train:3163,-1.0177327143834773,0.20130118506299316
train:3164,1.4518259889829448,0.09779548895352216
train:3165,-0.6797602841341961,0.12449645679752327
train:3166,-0.4360017839089,-0.1694122026907775
train:3167,-1.6282642909921,-0.4914276809752855
train:3168,-1.004186210432894,0.20792071797768602
train:3169,3.584474131341549,-0.2325530212346632
train:3170,25.64284660502366,8.121815696834863
train:3171,0.45245256426547786,-0.1582780971130333
train:3172,-15.115137123953517,-3.499335027556968
train:3173,-18.371027202533178,-12.167414403182505
train:3174,-0.059136765483349174,0.034505304541559964
train:3175,-12.445128285269861,-3.444856288075039
train:3176,-0.09999571791389553,0.14542722285920345
train:3177,2.0197612202733906,1.0649863131597135
train:3178,6.586880586756803,11.059527612152651
train:3179,3.8195600795395883,-0.1500705353917564
train:3180,-0.5778222317031755,0.1391317439744397
train:3181,-5.579489966639038,-0.12043096885284252
train:3182,1.3295194806247168,-0.056117407120300805
train:3183,1.1052268009797364,-0.4188041270598824
train:3184,3.567705988639337,0.09576485498389387
train:3185,-7.613268040421445,-4.2395600284010175
train:3186,0.01416126945763918,0.1725837779999594
train:3187,-4.111784901184433,-0.02927834361221371
train:3188,-2.1118560015978263,0.16310610708719725
train:3189,1.9027615010818355,0.4319309303433222
train:3190,2.3773926439006354,-0.28087138161890435
train:3191,0.15265128804384942,-0.02525587941327878
train:3192,-0.39518060594239424,-0.3963383306825355
train:3193,0.5615405672501157,0.12837790078576705
train:3194,1.078130538663206,0.014606832101084669
train:3195,0.6273726246598665,-0.34477614880037327
train:3196,-0.8727268913230525,0.26960860750206356
train:3197,0.3926607017703895,-0.215462327526325
train:3198,-8.31216024856455,-0.13617879635659233
train:3199,-3.4042543123753863,-2.4417727530405395
train:3200,0.8030004041666972,-0.07113238604304875
train:3201,0.09771257245958562,-1.0072913455350705
train:3202,0.8900088261176453,0.03918315250166338
train:3203,0.2596913339318825,-0.20056161991239202
train:3204,3.4714303864825724,0.21302447978606295
train:3205,0.12112565018847077,-0.03635952690808664
train:3206,5.890617946227407,11.453870623171799
train:3207,-2.270737954393509,-0.19478342912471075
train:3208,-5.743432535324969,-0.05751462709350158
train:3209,0.1580482710077395,0.044305460215341125
train:3210,-18.47016227350326,-4.2850816662658975
train:3211,-1.247363332599324,0.16958925626752414
train:3212,-0.055891183532975175,-0.9800922061425277
train:3213,-13.918290540372581,-6.761157466484611
train:3214,5.008948472940334,-0.07542226793034029
train:3215,5.430235331244747,1.5288837447581962
train:3216,3.246360134023955,0.007356381754139371
train:3217,-0.0654906627932294,-0.06411333152993351
train:3218,-1.1892873606046432,-0.3198057992425574
train:3219,-0.21587405855448333,0.012799176977496066
train:3220,-0.30702790830381427,0.4175495080778118
train:3221,-0.585022625694927,0.8933172820292783
train:3222,-9.602642870984209,-4.028487653564439
train:3223,0.5623924104715127,4.57458803866015
train:3224,4.417443603296195,0.15582691058703568
train:3225,-0.2563966439113876,-0.4182634425899589
train:3226,-1.9828646916247217,-0.02522948716342764
train:3227,0.24375957597809125,-0.2080021657886706
train:3228,-17.87667778948515,-5.243924372187753
train:3229,1.8447645648888393,0.14523227686232998
train:3230,-0.8655664801486241,-0.8645513587793134
train:3231,-1.8375606246420562,-0.7667438207431103
train:3232,-1.8247226534077554,-4.296661158892481
train:3233,5.97906086797894,9.356983261446894
train:3234,-1.1661621824063078,0.1607666837943105
train:3235,-2.816519915388106,0.4974510458764914
train:3236,0.08764468984522714,0.0017534497715507302
train:3237,0.43672920512407104,0.35922006801219536
train:3238,-18.182538903342742,-6.363399155673914
train:3239,9.901937796310879,18.412915151879538
train:3240,-3.56809692401801,-6.264440487561771
train:3241,2.1682206754092133,0.18318682871245545
train:3242,0.2591806231780527,1.8642365108397794
train:3243,-1.371207087300327,-3.157371074218078
train:3244,0.39965746234368177,0.2059084159221435
train:3245,-0.19536450047544396,-0.7316338541141034
train:3246,-2.127572735679386,0.04012457118689432
train:3247,-4.979381352606756,-0.13678596076397873
train:3248,6.356181590468766,12.30450339277423
train:3249,1.1328477215445114,0.0026632690873652914
train:3250,-1.0819541848756544,-0.37946726329120184
train:3251,0.8440176606588539,-0.15644918552875378
train:3252,1.7393772970889856,0.06171043568812299
train:3253,-1.9223246622833878,0.033629866480956894
train:3254,2.2957447089698584,3.046392317079176
train:3255,-0.013552169486755472,-0.007150796015391481
train:3256,1.4607003147627382,3.157709405840537
train:3257,0.3507576631537591,-0.018041236929645058
train:3258,-3.455892120948097,0.23113826549336064
train:3259,0.15911943857881267,-0.13475732404569052
train:3260,0.05529661473584309,-0.14801550642361705
train:3261,-7.366641935344421,-11.412202313604064
train:3262,-2.845219209729402,0.22520985287274284
train:3263,3.9692701600079574,0.004197015455741984
train:3264,0.27507309568924154,-0.10115057437171909
train:3265,-1.0398604142728987,0.18554116005998783
train:3266,-1.1083737612548163,1.5038517657304578
train:3267,0.48582717496380706,0.04517547716516396
train:3268,0.9881171290405429,-0.2630153839952879
train:3269,2.084860917997233,-0.15088277471352673
train:3270,-0.5582494803323447,0.24795390916000687
train:3271,-2.3869105871662537,-3.045764669334025
train:3272,-2.767692062023541,-1.0316833481691212
train:3273,-11.493946359484275,-2.507157055482583
train:3274,16.340726995864582,5.829682179892228
train:3275,6.393857492215566,0.3744264977419716
train:3276,-1.2492634462551298,0.2764340712960004
train:3277,-8.406338380019537,-6.6150807860436185
train:3278,-1.6933551553028128,-0.009754070476384685
train:3279,-0.08338901745953772,0.029702771033511127
train:3280,28.279250350663776,8.273870435858354
train:3281,0.013893710023111155,0.1206132295491544
train:3282,-0.18766641339131668,-0.10553539702806977
train:3283,2.6273289543188225,6.483424200459177
train:3284,8.299932307134094,3.311498329670464
train:3285,-5.1948710711517,-5.645695446262304
train:3286,-6.346833687872155,-1.2229282956486076
train:3287,-0.21174769233180113,-0.48017224237863104
train:3288,-0.7179824627455839,0.35655209687386435
train:3289,-4.286329425291697,-4.213023120488524
train:3290,6.899161267377146,0.30981941139284214
train:3291,-1.1589364504663688,-0.10363472705635712
train:3292,5.930416656624172,3.4018893601768747
train:3293,-0.6776809451751575,0.1944194415795089
train:3294,2.228794643653624,0.29316900460938555
train:3295,0.22728526049155598,0.06064533008061668
train:3296,-0.03466809488548764,0.13548112517678595
train:3297,-3.5291866690154814,-1.0169021189835685
train:3298,10.42980489810411,15.096908425381818
train:3299,4.512464163413848,7.7016847471557535
train:3300,3.306847627802992,7.082346807529901
train:3301,-21.89498254477166,-12.054117753021497
train:3302,-1.0899832924938981,0.18647772827767856
train:3303,-0.8154810277043051,0.11394512062865444
train:3304,-0.10481864525348761,-0.22420008814798997
train:3305,-1.8873824694419312,-3.9814640826918137
train:3306,-0.13056606863096576,0.12347008359993364
train:3307,-0.398955379076698,-0.06300870887805549
train:3308,-0.5116806561465314,-2.900668924622635
train:3309,-1.7948998883913299,-6.292610861748836
train:3310,25.48651564895648,8.352602083684578
train:3311,-0.11272547983735964,0.005100914347941299
train:3312,2.2759697189300097,9.716159241513033
train:3313,-3.3433260777728346,-0.0979495511167999
train:3314,-0.1244311469834013,0.053446950929323646
train:3315,0.7224824487417763,-2.429890534175123
train:3316,3.8630606874123385,0.12394107826416911
train:3317,4.405973648805767,9.1864625071762
train:3318,11.707997918278217,5.8637478693919896
train:3319,0.49781574378823323,0.05642128615714299
train:3320,11.600840248520617,5.962616946515449
train:3321,-0.021688091666394127,-0.10651091164689219
train:3322,1.3040536804053016,0.13471981576418784
train:3323,0.859355720267046,-0.06051906375223223
train:3324,1.6510120163896969,2.6638932918283627
train:3325,-0.4293039646325695,0.290523181561808
train:3326,7.544864240652112,1.4988158391372388
train:3327,-0.22772338489299965,-0.5362086595798152
train:3328,1.3020780178214149,-0.3785081546655301
train:3329,-0.2664721976476743,-0.20211854866239476
train:3330,-10.822608821307472,-3.8059433523520214
train:3331,0.7611539691315677,1.735797129000664
train:3332,6.381056481841465,8.626652358420015
train:3333,0.1427725102079345,-2.189457138031168
train:3334,-10.696683403065029,-8.73764538163992
train:3335,-7.484933424977046,-1.3845030758454338
train:3336,3.1220698270434313,-0.27520047176034773
train:3337,-3.7363846021306983,-6.017583075143236
train:3338,0.9425381120417152,-0.216427285245207
train:3339,0.39346919152997983,-0.04076154019204306
train:3340,-0.9511192485991252,-0.7085668850833904
train:3341,1.2734489258686743,0.02615550999270687
train:3342,2.4535754856031295,6.085635074913519
train:3343,-11.490657540301214,-3.955895556357642
train:3344,1.0056714455112807,-0.3088240554098999
train:3345,-0.0603349714827191,0.20907776847724133
train:3346,-0.3262574350829156,-0.09496829683969527
train:3347,-11.240060118647756,-3.659861821443489
train:3348,-1.0744360204694807,-6.573448937824368
train:3349,-2.751522266831733,0.034420564020416274
train:3350,0.5263832343073074,-0.45274527367250833
train:3351,4.660934311628722,1.4864070592220893
train:3352,5.38636674197768,0.17154428000784916
train:3353,14.069585812962645,3.986289952753828
train:3354,-2.2551472126781653,-8.225737309024378
train:3355,0.730198667568643,0.009239468781018764
train:3356,13.04531901644238,10.078130802812055
train:3357,4.701919953800205,0.09898770534274401
train:3358,4.5117928240160055,0.1866854424170476
train:3359,5.766904600599185,0.06926161502256135
train:3360,-10.866519253057783,-5.775590966989153
train:3361,-0.2781591519053758,0.049081244821513804
train:3362,-1.3392013069497115,-6.320963271129469
train:3363,1.4339701741746023,-1.77466013337738
train:3364,-3.3695952536705547,0.05856433684505618
train:3365,-15.44355226611315,-8.84781262427263
train:3366,0.8317759448107952,-0.4028271149648577
train:3367,-19.762388332724793,-11.229054365718099
train:3368,2.855708947202123,-0.7208050426697725
train:3369,-2.6105502916143712,-0.39279164028497127
train:3370,0.9701741423921065,0.1512623353100772
train:3371,-4.246671119672043,-0.10848519459656805
train:3372,0.22054850445998359,-0.12499404619129595
train:3373,-1.4667792708220944,0.24824187000500442
train:3374,1.7626252132381728,1.86195222594996
train:3375,5.073264089019812,11.5541931286276
train:3376,4.202230974973629,0.4639959446435566
train:3377,2.731444675544507,5.35922163772941
train:3378,7.8207772945017835,4.715936939857537
train:3379,2.869848917040065,-0.14916535255226704
train:3380,0.8459094058180104,-0.25820906997577386
train:3381,-8.927438157522603,-0.4605508172311878
train:3382,0.3811946990700459,-0.308068666420917
train:3383,14.9349450862808,7.207394713932739
train:3384,-2.4999238799957575,0.0024464246561558683
train:3385,37.454185547751216,11.910478800683014
train:3386,0.021652003791463273,0.002171089292843889
train:3387,2.723701956478252,0.4404714623951536
train:3388,-3.4400435830443152,-0.31608948514189583
train:3389,-17.77456353370802,-7.451857196491766
train:3390,-3.458715558734176,-0.3684244606318616
train:3391,0.6160006513177041,0.02580014191498141
train:3392,16.561975169937003,11.8954172430058
train:3393,-19.421872344410694,-7.6411452656403975
train:3394,-0.36116836229105864,-0.401798958507143
train:3395,0.7637637777948573,0.1593736009845999
train:3396,-0.1443673468128634,-0.6212075394504215
train:3397,0.8134944989645545,-0.23054378638653583
train:3398,-4.748880410739412,-7.573993681083997
train:3399,4.568856672832637,2.762411708680827
train:3400,2.066810768100041,-0.12143608558974123
train:3401,2.881503443373252,-0.028952221000539527
train:3402,3.212188075332447,0.22193906848173062
train:3403,5.613656970630688,9.29523966287621
train:3404,-0.7503973695990398,0.1115869374392519
train:3405,12.024090914038664,2.393215946623902
train:3406,-11.674651026958172,-2.2299274419353474
train:3407,31.889589034645176,12.6409580709523
train:3408,0.08522468333510189,-0.09228406236902353
train:3409,-1.7661582866503083,-3.876491120151429
train:3410,-0.49514473922632984,-0.04978526440736544
train:3411,-2.707317078032785,-3.191574288738685
train:3412,5.3149867199769965,0.5581945921690328
train:3413,-2.2407299201596045,-3.683158046395882
train:3414,-5.381872567437495,-0.10801348662828253
train:3415,-0.18351633642812892,-0.05941572504764425
train:3416,16.417270845214183,10.886080599347109
train:3417,0.08938708058502289,0.11615614919253558
train:3418,-0.09599511159918872,0.02380531580866467
train:3419,0.6089489143705926,1.9936016186750247
train:3420,0.8143008965999826,-0.044396680291811125
train:3421,1.8282144680159824,-0.17127021708029827
train:3422,-0.14327304964688536,0.13621211916725773
train:3423,8.344983643927554,1.4965603717310407
train:3424,-12.234531347765705,-3.9647656348805875
train:3425,-0.7714411167141743,0.2662228384981863
train:3426,0.8839405037559125,3.120735718389609
train:3427,-8.726317147724007,-11.237389180881902
train:3428,-1.4721585869597256,0.6283081004627817
train:3429,2.147952641441794,2.7347862987879856
train:3430,-8.552942353481683,-3.4392671228606164
train:3431,2.080543471101065,0.09670213650563463
train:3432,1.9805701557166397,3.767256819397283
train:3433,4.041133695148361,1.050698690376782
train:3434,1.2988163962524637,-0.026025748474477264
train:3435,-21.2034899473322,-8.575042872967808
train:3436,1.3864952277682936,0.08256445023401984
train:3437,0.32430658868304346,-0.15309751245846803
train:3438,0.21815383589804563,0.37533068195579095
train:3439,12.395780482203284,2.2013009213198167
train:3440,2.0152784955684044,3.234403857299872
train:3441,-0.019171382528324787,-0.17909473452670854
train:3442,0.5534225443549763,0.23561182317353518
train:3443,-2.3089501373005663,-0.16255913403010447
train:3444,-0.3127001218241606,-3.38922342264016
train:3445,-2.6805295202593067,-0.1285344595132199
train:3446,-0.144412443711472,-2.6683720451165733
train:3447,-2.9264322152926714,0.10968241562566908
train:3448,10.336479423474362,5.2657274492837445
train:3449,-0.03787985416190523,1.1056908661139235
train:3450,-1.9486807775629615,0.0394412972373696
train:3451,-0.5738771829078885,-0.24338882305868442
train:3452,-4.886027053155217,-0.05201804874477256
train:3453,1.7923329114256745,-0.05534518415573722
train:3454,2.706875931674218,1.683409654332616
train:3455,0.672394904173295,0.09444731107308157
train:3456,0.43730988580821617,1.4485531545734232
train:3457,-0.05393295531710707,0.3823177804474648
train:3458,-0.6268395385335447,-0.6213623264292782
train:3459,-0.0663505258239151,-0.061585167985408584
train:3460,3.32860060500913,2.788672139943529
train:3461,-3.2790048826955904,-7.215663394299575
train:3462,4.55059754297746,0.7578922283065892
train:3463,0.5696434803596387,-0.23974455266707595
train:3464,-3.57666161542179,0.024906799922722572
train:3465,-10.166358752755873,-5.062373084087378
train:3466,-2.040398571003139,-0.30771486761210165
train:3467,1.3182041108640554,0.10646027857086895
train:3468,4.958026170831114,3.669976698375673
train:3469,27.73687692484597,12.008473081719517
train:3470,1.0684384247942122,-0.33449586817051624
train:3471,1.334764435899483,0.33814685513172393
train:3472,0.8432875093262279,-0.25504606582672135
train:3473,5.1715260468395154,0.8231462814290968
train:3474,-3.1467049945890038,-1.0207205782241946
train:3475,-0.34683103540714394,0.06670099614376
train:3476,2.719878948259096,-0.06679613939250517
train:3477,-4.038734434269311,-7.545742275556849
train:3478,4.66560486259183,-0.06529449170637988
train:3479,17.751930761443962,9.679352752531432
train:3480,0.014570860876960134,-0.14204272629108733
train:3481,0.22956404862072918,-0.11646927815897024
train:3482,-0.6404604291210081,-0.3374706313807656
train:3483,0.9901269629857467,0.5776616583200493
train:3484,2.0705182445737926,-0.016578392983841436
train:3485,0.6151018515317765,-0.23525587294104072
train:3486,-1.9282502552856071,-0.48635944170860007
train:3487,-0.6598565122292488,-5.1194408319493
train:3488,7.674586166874323,4.4763706361167985
train:3489,21.39948879918831,11.094138265946636
train:3490,4.163088726647331,-0.30839521701502126
train:3491,0.9146775270312422,-0.2895540038375019
train:3492,-1.3310192418093831,-7.4834559952649
train:3493,9.16741996809998,12.389557767699928
train:3494,1.0782328202889162,-0.20094109766700852
train:3495,0.32263137837468003,0.08071891866537459
train:3496,-4.454638489562489,-3.9306229085434228
train:3497,2.166971909742589,0.18710786107547595
train:3498,-0.17006618641812926,-0.041448879974652936
train:3499,1.2994426387516977,1.0982098758980083
train:3500,-0.07708533112955154,0.14731876253907572
train:3501,-0.08344376137511667,0.8757802739768357
train:3502,0.3738097332355356,-0.22794636101875287
train:3503,1.1721856997091002,-0.009927546021352221
train:3504,-8.093131585770037,-6.700251001547042
train:3505,-0.07926323238245614,0.26366764073016524
train:3506,0.5142766929259541,-0.004525979772087338
train:3507,0.36522063371652913,0.06085461348889577
train:3508,-2.7452775086656507,-2.8404923123890584
train:3509,-3.1556276716827694,-0.18614831295584527
train:3510,0.7801448775270522,-0.06757093025164887
train:3511,4.254488052298366,4.790552537993461
train:3512,13.188252939207453,1.6186051254224378
train:3513,15.58188659705982,3.5345907337149254
train:3514,1.6318488564381868,0.5263066912644212
train:3515,-8.094028874577402,-7.191753442542535
train:3516,-1.6784938675453742,-0.052247518657667524
train:3517,2.0557262293719485,-0.35805059451064053
train:3518,0.8151416980549677,3.1312358393276853
train:3519,0.6301260925156308,0.24265056487843126
train:3520,-4.307959199630503,-4.2909909623379745
train:3521,3.894959536972439,7.300316547208659
train:3522,4.266748364805645,4.228151668927565
train:3523,1.8741347337114975,-0.22025765666346853
train:3524,3.921621567296182,0.31455760487557816
train:3525,0.13089482396410768,-3.789724530184036
train:3526,2.699951930530124,0.40561971183225803
train:3527,4.169746330648098,0.4121083534537702
train:3528,20.17862556005768,8.393452150664995
train:3529,0.20183457005775726,-1.3478851844546615
train:3530,-0.551639762729069,-0.13015665558380043
train:3531,-2.3178233007891587,-0.009496282392703476
train:3532,2.6988107930287355,0.2058895846952227
train:3533,-6.099486032417396,-11.8402863181194
train:3534,-0.9037203160373782,0.23157937271789983
train:3535,3.6417713682313915,0.8314424355133876
train:3536,2.940597582460229,-0.1765686395639287
train:3537,0.4794259724020359,0.7566933068592971
train:3538,6.124808465284003,1.2144233689804018
train:3539,-9.514967991258462,-8.718998472485628
train:3540,-2.178686350920332,-0.10790770363766294
train:3541,2.486060362386901,-0.02327075424204246
train:3542,-27.784979681577767,-9.35416377301681
train:3543,-0.5041113509275027,-0.38697778429478846
train:3544,-0.45127917191638667,-0.3359806818810608
train:3545,-3.0229228413216673,-0.1783805745118175
train:3546,17.53779023052543,14.2060590027954
train:3547,0.7015463297918776,-1.187617605259922
train:3548,-13.980938036120024,-9.082742451688166
train:3549,1.7813157855872541,-0.07322286622247465
train:3550,-1.899130908904179,-0.2761859726358706
train:3551,0.9790233626819531,-0.2417071374303313
train:3552,-0.7031339601913588,-0.4662686624962365
train:3553,-2.137647475811832,0.11106322960571913
train:3554,0.7333161650286392,0.06938729919617682
train:3555,4.534765277150496,0.06717605664108067
train:3556,-0.31164871320350873,-0.039237280767531774
train:3557,-5.502047898649108,-0.2146985928799568
train:3558,-17.54407653933509,-11.626131899143447
train:3559,-7.594945681924919,-3.5376916689000963
train:3560,-0.6010352791163254,-3.033333776993324
train:3561,-1.8689308641638274,-9.749587582332564
train:3562,0.012583807839300992,-0.009477237174567638
train:3563,0.02674051467054127,0.16366020167326134
train:3564,-23.853199602644242,-10.929038682275053
train:3565,-1.8559369134503187,-0.13305452461745645
train:3566,-0.3503802078192848,-1.5573066883978481
train:3567,-1.7037125646554032,0.9493996716764872
train:3568,-1.870926750614616,0.14610857088779308
train:3569,0.5031260198285099,-0.1932264290443031
train:3570,-0.7450150315042855,-1.7620484897904016
train:3571,-2.5813805017948086,0.018753125883104974
train:3572,-1.893916405658885,-0.9845888748739233
train:3573,-2.2144451695597875,-0.24379897288745223
train:3574,-1.361625391095452,-1.990340595037969
train:3575,2.473906050837176,-0.12780275221869808
train:3576,-7.887746362012292,-8.35433119252073
train:3577,-0.6923685866271294,-0.20070271145348817
train:3578,-2.845540002100947,-0.11057489014153893
train:3579,-1.007267444407411,-0.06659498765039643
train:3580,5.4003142363926955,0.49128196446939315
train:3581,4.370555846404757,1.6973954068415742
train:3582,-10.389835736435813,-2.1561496907365894
train:3583,1.6100628701619333,0.42653121868458743
train:3584,1.17889188748208,0.10759115081178813
train:3585,1.113755461356278,0.334329965160008
train:3586,-1.4616893651935752,0.09991956575370453
train:3587,-4.396847511370354,-3.9486455339931266
train:3588,1.0057518760624076,-0.35054050148948396
train:3589,0.1442739579817109,-0.247495599796333
train:3590,17.813846478651097,6.599113557725607
train:3591,10.604096507645982,4.3404143135376465
train:3592,1.4849650032547803,9.213416840618772
train:3593,-4.842810276793812,-0.18558858326778593
train:3594,1.9938739732644017,6.705719415897323
train:3595,37.456309286234145,18.9275851377768
train:3596,23.94770532714117,6.236854392233615
train:3597,-9.781627347480253,-3.867339714511151
train:3598,-6.030466391388213,-1.6586129827994536
train:3599,5.7360973749353,1.123520899470119
train:3600,-8.858414797161576,-0.7005229553111907
train:3601,0.32390420346917026,-0.09875708263184002
train:3602,-0.5035190473313451,0.18386247030864483
train:3603,-1.205375098037642,-1.621829462208264
train:3604,5.7903568475415526,3.4440958461388305
train:3605,-0.39292401757516493,-0.369168008773614
train:3606,2.7473322664326507,-0.000582193009870835
train:3607,0.48955103974349595,0.1678425173098082
train:3608,1.9419820878350982,4.761123324818901
train:3609,1.4485090423528137,-0.014836647154475704
train:3610,-3.1344507259959715,0.20403813270296217
train:3611,-2.6067835382893563,-0.7122043077561186
train:3612,-3.946021719560861,-0.5554397647510816
train:3613,-1.1598355989396572,-0.3049291299751105
train:3614,7.140930854898861,2.56196528161675
train:3615,2.84658472881406,1.9884749598066418
train:3616,1.062513761624954,-0.2310900346280496
train:3617,-0.7113206744964922,-0.11465755720229645
train:3618,0.5643913188794245,-0.1089413525365629
train:3619,17.049159290187557,6.563376454175813
train:3620,-2.0232763944010266,-2.6800919159802032
train:3621,0.004952203811885242,-0.08237584113166269
train:3622,11.600706352574234,18.241504194154405
train:3623,1.5088547366052985,3.1044974943514627
train:3624,-7.064786541882821,-4.074758260681851
train:3625,9.544944238094882,9.313508235562365
train:3626,17.52685725456998,4.204406347745272
train:3627,0.31187751149334303,0.001501582111484781
train:3628,0.7704355617482798,1.6726085190854263
train:3629,-2.0267855839958444,-0.06419536149568708
train:3630,-0.2919321864110831,-0.32640343372291436
train:3631,-0.7184427300612793,0.12740402676625973
train:3632,-0.2397379890403339,0.0408922290055377
train:3633,22.090120371305883,10.84724604429046
train:3634,0.7419189795838205,0.33563816478776487
train:3635,9.297857865702163,4.983063314840132
train:3636,-28.589673863021332,-18.645011795427223
train:3637,0.8280428979306164,-0.0353655377143684
train:3638,-1.8351302737402397,-0.22927039599642046
train:3639,23.071847309860352,9.452212205342235
train:3640,-0.7942771168616382,-0.4320314947028476
train:3641,-3.6232890190841465,-0.13770640831013875
train:3642,-1.7325617945616605,-0.07830772547352577
train:3643,-5.055986570931785,-0.036967119297903056
train:3644,5.3172364508261385,0.29547144308727824
train:3645,1.0425806999817353,3.8097386407225504
train:3646,-0.675391696425173,-0.9733982756154167
train:3647,2.5064829810840865,0.03491688097842786
train:3648,0.327681766102357,-0.0627515627680193
train:3649,8.645363392480045,4.797189118874949
train:3650,10.260044364581196,10.522978023146358
train:3651,3.249977184242249,0.22295467078816478
train:3652,0.10424185951173467,0.17255988231428332
train:3653,0.15806756504168026,0.002599285714077512
train:3654,-4.680395423662805,-0.47483430285062894
train:3655,2.3730347492706643,0.09661097624804066
train:3656,0.3544902451174574,0.1653265512645388
train:3657,-0.2612155032317753,0.1836499057017356
train:3658,5.708909988988592,0.10439041287848895
train:3659,-13.979706007446698,-7.753270385229634
train:3660,11.772867714802453,8.14979718810948
train:3661,-0.9044523270359263,0.2047391679233327
train:3662,5.378317178034295,0.8861859534586882
train:3663,-0.327548043232785,0.08176469373312506
train:3664,0.4567422324019359,-0.058211667811191886
train:3665,-1.4798043709397968,0.06307769689122245
train:3666,6.593492628942482,13.466264552275948
train:3667,-14.77305529693309,-6.805949536967119
train:3668,7.09808880122074,12.021795318801136
train:3669,-1.2250415300792938,0.21973938145224495
train:3670,-0.8137322443629024,0.19890034629139874
train:3671,-4.3769937179870615,-2.4478406879333434
train:3672,-7.084308384899037,-0.332351747526528
train:3673,3.874660818517307,2.167297146611598
train:3674,4.416826194210089,0.41906135601185257
train:3675,-0.04744830024708607,0.25717643121407296
train:3676,5.69492902058698,5.46086404099939
train:3677,6.852371142946614,0.12553944997947863
train:3678,0.030006669175177414,0.05274192120627299
train:3679,0.02880067582475912,-0.09194438698039878
train:3680,13.775133749536534,4.277283481250461
train:3681,-16.425463311593898,-8.2800220298047
train:3682,1.6159060567179835,0.18746394245725145
train:3683,5.623410918391588,5.046573624881934
train:3684,1.0339023364984725,0.15842633320615873
train:3685,1.5983569705576515,3.832998915150822
train:3686,28.32868213053651,9.16118358228634
train:3687,-1.1408795592802101,-0.40089563025818364
train:3688,-3.1493048075479626,0.2803021764985085
train:3689,9.596193841406373,0.6677653699551076
train:3690,-4.096378498853607,-0.5327482789723048
train:3691,-3.674954257729206,-2.032150055965677
train:3692,-0.10416508891102402,0.08641258292312717
train:3693,-2.8360273459934264,-1.9656007853491233
train:3694,-2.013088214647339,0.278126313824294
train:3695,-1.3208417551347469,-0.926031890816347
train:3696,20.68450676148804,18.339727873773395
train:3697,-0.2517942032126729,-0.16470396797814274
train:3698,-0.8572447076059054,0.29047503353843096
train:3699,-0.4876528426013045,0.16180981963707586
train:3700,-3.418297114668904,-0.3801037444950445
train:3701,6.97756478264875,6.616342418428436
train:3702,-0.1369940038903657,0.13762217861335904
train:3703,2.1000495069569443,-0.27528692421121154
train:3704,-12.75352226411322,-5.153226906261449
train:3705,0.7976292240674748,-0.22229014522362694
train:3706,1.0772848555851757,-0.38759407899401527
train:3707,3.810863119397106,1.0022973014011174
train:3708,3.436711353551756,-0.1862483181836596
train:3709,-1.0997005118528391,0.04940187499200275
train:3710,-0.6546782724694342,-0.3407744417492943
train:3711,-0.6603279375404764,-1.953851526358632
train:3712,-1.9451588027649298,-1.9279257773562049
train:3713,-2.7535390745241446,-3.420124324730744
train:3714,-1.112051250615575,-4.531394970355068
train:3715,-1.090472849547865,0.09335181871304393
train:3716,-9.631899135269144,-4.455129071968992
train:3717,0.3290915091003546,-0.2475532347635755
train:3718,8.316469386345497,10.503361591127266
train:3719,3.618078062093885,-0.15751229388492002
train:3720,-5.352843182395043,0.21871108233372025
train:3721,0.14518496182525162,-0.2502575130780531
train:3722,1.0036611466495966,-0.21460700463993282
train:3723,-3.7281444224303075,0.3107877929711642
train:3724,-0.7334597648396858,0.14513291360816066
train:3725,0.6753626985265698,0.1264863611058948
train:3726,-9.422056292296359,-5.611232589067486
train:3727,-0.024664022058077856,-0.029129191735352222
train:3728,-0.13478704535742986,-0.1663285892824934
train:3729,11.169989128379349,19.93161365801678
train:3730,4.076687718078157,9.85863402182299
train:3731,0.05582894410601616,-0.07455717277846269
train:3732,-1.1326265943766054,-0.12829022420648928
train:3733,8.144760852769286,1.6809712957679899
train:3734,3.7919940191195125,0.20213304024613934
train:3735,-11.822896155596483,-3.015354520429862
train:3736,0.5218756365706148,-0.22377381764769144
train:3737,-16.36073206018085,-5.402226513403037
train:3738,2.26499025132651,0.4595048396837513
train:3739,1.373153751985611,0.3220032152106119
train:3740,1.0053866841669743,-0.2690642023395509
train:3741,11.832019038616531,8.261951410503956
train:3742,-7.783108539579005,-10.734925253888772
train:3743,5.101380843011041,-0.007796050859049539
train:3744,7.314518580889255,2.0546383329321287
train:3745,-7.828993936538482,-6.669267926829895
train:3746,0.4586211923578787,-0.2659638976164961
train:3747,-2.003859854967644,-0.0632321870369302
train:3748,-0.779357947002377,0.16767888536073108
train:3749,6.848484441169631,2.708859693820698
train:3750,7.3434308069786205,0.3579438957362849
train:3751,0.20736196209442773,0.4255007796539126
train:3752,-4.448007850717591,-0.2527412377802611
train:3753,1.2266787928468044,5.7056231982243535
train:3754,-12.478289847991002,-2.304631204451856
train:3755,3.750373301035666,6.890635216540884
train:3756,8.777185811361157,3.104681812117991
train:3757,-7.533854726554193,-3.42164223574921
train:3758,-13.259489010175994,-4.266069260116371
train:3759,-0.04717434821095115,-0.0746634550819173
train:3760,4.264667863555405,0.5048043546674512
train:3761,-0.6542370667294393,0.2655285796662911
train:3762,-0.8830180500771715,0.1955920421073549
train:3763,1.4765476903753187,1.9784887031062077
train:3764,-0.7198398040851833,-4.908818694629101
train:3765,1.3742848937826686,0.10665971838325763
train:3766,-0.629503974883293,0.19808368448451824
train:3767,3.1716420116932778,0.4461540704401307
train:3768,6.530747500734133,5.303051511684047
train:3769,-3.3273417842567468,-9.974888946359162
train:3770,-4.917744585287922,-2.1919130438754246
train:3771,0.46888282891548577,3.9363047434654743
train:3772,-1.2188732506742537,0.22249359105022473
train:3773,0.38481732828610576,-0.13894827066124277
train:3774,-12.70376969186894,-17.122230907550847
train:3775,8.790647003137568,6.159072865402032
train:3776,-1.4768309975887557,-0.2574478318935808
train:3777,2.6604582053445673,-0.11837943507454832
train:3778,3.577611731631121,1.5258235277227532
train:3779,-0.6504289358376596,-0.14465784159931103
train:3780,-0.14114291856235217,-0.008052127013010668
train:3781,-16.80946572782809,-5.009792304021771
train:3782,-1.7440975347340792,-0.051798636418982996
train:3783,1.0684407493766146,-0.36757990863662493
train:3784,-0.3335847512738438,0.10444405334305129
train:3785,0.674260149093063,-0.25571543034727046
train:3786,-30.376386950569124,-14.004868516765207
train:3787,3.112633882155193,0.011380129900364355
train:3788,0.578273260070689,2.8653722978352643
train:3789,-33.62661248675036,-16.379730466787198
train:3790,0.5268176987583351,-0.022728500503208876
train:3791,0.31234858811721017,-0.17557907285532065
train:3792,0.6764578092963888,1.8538429575267774
train:3793,2.085494366701915,4.068466859141701
train:3794,23.381195297321696,9.179028737688396
train:3795,-1.3618366956358394,-8.447379137952696
train:3796,-6.072891879899806,-11.369254562073316
train:3797,-0.3352210248269653,-0.16906239838464227
train:3798,10.427186488485932,5.587268366383767
train:3799,2.5951499925792203,4.916370527448713
train:3800,24.537329144705204,6.902458944474199
train:3801,0.025002424408190144,0.09999745855596792
train:3802,-1.849892766745572,0.012281318237173544
train:3803,0.27027492515223617,-0.01708897602285364
train:3804,-3.340778335459692,0.09171985037697797
train:3805,0.9856730631025518,-0.07434204027697333
train:3806,5.283610901457459,1.6570196870544285
train:3807,-3.747189726054011,-0.26670587648933836
train:3808,-8.720212794335035,-3.8683166557380737
train:3809,2.5957146336447883,-0.03519477272479099
train:3810,-1.0429674511120837,0.3246704017144879
train:3811,-2.2697534937460495,-9.79248854111763
train:3812,0.24370820270699595,-0.05377106477812879
train:3813,17.3839735427848,23.48771624518198
train:3814,-4.499088224430181,-0.793159181645479
train:3815,5.462898503498789,4.4176794082370066
train:3816,0.4627217557158931,0.9168578849492119
train:3817,-2.2648586205810997,-0.9857154672905424
train:3818,-2.3911218006466273,-6.427287231540612
train:3819,-21.622697699135813,-12.465883643445084
train:3820,-0.9682023722168759,0.08561097183170231
train:3821,-2.564442199660734,-0.2604914289446581
train:3822,-0.4474194352952715,0.27824793216482424
train:3823,-0.09522683711516164,0.0646724307558768
train:3824,-1.1126981818981916,-0.5523627137400577
train:3825,3.3474499463363023,4.840402790155549
train:3826,0.12566672191175943,-0.1624629093137553
train:3827,0.5757079671604075,-0.2909475146296425
train:3828,1.2201460189210516,0.01806892463831522
train:3829,8.25431935123219,0.3384303221612063
train:3830,8.687612212729048,11.81242859660899
train:3831,0.35780823780966936,0.03020964489146316
train:3832,3.0177665120178645,-0.034433249320977855
train:3833,20.561368982462678,5.9005246849251085
train:3834,-11.548298815386628,-9.579344160676522
train:3835,-1.9233358556284763,-0.6680319558322778
train:3836,0.5769219803201144,-0.023922928134985824
train:3837,-3.322261641874318,-11.042646903645114
train:3838,-0.021864643699864184,-0.03219504387279054
train:3839,2.3152677142772755,-0.2235758044434028
train:3840,-11.077160822544068,-4.602347609533274
train:3841,14.657682844804715,6.47774230571825
train:3842,-2.2417920218593075,0.593402566774514
train:3843,1.479559419336001,-0.04775520108097717
train:3844,3.0770942716362932,3.3384577989021964
train:3845,0.23734117150654158,-0.007962678685136781
train:3846,-0.49669593306351967,0.5896731278793317
train:3847,20.48188314162447,19.9826634022694
train:3848,2.3533934227189595,5.628715326193249
train:3849,4.403153930351531,0.20641172325984541
train:3850,-0.7818743074530861,0.12819821949556426
train:3851,3.1276544038072034,-0.3173038139566686
train:3852,-7.8021719749454475,-4.776959590513327
train:3853,17.263571332330702,7.357426522670343
train:3854,3.1213831454017322,0.16141793039198882
train:3855,1.3034990350440645,0.30961597707777333
train:3856,-0.03177317619053113,-0.028864056619955683
train:3857,0.8157958355430319,-0.06056357392495415
train:3858,-1.505859452798246,-0.5282128065005876
train:3859,-0.134228913122589,-0.06897314335319985
train:3860,0.24940552171728936,0.038122469379267256
train:3861,0.6030798087207543,-0.12509961519070054
train:3862,0.041748716035818215,-0.2689754673157271
train:3863,-4.942667827974593,-13.835985508593383
train:3864,0.0706437402154049,-0.0975037360855305
train:3865,-1.2851380290982304,-1.781540806904789
train:3866,9.788489806572107,10.621104693414546
train:3867,-1.3598626602596342,-0.9456835600555116
train:3868,-1.458360098276711,-2.893150985256928
train:3869,0.1266422329169696,0.04083316743019513
train:3870,5.827396743543027,0.08496942616910443
train:3871,-5.482200614096542,-0.5354089030789206
train:3872,-1.0251425532496943,0.3197024529972369
train:3873,16.523870615195182,8.655135445102614
train:3874,-1.0567880233279219,0.185429884628183
train:3875,-5.904697185083217,-0.2671967723365697
train:3876,0.22397435777567165,2.2137138383984567
train:3877,-1.2070427534531976,0.0717989801893317
train:3878,8.56099592859658,3.9916776809045222
train:3879,1.4491183154005096,0.5763260678167713
train:3880,-16.69535662685405,-1.9676736469185134
train:3881,6.721149396158309,3.516592360602923
train:3882,6.427885659256359,5.125989473952948
train:3883,-8.324222041734656,-3.946817763695327
train:3884,2.1175531475313076,0.2747124406408455
train:3885,-0.9558221112576281,-4.050932764124335
train:3886,-1.482861894173808,-9.688023165739247
train:3887,-7.906566181142951,-3.161076260775559
train:3888,0.2858640396598985,-0.0399623543343883
train:3889,-0.08909993527688576,0.07554446842563957
train:3890,13.929826339926429,2.5355011307173596
train:3891,0.594099830670767,-0.2612312679053503
train:3892,-2.447020568763125,0.005616918497733742
train:3893,-2.215615829257688,-11.075321935568935
train:3894,21.46058440372384,9.251229944275776
train:3895,-5.020945815796462,-3.0532206939081887
train:3896,8.755892636554234,3.413113912708163
train:3897,-0.29734648751387177,0.18142047389336363
train:3898,0.40026743276609844,-0.14364188264085187
train:3899,20.872537582861664,6.536935129006023
train:3900,-10.181214693973786,-11.359191839178719
train:3901,2.0387981554004444,4.040561834061248
train:3902,0.42453607304822466,-0.15685491287241143
train:3903,-3.9528587813231018,-0.060949542746425944
train:3904,8.920021171832365,2.3859316856649855
train:3905,1.2300313055876937,6.3951399847949375
train:3906,0.5376744284109827,-0.10358001663571975
train:3907,3.5227041654510507,-0.06898840805987053
train:3908,-0.9701175956582978,-0.990585051379294
train:3909,-0.8950201014795321,-0.09107629595151101
train:3910,1.4738246745490273,-0.35565631813630644
train:3911,2.8794771048929904,1.4005402309834052
train:3912,4.091054567158583,0.2552731933477802
train:3913,-0.1717190807354287,-0.19658801704088424
train:3914,-0.16012952648039208,-0.041324622409137535
train:3915,-7.488834074248446,-3.9201439014052277
train:3916,3.4603800191157963,0.21329082751834455
train:3917,6.329354049877965,0.0722771792244725
train:3918,7.991957682956147,14.347612764915954
train:3919,1.0649210991609857,1.0303307212105763
train:3920,-2.52894536145804,-2.172900923047518
train:3921,0.9246090728876939,-0.10132626115924173
train:3922,2.0266629054264205,1.1141904545132832
train:3923,13.658391361616937,4.984680517782363
train:3924,-9.681425758103902,-9.329688313808905
train:3925,4.606885911104617,0.22631376222057084
train:3926,2.2260948736513573,1.788891915964723
train:3927,0.73528624861476,-0.22018846617061555
train:3928,-3.3198347778461055,-3.0888781927259994
train:3929,-19.942046938117564,-8.128998443115933
train:3930,3.804049768375371,0.009175164420908474
train:3931,-0.30082173820561303,0.027555725842917753
train:3932,-13.363451773879595,-1.489830407837874
train:3933,0.3783916013799882,-0.07738356874630559
train:3934,0.9903619782666396,2.1748273548069657
train:3935,-0.5667200261488236,0.26380659235911125
train:3936,7.238840406026345,2.7763339771293323
train:3937,-3.898026531612873,-1.3914388164455054
train:3938,-3.9835200232121095,-0.08941508214939378
train:3939,-1.4787450587389763,-0.16166515006420062
train:3940,-1.108447915433456,-0.3246405027632627
train:3941,-5.023525172430279,0.17403456710731746
train:3942,-23.995047480510866,-6.889248613286501
train:3943,-0.597280381161563,0.06987091934209785
train:3944,1.4570644354269842,-0.16720581060322154
train:3945,-3.284515072822482,-0.8483973046190709
train:3946,-0.09092008329804524,0.11837502410096708
train:3947,-5.478819741450343,-0.9855646748143658
train:3948,-5.40111453073245,-0.22460467420516755
train:3949,0.19289655072013512,0.21441984516873364
train:3950,0.12475560183909856,-3.7527716712113692
train:3951,0.9429644404543343,1.0236570485184862
train:3952,1.8085942951641405,0.021318024586206505
train:3953,0.7570241160352817,-0.3861907246059842
train:3954,-18.898947304805183,-9.875811584453093
train:3955,-1.8953255675112821,-8.865032925326858
train:3956,10.16953628382328,0.512988377355077
train:3957,1.415078292989464,-0.0550087899657426
train:3958,1.3038014632146302,0.41353410558897225
train:3959,-6.346191173296104,-5.225501725826792
train:3960,2.168357825770961,-0.16568090920506523
train:3961,-0.06232121091653736,-0.6674807144624137
train:3962,3.3699844481461616,9.599623049678407
train:3963,11.68689442939534,4.353797894767569
train:3964,-0.7625872472595228,0.003543486285103578
train:3965,0.7997178613561233,-0.11050370239734583
train:3966,3.2069282427303047,0.3226440475691598
train:3967,3.1136274086740228,1.8690140787060772
train:3968,-0.678809994848053,-0.6118909325921564
train:3969,-4.800830178270538,-0.44659516615314093
train:3970,0.13991745810118092,0.13870069433700594
train:3971,0.723150998640736,-0.12333005050338358
train:3972,0.0028826280989372732,-0.13157983982442234
train:3973,-0.15354677403298544,0.2794452843432063
train:3974,-4.567292401952566,-3.233678058917436
train:3975,6.463827422530891,0.0643920309338096
train:3976,0.6860557775780814,2.2492677654682027
train:3977,9.882618656880162,0.7396932740957178
train:3978,-14.932744809655404,-8.286457744265698
train:3979,-11.591682031848052,-10.964398019999951
train:3980,-1.590669052254667,0.024795381830107724
train:3981,-2.382302335011533,-0.056891342014584456
train:3982,-6.730150817214092,-6.651966023792342
train:3983,1.7451503974856006,2.3469350679281695
train:3984,2.6614338325788975,-0.5606468843163079
train:3985,-0.2933742411044755,-0.2838893710545856
train:3986,0.15125514385290642,0.044616389450749645
train:3987,-30.16972227665704,-8.73282972333735
train:3988,-2.4465584417815074,-11.504652224920484
train:3989,-10.252156299733356,-1.1009605787946137
train:3990,1.7156251790166954,-0.023025377648831793
train:3991,-3.2249072010245516,-0.05233789428080646
train:3992,0.38431312636300297,-0.006406962552019127
train:3993,17.970789264806612,10.674653855058475
train:3994,11.138439896012585,2.2002309652447702
train:3995,-1.5410843148598472,-0.5933334717657395
train:3996,-0.8498385880715323,0.04578891864819064
train:3997,6.211841760266658,13.542892809119442
train:3998,8.685684669000892,3.741410675126839
train:3999,0.863089929438426,0.8401012333767142
train:4000,7.245634695472379,0.8291557253897983
train:4001,-2.507240270649394,-1.423786156488742
train:4002,-3.9313006041222933,-3.291786660049163
train:4003,-3.923593218708556,-6.134801756292934
train:4004,1.3791235120534773,4.056390050931436
train:4005,1.3640562662951772,0.2997003731434946
train:4006,4.23550458256657,0.21253558119017169
train:4007,1.8517769001642286,2.7257635731983334
train:4008,3.402394240918332,0.094112557482402
train:4009,-0.16036303078272346,-0.10501711030531724
train:4010,3.598159180403321,-0.12441113412161059
train:4011,6.952352361911209,3.702020313554406
train:4012,7.127650980549845,0.6015129764841767
train:4013,-0.8224045639319185,0.1726627407582978
train:4014,-1.9810371049398743,-0.6306311419161914
train:4015,-0.38225604401360047,0.5423215798045027
train:4016,-0.9587222602629902,-0.015591893482648542
train:4017,-3.0777337048737934,-9.669825352814856
train:4018,-2.3400388698933945,-0.9926726070121148
train:4019,-0.4649634073743183,0.13910242717798343
train:4020,0.2652338357541692,1.4398668231737655
train:4021,0.5409412802903397,0.0006177270630913501
train:4022,-0.137716949017544,2.7199301726771794
train:4023,6.628950879077293,0.45380782289696353
train:4024,0.2214418414772653,-0.22317621151457545
train:4025,32.815687786474804,11.665732197609332
train:4026,4.150969748750124,6.490822590066099
train:4027,22.5707510288473,7.279126281133578
train:4028,3.295254470445232,-0.07141307118673595
train:4029,8.0085412538156,5.4613719134830125
train:4030,1.1168987616809418,-0.6082975921097202
train:4031,-1.4816728702749282,-0.03912935786476207
train:4032,-6.137167513161961,-0.29923781962072304
train:4033,-0.18463876104117727,0.019802396140700604
train:4034,1.0267654036063094,0.7915775840868742
train:4035,-2.8006657984865586,-1.439724364843445
train:4036,1.4317055659980844,0.1303497585016728
train:4037,-11.946493272104581,-1.7133794691351651
train:4038,14.983627420786968,12.298961305627108
train:4039,0.31418372969486574,-0.04375599059407326
train:4040,-0.10881669452755166,0.019016905720806443
train:4041,1.46023725794816,0.6583132353273367
train:4042,2.2596060535658333,0.26293250957620323
train:4043,1.829089208374044,-0.7909459418390428
train:4044,2.0938600738520408,0.004339319613723178
train:4045,-1.915040350866906,-1.2024519042667972
train:4046,0.21730885019473595,-0.231030759061492
train:4047,-4.433737704265108,-4.010994299719859
train:4048,-0.09137907209341936,0.0485820746473021
train:4049,0.23144812265795747,-0.2967375462645543
train:4050,-0.6514108394444768,-1.67256093019376
train:4051,0.3971627205093161,-0.0719405595317339
train:4052,-3.296646138548182,0.007001227667628937
train:4053,-1.1112211422396414,0.11078974883293723
train:4054,0.6376551824590961,1.5063661625068172
train:4055,-0.21005841829990257,-0.381311439582152
train:4056,-0.26392712860429446,-1.1912423311205598
train:4057,5.19034121680537,8.931939644114411
train:4058,-8.396722047536866,-2.5596257041515247
train:4059,-5.216360440713394,0.055100817699725566
train:4060,2.1358257599644186,0.2183559995776148
train:4061,-3.2507746890831193,-7.355446450446334
train:4062,-2.239529505806952,-0.106483449440966
train:4063,-1.5095597230665496,-3.8868049260716377
train:4064,4.341610146328796,1.3919501956305016
train:4065,-0.003956990703945867,-0.01110649495524349
train:4066,-2.1038929121198136,2.1401761853429386
train:4067,-2.0216452349291907,0.026688776100510056
train:4068,2.1838967292987292,-0.13814066781579765
train:4069,4.743376091449954,0.23591640400289843
train:4070,-0.17920923392365218,0.22614756237691364
train:4071,-2.8729370653803614,0.13318592673500113
train:4072,0.07565112316863556,0.2164543309802321
train:4073,4.908675286425986,1.8078018916526652
train:4074,11.916578048089963,1.88311039334279
train:4075,-1.4392369211425242,1.801106249195834
train:4076,-7.623364166711993,-3.90779318443975
train:4077,5.741535038091233,1.7651090749893987
train:4078,0.8781906491833226,-0.12674820351113222
train:4079,6.359096616801504,2.7922791758637255
train:4080,-6.332115361932471,-2.121070966824974
train:4081,1.4396788836386678,0.09775668521320048
train:4082,8.269403101525548,0.7594823256949184
train:4083,0.8217772185229112,-0.8522889488552303
train:4084,0.4321372250461676,-0.25821598902505916
train:4085,0.6088782470655566,-0.06437347351697983
train:4086,15.545588707761222,5.8226216110834015
train:4087,-4.365446122444389,-0.13257118979315544
train:4088,1.1519178981999212,-0.2563311544032572
train:4089,-6.9133427878586655,-3.7625913000857163
train:4090,3.24604863998202,-0.1881332954662716
train:4091,1.0350530047877113,-0.2848342135992567
train:4092,11.419156466938787,7.968196254047222
train:4093,10.46299435581408,2.747418057549175
train:4094,6.347846567806353,3.6846584929766513
train:4095,11.34660067115892,1.9246761896070075
train:4096,24.62834863359167,15.626573774340452
train:4097,-0.1855817278927524,-0.12597797779790873
train:4098,0.19760847925000768,0.04760370681227955
train:4099,-3.153052964213758,-11.208437025456004
train:4100,2.572543661173124,0.05122072898917684
train:4101,0.4836175431611083,-0.04649835934482252
train:4102,-0.07286063507124349,-0.2774271216829246
train:4103,-0.8025598364199948,-0.2778260013077019
train:4104,1.9518755105401486,0.03283731435096743
train:4105,2.372261825621832,0.10952848461167239
train:4106,0.44175576588212234,-0.13826285679956796
train:4107,-0.5301234280115058,0.29339637027533294
train:4108,-0.8197803428577335,0.16913238502347927
train:4109,-2.099643807946279,-2.1517443249235977
train:4110,0.24163932436876873,-0.16861829528309297
train:4111,-0.10651105747162953,-0.07947269364803644
train:4112,13.358602986827643,4.903140163928737
train:4113,-0.5333806328738923,0.27417924586344733
train:4114,10.358190093280774,10.318227804766014
train:4115,1.9944476802013393,3.3562758487503515
train:4116,-2.835515008031915,-2.8578604100424534
train:4117,3.286047961840121,-0.019048564909098856
train:4118,7.708189400251938,6.506858806397275
train:4119,1.4795287348482877,2.4916694528078134
train:4120,2.1272666475584043,-0.013088766910279687
train:4121,7.600451514726674,7.2359645383878215
train:4122,-3.7752681244355983,-0.3883398383783227
train:4123,-5.764601112515118,-12.373641446268033
train:4124,-0.8430847463593016,0.27631437887640514
train:4125,-4.627827317212613,-5.149614163908852
train:4126,-29.133936709415895,-10.571719004668715
train:4127,0.21879797768177905,0.051049892669194415
train:4128,2.9607830937523594,8.011250145220615
train:4129,-5.562742745178449,-0.3838055071930855
train:4130,-6.824112297589165,-2.7379160514567777
train:4131,-0.5802381701940964,-2.0329428220868815
train:4132,-2.9649868091876166,-0.2819687285694721
train:4133,-15.32550811204815,-2.972023581963438
train:4134,-1.6109996174887136,-0.058787018857946904
train:4135,-9.140179289834828,-2.531972903383162
train:4136,2.2275414612804347,0.4630944709851274
train:4137,-13.999928944515508,-1.1810543520347767
train:4138,-5.25938288198595,-1.2947607240421213
train:4139,-2.702108153785257,0.07155331827450101
train:4140,-0.2948941693083518,-0.37894783528196924
train:4141,-5.34967245199803,-11.744912430841092
train:4142,-0.05475213815574895,0.01636369997631107
train:4143,0.5499957612063271,0.5011048745423703
train:4144,2.7246824653356274,3.1390128507243635
train:4145,3.0212436223755277,8.043748277740029
train:4146,6.593622805557021,6.187949125277008
train:4147,-2.3812920714994052,0.023249223971260488
train:4148,4.06895336750855,0.2853766215104292
train:4149,0.4635867328278643,-0.0327136159171631
train:4150,0.5796469720414479,-0.11858622191865231
train:4151,-2.2807427245956395,-0.29836202490809494
train:4152,-2.3242077663576315,-3.1340066573985017
train:4153,-0.6460954493229145,-4.441267006382309
train:4154,4.185818493379,7.698533084541096
train:4155,-5.275712608447049,-15.2745451606745
train:4156,0.11607491377343344,-0.04427755851545595
train:4157,-0.8009851643005397,0.19886503774092223
train:4158,6.906933741098153,6.6605324602927185
train:4159,6.122475514384852,0.19244465931699803
train:4160,14.84763842040761,7.391138984004529
train:4161,-0.140473903746912,0.06004365811441551
train:4162,3.1573862776516908,-0.054997805083372125
train:4163,-13.554087057376982,-6.7687162068419795
train:4164,-3.4617682003451424,-0.2969880586469252
train:4165,-1.3608650201915933,0.07759407628299869
train:4166,6.137656897139115,0.15767921854415623
train:4167,-1.9531386292362405,0.02374568359008207
train:4168,10.189989819466419,1.6815427949728747
train:4169,-1.9021970330930795,-0.007689483233974906
train:4170,-2.9581664844186744,-2.4043967621053945
train:4171,5.151459321708153,6.438774220143435
train:4172,1.5919876147747947,0.06136526785831298
train:4173,2.555271084089569,-0.8621285502429781
train:4174,-0.5840804724471927,0.03962832555928774
train:4175,-5.619125026434666,-2.840391593857194
train:4176,0.3066064046665485,-0.007294740772687741
train:4177,-2.218097088514119,-2.4192774258755216
train:4178,4.81850148061755,7.083338014837824
train:4179,-1.3862162184985651,0.12736329710500294
train:4180,6.819894867117733,0.3558868695168054
train:4181,7.28478903162717,1.389889460229962
train:4182,-7.270117835328829,-10.947634804180982
train:4183,4.208758402359856,1.2257788841352757
train:4184,0.47489652359075973,0.3934566651623441
train:4185,1.3573665830572552,0.830461071801355
train:4186,4.496967567285806,8.53568554888442
train:4187,0.8793901337030139,-0.28744405045751015
train:4188,-0.6952568802622388,0.9609596197720998
train:4189,-0.7829431504417567,-0.23552172136048732
train:4190,0.8145012756030783,0.19086083900430917
train:4191,19.8439433437409,8.203183145786761
train:4192,6.887463038894793,2.4156051341462756
train:4193,-6.19207414950907,-5.198593043843422
train:4194,0.35550480910702964,-0.2613200029291742
train:4195,1.8226473256202294,-0.33997917906391467
train:4196,3.005687516937981,0.036984178776227755
train:4197,21.788519752075597,4.618997207528601
train:4198,-0.8651857135510942,0.20874907797098705
train:4199,-1.1791112686794478,0.2680625923040263
train:4200,-7.23012943900802,-3.877110268066856
train:4201,-17.164492689331574,-4.37207194838338
train:4202,-1.003880527846965,0.753815410339042
train:4203,-0.8740105257257146,0.19965380935944654
train:4204,1.9987111967857691,-0.05168607703988812
train:4205,-0.7198246942995671,-0.2542015138314846
train:4206,-3.7895894117009354,-2.230167825400208
train:4207,8.770592365834698,2.819494293266989
train:4208,-6.637755175545344,-4.8443816599654985
train:4209,0.27461515295594857,0.17192529136617324
train:4210,3.44835402451469,0.24549878795020513
train:4211,0.20476098684426766,0.06681747869513008
train:4212,-42.73802707493998,-16.61152803345824
train:4213,8.584463052866322,5.373924831451889
train:4214,-4.046422293190867,0.1637853865340418
train:4215,4.033591122626961,0.06146163523547217
train:4216,36.71083244674489,14.958579938853884
train:4217,-0.1343386334119871,-0.09278565777700534
train:4218,24.34003718704001,7.439773766065364
train:4219,0.007325834903080558,-2.582539312811481
train:4220,5.021530042735638,0.24662837624383424
train:4221,0.2994607545903759,-0.0031203428110962023
train:4222,-0.9254491175865301,-0.12674848883275225
train:4223,-0.08314482007815485,-0.033456736076485416
train:4224,-0.33600615253341054,-0.010209158460304471
train:4225,0.7773121414113626,0.6857542561232448
train:4226,-20.50725148245979,-9.489564859723417
train:4227,4.949802728124021,8.836940098801561
train:4228,3.486189160156061,0.015565512744326354
train:4229,0.1210444060335033,0.028339789654711844
train:4230,-0.7891818646935929,2.3482823566178683
train:4231,11.735103478924358,1.4433106551273152
train:4232,-7.616540122611207,-5.021842006678136
train:4233,0.6523079551750305,0.06999688883733333
train:4234,-1.5907269343564892,-0.02938077407379816
train:4235,-5.62143101217795,-13.83222268706866
train:4236,1.9023486552471511,2.9369706198395575
train:4237,-0.10517070325834663,-0.061980481089935785
train:4238,-5.576043075852607,-0.4676938439881984
train:4239,-4.916471643964312,-0.034435175241912946
train:4240,1.970832944949037,1.353324923982132
train:4241,-6.560629250762155,-1.5828431160497687
train:4242,-2.772872626365758,-1.3957119356876213
train:4243,15.080140362807029,5.29896456479899
train:4244,2.0661438454087633,4.421921570083351
train:4245,-0.006749279085831894,-0.061453920040202864
train:4246,-9.141533126626046,-0.08772005773530506
train:4247,-9.44976624436715,-5.613570514421867
train:4248,1.0122793034486346,5.860883810970305
train:4249,-2.3224017982891274,-0.1636084756181051
train:4250,3.1767758519292046,0.17616820218177026
train:4251,3.5495286840847284,4.1642536068041665
train:4252,2.8813472314358037,1.8621720662581795
train:4253,0.01372285321652722,0.5045611179863906
train:4254,-4.904399622631636,-5.730870797554888
train:4255,-38.01142206161095,-13.530449422446337
train:4256,4.902958208465271,0.9515965054897726
train:4257,3.0011408662169266,6.335361681542898
train:4258,10.716722525047228,17.906703240085925
train:4259,-6.027742910645441,-0.043896654152739384
train:4260,6.299609623288504,9.8680667545806
train:4261,4.609646585165829,9.855040110697313
train:4262,-0.1608628159992615,-1.0003859916875302
train:4263,-0.02774816176059805,-0.22982691581625464
train:4264,21.656336558005616,10.238846764932642
train:4265,-3.261207879822031,-0.18805647262008324
train:4266,0.16202621264402192,0.07725903737069913
train:4267,-0.3343573262353155,-0.2724525392380083
train:4268,2.5391924125279397,6.565043303079926
train:4269,0.24342251152972838,-0.04141185949445633
train:4270,8.374991213244979,7.714804976530404
train:4271,7.772086591498966,12.957061328618126
train:4272,2.112171739269514,1.2784367010382856
train:4273,-23.276494884240357,-9.84630704637085
train:4274,-2.2589209397503875,-1.2051429151259443
train:4275,11.566905064775925,12.58185997444237
train:4276,1.7443858423334175,2.22275938971771
train:4277,-9.663267980041473,-2.455647087456883
train:4278,-4.671183568518169,-1.5442516550133705
train:4279,-3.6159744880964317,-9.455722291730506
train:4280,-0.4607015179975702,0.061821140476687804
train:4281,1.9362022461495156,-0.06533429407237162
train:4282,2.5676648276267513,-0.19159624396836217
train:4283,0.33847747546693896,-0.039957860518873095
train:4284,1.4178780200350385,0.3123417971745618
train:4285,1.3468150710740563,-0.1685546685618302
train:4286,0.07450859091780558,0.026649116395328326
train:4287,3.813995261726238,6.836791602985103
train:4288,-0.8456069182660169,0.09157419368996163
train:4289,-0.7868080011441574,-0.4531166197609546
train:4290,-6.96527302889761,-0.27384811861189395
train:4291,0.47050678218187403,-0.5786227170203297
train:4292,-0.21192703386415424,-0.16124515663954236
train:4293,-3.1325575860873736,0.061551368884966075
train:4294,-7.468440047914811,-12.3719671790018
train:4295,-34.63347281024069,-12.10426245709544
train:4296,1.991371560308108,0.5628455485664501
train:4297,0.40720514894636717,1.0251069103305792
train:4298,-0.9539315283896727,0.22742901310279434
train:4299,8.106625613539752,7.961860402153227
train:4300,-0.15299794012775464,0.37954916210767436
train:4301,-3.5288784293889095,-7.461896523013523
train:4302,13.396192414109068,1.3895731812141783
train:4303,9.991344954842969,3.0948054042412614
train:4304,6.602581746136266,1.9202040585349331
train:4305,1.53380657165552,3.656646186967073
train:4306,-0.22766933835214148,-0.074886148606337
train:4307,-1.7717242667548603,-0.1721714767475125
train:4308,0.015355872354285233,0.35861625613384407
train:4309,-0.6400882634783674,-0.37016349590583725
train:4310,0.8018278848028749,-0.24526666730079605
train:4311,1.706633926742056,0.14266288434371324
train:4312,-0.840169255110083,0.1041753517074046
train:4313,-0.8783049592560975,-2.165485414143395
train:4314,-1.483908886087895,-0.11491249206977755
train:4315,-4.811322413402474,-4.580276840938834
train:4316,35.11221898820983,14.580975035351143
train:4317,-5.759028623579839,-4.954987727249788
train:4318,-5.818644863874418,-0.024181928835552077
train:4319,-0.5833289349564638,0.0900164803055039
train:4320,-0.011754337456660047,-0.004826280777150388
train:4321,1.1783246893758692,0.08135040674086705
train:4322,0.8658099233075942,-0.0035702950058557753
train:4323,5.169936962309165,11.9621140248999
train:4324,12.013092849775944,1.4834708144305415
train:4325,-0.15552906167671948,0.21991806411677772
train:4326,0.6062086966345227,0.5098806542699019
train:4327,-1.0732081760444792,-1.1025639436382735
train:4328,35.913065520860776,16.764561936462737
train:4329,0.09429566878614717,-0.291096737836909
train:4330,0.8182354847744583,-0.233422253550031
train:4331,0.2591192542026266,-0.20083096352168378
train:4332,-7.791038155070421,-12.910896350318994
train:4333,-4.731428375894384,-4.732758706427485
train:4334,-0.014303939435724777,0.6028682541792356
train:4335,16.253570033098114,5.548073164799423
train:4336,-3.2112112264254877,0.04856581131496139
train:4337,0.9748609654320322,0.45720072494134106
train:4338,-0.17758783769790665,0.23729957188631357
train:4339,-0.29059357563460203,-0.3709930685160233
train:4340,9.089363280522829,3.6106688904750337
train:4341,4.787098696942143,4.702659783591879
train:4342,0.1577680425991178,-0.24125133614236144
train:4343,3.3787741591265044,0.3804627619349541
train:4344,-0.679024553803804,-0.1960284300136349
train:4345,-0.5410231624385998,0.12754732954991094
train:4346,-3.1659032557347917,-0.4480236288437331
train:4347,0.5785006042296539,-0.0644830370190646
train:4348,-4.208633512903415,-5.732335068108792
train:4349,3.831298523297505,0.397340106401928
train:4350,19.846500384383653,5.73246054980272
train:4351,3.3201579541814814,0.16794237987681254
train:4352,2.202169806648321,8.409300625370204
train:4353,0.7051929022066833,-0.28022997861711646
train:4354,-3.0638559479308536,-5.929345081581439
train:4355,1.9840549371962313,-0.09662466017427229
train:4356,-1.7930358057627633,-0.1168405529170114
train:4357,-0.29682124812002636,0.037800483931083255
train:4358,7.766482488243013,10.414119836106265
train:4359,8.672095160275862,9.288322325520628
train:4360,-2.25343306561456,-0.016409411254389092
train:4361,-1.3285605310022564,-0.22577891533232863
train:4362,-1.9488100243445405,-5.561326413867875
train:4363,5.299948996415208,0.7098892909732719
train:4364,12.876545965524048,19.0664933978366
train:4365,-9.918009667202114,-6.874220723560447
train:4366,-2.0634874857159957,-2.333607897537076
train:4367,-0.16606325552101997,-0.15296269799301218
train:4368,1.7612227926747432,0.4825452738038032
train:4369,2.0739270122088223,0.22717443488733827
train:4370,-0.9865998147250016,0.20135368424107544
train:4371,-3.7266139173765,-11.152011821882349
train:4372,-1.2984871760028414,-0.14405310242569475
train:4373,2.2612030416763527,-0.2338217038180484
train:4374,1.7402034536748348,0.07773352722477976
train:4375,37.827993275401,13.574258785450645
train:4376,-3.2534930557446056,-4.3499278521325975
train:4377,-0.11402712975364093,-0.9268860010858542
train:4378,6.480861032543468,1.8468045011435013
train:4379,-0.9401676759844554,0.6724510642597614
train:4380,3.7305083496568407,0.03073592061957605
train:4381,1.8837805883906817,0.23867888792785855
train:4382,-0.19325749898581568,-3.961437643504763
train:4383,-4.440144253366405,-0.4972594408971241
train:4384,-1.0397048997101712,-4.033384343207092
train:4385,-0.11216839366459991,-0.13515135320292765
train:4386,-0.57333044112682,0.2661659881653988
train:4387,-9.800727046332174,-11.29618940162054
train:4388,1.2182954188704196,4.186530377608255
train:4389,0.972380636008562,-0.09496822550929027
train:4390,0.3810224475140204,3.0344929789165587
train:4391,-16.73678068526664,-9.049816907381974
train:4392,-0.42794919800839104,-0.07023383693122467
train:4393,-0.31154526928659737,0.06123944102388751
train:4394,3.92487993444977,1.843831021880542
train:4395,6.637731291728026,2.1271592423947325
train:4396,2.691157105468496,2.1137502675406297
train:4397,0.32925794920037377,-0.08209658259607552
train:4398,-4.06197467929657,-7.195416401500255
train:4399,-2.376923251332142,0.08750836060478483
train:4400,13.744848160163771,2.4170848120676602
train:4401,-11.754596205279116,-8.22210402351514
train:4402,0.7191615503215611,0.0964304389929778
train:4403,11.590282925081413,2.472573590084433
train:4404,-8.521852458597653,-2.8363742654474193
train:4405,-4.700811765987504,-6.4565315563054035
train:4406,-4.4745936347385316,-0.05341091756326813
train:4407,-0.3951079627423161,-0.4210032434461281
train:4408,-1.4237403250144816,-1.7565350774660917
train:4409,31.053033196959948,13.17794819653989
train:4410,6.8390345487869775,13.419027846153174
train:4411,0.297489741171294,0.025740509696398822
train:4412,1.5575105708720787,4.258281061357635
train:4413,-4.441089893487743,-1.2110616268114816
train:4414,-4.468973724322241,-8.3734112198942
train:4415,-15.378664802762655,-3.6314723202522545
train:4416,-36.11528437154664,-12.393894716142993
train:4417,5.2374549231063305,1.649194741625588
train:4418,-28.275455410510265,-13.268583522171909
train:4419,0.1777806049605022,-0.12009885448714808
train:4420,23.079178112924883,11.65833780250509
train:4421,-0.09788453217594276,-0.4208554468469616
train:4422,-2.993521523094816,0.06930797978581338
train:4423,-2.4474157477715504,0.07955444980369894
train:4424,0.5981671525004257,0.49219328172371274
train:4425,1.5944212200919745,0.0019890540992759803
train:4426,-1.9456999655482323,-4.9847347887090425
train:4427,3.120130892861504,0.0278924053545324
train:4428,-1.7401085513313848,-0.16970080550942007
train:4429,-9.888937509843457,-0.39540133448241477
train:4430,-8.481086721921447,-8.691273200025783
train:4431,-3.457609057510585,-10.617496005383506
train:4432,0.3130986146293776,-0.05482047769653442
train:4433,0.918169049799801,-0.17285075619435702
train:4434,-1.42448233171736,-6.950003287122223
train:4435,-2.9477398025104895,0.0664918553962909
train:4436,-2.9810073661891834,-0.05655523314620986
train:4437,0.23962112192691604,-0.369927392265277
train:4438,2.3560706442719215,3.4609783263949643
train:4439,0.5322848841107807,-0.20883109642521164
train:4440,-23.30994841451125,-8.230022839756964
train:4441,4.430080033236198,9.979711963204974
train:4442,-5.41664646051301,-0.11266708225068489
train:4443,5.011838393783125,0.38998736825420827
train:4444,-0.16264856020086388,4.339218815949795
train:4445,-0.8518918917076629,0.05948164585339607
train:4446,-2.959041922151457,0.1507677302817857
train:4447,1.3658173699233127,0.48592390976718014
train:4448,2.1441300981391187,0.22376370024170997
train:4449,-0.06120378415565442,-0.32989034924108596
train:4450,-1.2952099797317933,-4.2261447764712745
train:4451,-19.652954431878666,-14.90890093948268
train:4452,0.01821720083352557,-0.07078215375448352
train:4453,-0.09627196936332677,1.2276672852773278
train:4454,2.470775303257486,0.16062052779445915
train:4455,7.568031028875452,12.828787575979428
train:4456,10.024733396806594,2.217627880381787
train:4457,-2.355152607299745,-0.07971807024124711
train:4458,1.6546299964409514,2.4251331643249703
train:4459,-0.6866143153479747,-0.001366898795309962
train:4460,1.9987224710104212,0.09606201745113678
train:4461,-2.426777175369172,0.22560623593334508
train:4462,-1.151439904676539,2.7070051032906175
train:4463,2.7997943719252887,-0.2444463676432604
train:4464,-0.14367857304700193,-0.01596081433732459
train:4465,-3.8639304867659265,-0.16151635483936416
train:4466,3.940085725319259,12.854702768081914
train:4467,-1.160157088685923,-3.0209465388604855
train:4468,-2.865835001224236,-2.6414488117305828
train:4469,-2.908394850598693,-0.014928948698549716
train:4470,-0.568684065820698,1.8531583282995576
train:4471,-2.821481968984488,-12.121573490424831
train:4472,2.0179141070963618,0.20348817528038826
train:4473,4.040665291794257,-0.03923663879388675
train:4474,-12.844668210282382,-9.50065588173654
train:4475,7.980568159016845,14.138112512205645
train:4476,2.8765578943119277,0.39195437550257384
train:4477,2.589959897449153,2.6651244546187165
train:4478,1.566063639363846,5.338560357937832
train:4479,3.1896493892742637,0.34657753835985056
train:4480,1.564381339079155,-0.21535354865869527
train:4481,-1.4894516203684223,-0.285323968160008
train:4482,0.8915639717449195,1.0224277403186628
train:4483,0.8823365418981858,-0.11874714331233929
train:4484,11.90319961144708,4.097469801815962
train:4485,4.162993418768828,1.3823973424708662
train:4486,-2.559084967055927,-1.3087229375174285
train:4487,0.1293747795311113,-0.18649226816877024
train:4488,1.77950075164738,7.5596042813246545
train:4489,-7.479951379972003,-0.25884740577014664
train:4490,2.953080125045187,4.938105187174777
train:4491,-3.9094197748840176,-8.096456371067037
train:4492,-1.6911477318533965,0.0818413025880984
train:4493,9.284948994704585,1.4767577673548895
train:4494,10.653937414021557,7.800246818216079
train:4495,-0.5633542632882401,-1.0051470108998672
train:4496,4.615996414456505,0.731070141434893
train:4497,-5.981340526559647,-0.04095256301664135
train:4498,0.8445190730830737,-0.16513237839059136
train:4499,2.3188022418202805,0.031039217501649237
train:4500,-3.6931027374620236,-0.016915643138696104
train:4501,2.8275322189849095,-0.15982339900702053
train:4502,-4.923344969212031,-8.407614434414807
train:4503,21.763345454489453,7.149290107303692
train:4504,-6.352284368689543,-2.299003520818731
train:4505,17.48861322488401,13.624093059602012
train:4506,-0.5481872929448723,-0.06696647639965259
train:4507,-1.6771962856482974,-0.49030800760795185
train:4508,-6.936778297807735,-0.24574714890889698
train:4509,-1.5646039746918867,-0.051167861647540586
train:4510,0.2894806249617119,0.28813867745295935
train:4511,3.3438382426575344,5.315639330915755
train:4512,-2.0267941849507336,0.3510359739941645
train:4513,1.0294089187144353,2.1212887500629773
train:4514,1.1662410451311809,0.051681666066306885
train:4515,-2.102822441923461,0.24088656396270455
train:4516,8.709009528827602,13.469690694289058
train:4517,0.8562654204211592,-0.14433385889978695
train:4518,3.3809969248197773,3.3416499771868953
train:4519,2.495814775064282,11.12230065112834
train:4520,-0.4695510869747772,0.010719325028415619
train:4521,-2.996761990963904,0.16273882683183627
train:4522,-5.860254888879213,0.16380835492445278
train:4523,0.8541444714371158,-0.17295760914105168
train:4524,2.87561248664883,0.7008152074920173
train:4525,-0.2710210567220114,-0.05552579274120509
train:4526,5.065256367559671,12.08377288110023
train:4527,-30.1919229684339,-9.325611638502167
train:4528,0.028731868185645035,0.04557389314230879
train:4529,20.304221817431927,8.175178258139303
train:4530,7.862407775831721,3.056096676019038
train:4531,4.338439415931783,3.571602939584555
train:4532,5.295403043068874,11.0992888918311
train:4533,-7.693107217784834,-3.6458285628847986
train:4534,-8.413861658506997,-3.21858454521878
train:4535,7.879435806846532,0.6770988107889535
train:4536,-0.9181083188176676,0.17603652625413452
train:4537,13.812066714747495,3.0079061397205624
train:4538,-1.005383835286663,0.42436355900694817
train:4539,1.6511814784468393,-0.8381569690160158
train:4540,-2.95589583232791,0.0770744342825511
train:4541,2.0127293585058204,0.2024270641755621
train:4542,-6.496720901519595,-5.876158278394926
train:4543,1.157486435345116,0.13672790932583517
train:4544,1.2984207523275577,3.5907488762522477
train:4545,-0.9713340496295272,0.2654058200392808
train:4546,2.1715201876713253,0.1120150625300805
train:4547,-0.3600039789656452,-0.2019752458787435
train:4548,-33.05798987644349,-15.300903171931246
train:4549,1.8064589337692016,-0.08369916280528023
train:4550,-0.0004580292716990786,-0.16587992103502391
train:4551,-1.1501778888902199,0.05149620701329882
train:4552,-0.4885264206681649,0.3787865687477862
train:4553,0.6758453980624495,0.40933131812618945
train:4554,11.823102870353493,6.351139396486344
train:4555,0.48553311528989046,0.12316532444455788
train:4556,-2.8570462200768545,-0.24888911058847357
train:4557,-32.675757862167046,-10.569853001273835
train:4558,2.5021390339485303,0.02205686492122863
train:4559,-13.649327058073432,-4.817643029667656
train:4560,-24.864541721006592,-7.183207489379924
train:4561,2.748700748093004,2.6871763919862355
train:4562,-4.209288115307959,-0.11477011658139136
train:4563,2.4258525158708846,-0.1815172577414239
train:4564,-3.3559908676181487,-1.4626636524492027
train:4565,-0.6301158049716318,-0.01704467984134672
train:4566,-7.807604059103615,-4.982093281150967
train:4567,0.41006508267616604,-0.12782258207128894
train:4568,-5.819656522135987,-12.044388285779075
train:4569,0.535483393267504,-0.10002284066862005
train:4570,-4.332365455190857,-0.20184249999503273
train:4571,0.40111730009245333,1.9271105536689535
train:4572,-1.7062705351311167,-4.185856507760662
train:4573,-5.166290795429412,-0.07961178793779247
train:4574,5.774624073841415,2.0690407976671152
train:4575,-4.369204507272755,-6.1563292725228695
train:4576,1.5924125484379719,-0.06720671720370303
train:4577,-0.8292539459808922,0.15308282990656635
train:4578,1.5916591512813207,-1.4833600268000426
train:4579,7.6445934748842745,3.976158752670427
train:4580,-23.96456383671741,-7.733587187951457
train:4581,2.8980842247338217,-0.061418112176891304
train:4582,0.42078280230114407,-0.23885677444640735
train:4583,12.019913174544888,3.5020244093283295
train:4584,-30.5531556351191,-11.414336519321756
train:4585,1.2235082949080311,2.878720213862685
train:4586,-12.92163420379628,-4.350214315039089
train:4587,3.41140223018627,0.10629265211911167
train:4588,10.8168878509381,2.433059398928915
train:4589,-0.310520360905334,0.04548248322829731
train:4590,-0.6314331458191299,0.18801618245278545
train:4591,0.41983948676220856,1.1660710553233793
train:4592,-21.90926663871856,-7.666214764461167
train:4593,-0.8649088557869561,0.30250255243883895
train:4594,0.26994088266099653,-0.17564127296848336
train:4595,-0.06748596809841745,0.1748030095604159
train:4596,16.114442846475377,3.6705724499182586
train:4597,-3.4246069611422567,-0.7533278555093168
train:4598,-0.11734384392553149,-1.404489570005683
train:4599,-0.5048763709961663,0.0751383844299569
train:4600,6.884164921382122,0.5563076176350807
train:4601,-3.021337476123161,-2.4683230710691744
train:4602,0.5421115913008796,-3.665976834403595
train:4603,1.5753777761341934,0.02895993619580882
train:4604,-0.2605568328080262,0.08262879025933263
train:4605,14.898944743529723,16.81730763242471
train:4606,0.33740131004370044,-0.04001578080773563
train:4607,-5.652864945257549,-14.99217604878598
train:4608,0.24061429975838522,0.053746538630336675
train:4609,4.339456188274638,2.7401611874657794
train:4610,-9.85471128838197,-4.329102227087891
train:4611,-2.6397726169962303,0.9041241237088682
train:4612,-0.8696551881363858,-3.3965693130689996
train:4613,-0.8957648976812939,0.28345783361584576
train:4614,-15.406457509966975,-9.095547115351083
train:4615,-14.000375264336789,-2.5359836693956765
train:4616,0.6876815905103917,-0.02856361295408262
train:4617,0.5181593266837339,-0.22776603775490506
train:4618,9.144190881068253,0.9773795936821938
train:4619,2.154007016309112,0.24528522471762584
train:4620,-1.9683318673607566,-7.361152312203342
train:4621,0.6049443562658017,0.6188310715236647
train:4622,6.257562576792038,10.707528612116304
train:4623,-1.6249580374410204,0.039057753649667924
train:4624,-7.656115673097331,-6.142205281689015
train:4625,-0.9789272980473017,-0.4429028190685604
train:4626,6.304091418160529,0.7050663569693922
train:4627,-0.9975883481998712,0.15661660950082504
train:4628,6.33976260004341,13.254425803568017
train:4629,-10.310054208716005,-7.603897098791018
train:4630,0.31770128778633255,0.007740139333056062
train:4631,-3.700006747197456,-1.2714760546153387
train:4632,-9.388682727660111,-5.875120278341321
train:4633,-1.4463301518855203,0.2873695930262159
train:4634,-11.79208242110187,-6.4252854150546055
train:4635,8.3323388454909,0.31686599944228855
train:4636,-0.5011172887930795,-0.31157855032949966
train:4637,1.9093742406422343,0.19760940862165263
train:4638,-2.6899287367455855,-0.2632546261736683
train:4639,10.805709399080946,9.608060580625413
train:4640,0.0762018167397884,-0.09017796083090196
train:4641,2.2000995335606524,0.7710753710984526
train:4642,-3.8276818786142637,-2.7908512009744397
train:4643,5.135276508854891,11.263926314297139
train:4644,3.8918962022824215,5.993745535258802
train:4645,33.12349597055273,9.785612230256454
train:4646,-1.093572447723362,0.17641671731280106
train:4647,-2.104079111170254,1.8144056605478525
train:4648,-8.017478516397073,-0.15596328280987265
train:4649,0.41962446288997707,0.07704953997120502
train:4650,-1.343917652186149,-1.276682603537325
train:4651,-2.0404064745833077,-2.994078657868777
train:4652,-6.975786650187649,-0.5055399022923142
train:4653,9.281919598917645,8.574459045114386
train:4654,-1.4443954019519172,-3.130331714932742
train:4655,0.9317897079290242,-0.204746289452304
train:4656,-1.3217548511024497,0.1070497530378146
train:4657,2.862731510640083,5.760354162018373
train:4658,-37.58398900743432,-16.439459694720593
train:4659,6.682022954992347,10.927914455273328
train:4660,-2.4194256835212578,0.05420861699394677
train:4661,7.942167917393426,6.177715780053643
train:4662,0.29213436823240874,-3.0467946803822694
train:4663,-12.267059694240404,-5.294723604058002
train:4664,-35.38857528054223,-15.474467737244234
train:4665,4.868072270517954,0.10117184234393899
train:4666,8.166703980815948,4.605539157355856
train:4667,0.24081851432244508,4.657691384348204
train:4668,-6.45211960387926,-9.947071229694432
train:4669,0.13392143025216596,-0.38833648584928754
train:4670,-9.269561827026273,-9.385740316703583
train:4671,1.9658862335965117,0.12087287222336571
train:4672,1.0584578302490675,-0.4029567936411533
train:4673,0.6727642803170526,-0.23028728225014466
train:4674,7.907473060119595,0.8373921045946964
train:4675,-0.5756066722153503,-0.08647591281124098
train:4676,3.5944670461734267,9.110100170082559
train:4677,0.29520118979603027,-0.04244065792581608
train:4678,-0.037954240798785316,-0.048052434878625094
train:4679,3.2626784700312825,0.46354028601639674
train:4680,-2.038542159496501,-0.13235327540587097
train:4681,0.7011023345529996,3.3274891798640596
train:4682,-12.370914597320528,-6.166377158693226
train:4683,-1.9621122146846206,-9.454564456596495
train:4684,-0.5323850142309005,-0.09798400370241642
train:4685,1.3759341849972442,-0.14468566045726225
train:4686,-1.9597099912298748,-4.641182735233163
train:4687,3.3701522829956225,0.10725347267450346
train:4688,1.806266923262755,-0.01410864904101404
train:4689,-6.939624516501359,-9.546015171599631
train:4690,-4.368950662874402,-0.021721172523755078
train:4691,-5.344814074776799,0.05292224447012083
train:4692,15.781765350022516,11.410480052486792
train:4693,6.2549618340001185,0.23232263553803215
train:4694,-0.4849319188991753,-0.058718113686713896
train:4695,4.11452541076017,0.5942730830371719
train:4696,1.7207927256974584,-0.20319228524890642
train:4697,1.37621824896683,0.022702690408126724
train:4698,1.0665671359601976,-0.23943583467422253
train:4699,-15.750168404335074,-4.223227648228268
train:4700,30.51128275922601,11.147220641420224
train:4701,2.529288529202078,0.30864345833596096
train:4702,-0.5384538015091138,0.18237273480015503
train:4703,-2.5394087717681844,-2.6173536862421547
train:4704,-1.20336665884188,-0.009507124614263937
train:4705,-5.5399032581573815,-0.15350316847172069
train:4706,12.99596720220429,3.6145204470235814
train:4707,-4.722493610972126,-10.707543508659422
train:4708,22.3022989546767,5.642214462679276
train:4709,33.600619298165256,13.999947229644356
train:4710,-2.4548200076400013,-1.9599050525096255
train:4711,4.406547820659185,7.1682925271965185
train:4712,-2.0101090298402915,-4.716199780888445
train:4713,-0.4400498117046179,-2.5946012842975055
train:4714,-1.107228439505103,-0.43137047583968385
train:4715,0.21297350401406878,0.4975949193033826
train:4716,-3.0390224341249192,-0.12564871664841443
train:4717,0.44829493240948204,0.03897543836229435
train:4718,-0.7374292217501991,0.17052054603524464
train:4719,-0.09523218365468739,0.12849488264997214
train:4720,-0.4500290115003208,0.2654707307078336
train:4721,-0.3830243184976275,-0.7872377594045514
train:4722,-1.49699210076566,-0.5963597355284009
train:4723,0.027736946917373967,-0.23439862413371348
train:4724,3.2075577396449027,10.82172801988303
train:4725,-8.930208129913424,-7.490863515163662
train:4726,0.06787353536634266,0.09112188759183697
train:4727,-0.396479931276273,-0.17352518517366133
train:4728,-10.94847380040745,-7.561670069672421
train:4729,-2.1528734905482234,-0.1386026035185977
train:4730,0.9774456686053746,-0.011510153717156038
train:4731,2.0730143811576,1.7590581167329855
train:4732,-9.989417119275148,-8.086534026409485
train:4733,-2.5811387452249486,-1.4345519118550503
train:4734,1.3138543522724926,-0.045088442559531206
train:4735,14.583138136321265,7.442767360502534
train:4736,-13.42870187208488,-4.998912990650699
train:4737,0.4636095137354088,4.814989193461044
train:4738,8.334796394006826,2.5889435820754034
train:4739,-0.8680700553961193,-0.7665694892332826
train:4740,12.955891401585147,18.132979262766487
train:4741,6.385193308684959,4.758980559452608
train:4742,3.710136406856029,0.3181612169363349
train:4743,-0.06792438433952941,0.3416084483561195
train:4744,-0.11713997804883203,0.06413823735280856
train:4745,-0.08083616106510946,-0.044288329406611426
train:4746,-11.423338563757703,-4.988382340299281
train:4747,19.52096772440312,7.3966085994601665
train:4748,7.49572349849617,0.22762281781318777
train:4749,-9.737770846041679,-5.475218631521091
train:4750,-3.0988320796753865,-0.49810641812613093
train:4751,-3.156876437349394,-9.79938761788953
train:4752,-0.1293625160920701,-0.21309865189573723
train:4753,11.716291098457386,3.8818048901836644
train:4754,-1.4345477735201961,0.17005775436758452
train:4755,-7.163095921183535,-0.3957407958798245
train:4756,0.644933914877812,2.8645771064802896
train:4757,-3.443023232767843,-7.581301338415755
train:4758,-0.1550457809952392,-0.44846159753045206
train:4759,-7.858851802749186,-9.231789900836727
train:4760,4.717654122249783,8.836647929462668
train:4761,0.21208574599455307,2.0922240352579835
train:4762,2.4731900794572055,0.2663269808894908
train:4763,7.732058212360834,0.28646041568404634
train:4764,0.240755285681097,0.24081066841178125
train:4765,8.920175524103891,1.7621371649953494
train:4766,-22.47806033829025,-14.48969728506861
train:4767,-0.9249098144691498,0.040497771865870544
train:4768,-3.169807624338035,-9.497558430229684
train:4769,-0.09834375342955712,0.034340103323572777
train:4770,0.294311920797953,-0.07281243107208679
train:4771,-0.005056750638569807,-0.4963923484939064
train:4772,1.6124664883661208,0.30407346194822227
train:4773,-8.065524845157917,-3.3883149586020407
train:4774,1.085510390416431,0.042641107875403754
train:4775,-1.4026710074929194,-0.19725602628373828
train:4776,1.5425518831119747,0.7423907046913152
train:4777,9.172831595933006,2.041491425986007
train:4778,-0.43994183485202154,0.04747467010962894
train:4779,0.9441332404863124,1.775442853423008
train:4780,7.844249067936333,0.9262643681177811
train:4781,11.335973610247638,2.138325589315538
train:4782,11.804339771033453,1.9873191219239716
train:4783,0.5116916410652512,-0.02717609391596229
train:4784,0.8797102286998384,-0.06001083461658513
train:4785,1.3467355703558903,4.551468998433784
train:4786,-4.354293705910144,-1.3530386635553255
train:4787,-1.7072928864717376,0.1315179365444086
train:4788,3.659027905696369,5.595144955025829
train:4789,-5.942098786106522,-3.374648053003446
train:4790,6.502950144365008,0.161835355922067
train:4791,11.7491504654662,2.3910349481605273
train:4792,4.559764301223488,1.8593703506104677
train:4793,11.178208851754597,10.85877532031192
train:4794,2.6047663250618927,2.31727988003056
train:4795,2.8576271926006678,0.1661984941352967
train:4796,-2.861170959091855,0.05707381670211136
train:4797,3.0738905321691643,2.403720918029519
train:4798,-18.257529931647472,-4.485350908603946
train:4799,-0.050547201047862145,-0.15035414508204875
train:4800,0.5094823579499128,0.5637714885537954
train:4801,-7.83121251798343,-4.618733630170587
train:4802,7.370911090308044,9.853111336546029
train:4803,-0.027214321411863335,-0.09019622141458275
train:4804,26.439581416321058,12.718516476277033
train:4805,11.55979370229019,5.655036245639394
train:4806,2.8092328738541696,1.095285329292881
train:4807,0.6920006646142414,1.5316547883317568
train:4808,0.4717569425979399,-0.01122276351539854
train:4809,0.03754924169657731,-0.004681052072564071
train:4810,4.955999134976132,7.6667630927959545
train:4811,2.865053071085462,4.821859167427703
train:4812,0.03516549867193111,0.01397142085331704
train:4813,2.5015011685372834,0.10786092240350986
train:4814,-0.014646815340093905,-0.23384709744222948
train:4815,0.5844216642961881,-0.11361670393249121
train:4816,0.6212602514616063,-0.24294386399227508
train:4817,-15.714650644890758,-5.196812066291304
train:4818,3.0853014422665686,0.2083414960367993
train:4819,-2.26157979710237,0.06491959060921254
train:4820,-0.6380709908694758,0.3093673192859325
train:4821,-4.877383325949751,-7.506946524240522
train:4822,-0.009071304447691636,-0.03323118933586561
train:4823,1.5932445164798277,0.21673851131376448
train:4824,7.296635103550323,9.37552460160178
train:4825,2.511321134438415,-0.1654365312375246
train:4826,2.2002390085048025,1.0588031083324245
train:4827,1.3594394131855667,-0.0190795936352752
train:4828,-6.186563959382179,-2.4839604077755744
train:4829,-5.5867119792471325,-1.9762762364226973
train:4830,1.24622806593537,5.35622290750308
train:4831,-0.8216523290664687,0.22596609782658572
train:4832,2.0402879802622085,-0.023550797412084643
train:4833,-3.218769373648984,-5.380167157673398
train:4834,0.32196945353556744,-0.1418812342541603
train:4835,-2.4212425771270536,-0.3574933613867563
train:4836,-10.93097248441549,-5.729009359305928
train:4837,0.06611301288380739,0.10117262697839402
train:4838,2.4645612295791164,-0.23208694836837296
train:4839,1.0089203981061385,0.31507104113079054
train:4840,19.30521672279614,8.86109314457885
train:4841,0.8439060807035338,-0.012152911996638996
train:4842,-0.04528806582044048,-0.28690721782945683
train:4843,2.2160117650222624,-1.620153055029881
train:4844,1.2688985558157757,-0.09036470383120007
train:4845,2.0079811664904685,0.26604201592150345
train:4846,7.302943090357754,2.3812866496911833
train:4847,-6.341303971253082,-1.0909681876793493
train:4848,-0.9525030725033349,0.26337561405208254
train:4849,-0.06380929234149935,0.05949266640096905
train:4850,1.331295926496709,0.00808552115408108
train:4851,-21.962304310814055,-14.379887265104156
train:4852,9.360483975291501,3.015296825643744
train:4853,-0.16709827583573422,0.2105119376002337
train:4854,-0.2128641892597231,0.07350955463171108
train:4855,-6.164611533005906,-2.870542670730385
train:4856,0.004316895441281304,0.35448051925176427
train:4857,-5.791409126613738,-2.1402853806814695
train:4858,-1.6126798256492427,0.1260466804894557
train:4859,0.6054046235814972,-0.08946009163495075
train:4860,4.627406394720948,0.2063308345805719
train:4861,-8.40880243736619,-8.567824235981494
train:4862,-1.8046680161048858,-0.004911163959104084
train:4863,-0.49136636298930225,0.03913607443436133
train:4864,0.003644974897837966,0.6062550218087828
train:4865,0.010109289871837068,0.03843660848290092
train:4866,9.702108324495114,6.398896529244021
train:4867,-1.1163775309248725,-4.425281006656254
train:4868,-1.2406362235847221,-3.035657436266705
train:4869,0.1629092052696125,0.15354761882556658
train:4870,3.2604261821414977,5.407354824382264
train:4871,16.025374147141093,8.97833351017167
train:4872,-0.4655888362697116,-0.3521926563301658
train:4873,-3.8843366009280547,0.12234627306910978
train:4874,-2.7257324198254094,-2.042235176607446
train:4875,4.034925432925998,0.456899639301823
train:4876,-0.5602332789546403,-0.23401629316289685
train:4877,-3.5162917455123193,-0.1896928634412594
train:4878,-0.17691545223798283,-0.13442192848136592
train:4879,2.3539208704660872,4.3583901462416685
train:4880,-0.20152627104975734,0.07103916871523866
train:4881,-8.470580539295096,-8.895045335892725
train:4882,4.05687762684403,5.071686492588946
train:4883,-5.236258866078815,-9.603142266358516
train:4884,-10.160379926816635,-1.8970380000601417
train:4885,4.129534309500168,7.9117122742198465
train:4886,-11.200642639765002,-3.506984214867881
train:4887,0.24989972793606138,0.001480896294033876
train:4888,-8.059207560020877,0.03168575629259735
train:4889,0.39634063194267105,0.0754254179796894
train:4890,-0.7221602022393613,-0.05246429175847195
train:4891,-7.604374188149469,-6.077815039771095
train:4892,-2.8178328395290393,-4.45576990432754
train:4893,-1.3796509004191773,0.13980966814358917
train:4894,-0.8952334981440818,0.11699684934590215
train:4895,-1.0601500668566612,4.490974252593894
train:4896,0.6866104229393185,0.02860214288431326
train:4897,6.642780284706261,2.08088093159358
train:4898,0.3043535356311632,-0.11787384516388633
train:4899,-1.9942853649682166,0.048502041932888616
train:4900,11.051933816318817,5.490268145871389
train:4901,-1.6395638535924242,0.19480876293001584
train:4902,7.637788027442708,5.6654676040670475
train:4903,0.1626442028757272,-0.029776443830350358
train:4904,14.374003826064763,5.414997449295916
train:4905,9.89052316688163,1.873244970348431
train:4906,-0.26419666393386465,-0.41663026163700795
train:4907,-2.985463590654781,-0.04221496852438625
train:4908,-4.765797791631865,-0.010601047705391511
train:4909,-0.10088370839165148,0.10460682932726836
train:4910,-0.18002713824197264,0.00335060886997518
train:4911,3.1879168780096783,0.2987365210458902
train:4912,-3.106260050284343,-3.054195637883771
train:4913,-9.74469996126706,-1.2494586411638413
train:4914,-6.7331262826892955,-4.328494492037265
train:4915,-1.009727085047499,0.22908437781170132
train:4916,-1.1828289733157704,-0.2881737605006919
train:4917,-4.782346028838799,-0.2945876478577608
train:4918,1.8046011275131217,-0.0880359087686588
train:4919,0.08962360684447751,-0.02710269492921409
train:4920,2.807268834182295,10.414074184647063
train:4921,-0.46240508821124415,0.1994832583610841
train:4922,0.017293179328530833,0.42868254369948094
train:4923,-6.969686945963483,-1.9757117275975027
train:4924,-4.798238733808229,-0.33278978754365207
train:4925,-0.22853210711083027,0.03560493406508778
train:4926,7.356118377731479,3.1614722273652602
train:4927,1.9984736244642334,1.3808123808716974
train:4928,3.831116043578909,2.315544839259265
train:4929,2.9780119686867472,0.011332623850632287
train:4930,0.6478461517116672,-0.14175540741973483
train:4931,28.181288728890475,10.646823584242464
train:4932,2.9814525831006913,5.88814343854629
train:4933,0.2801625364012805,-0.2652339735820994
train:4934,-3.412748801390611,0.04872716069107841
train:4935,1.828263284246435,-0.05844477557474201
train:4936,-6.6087127728414385,-1.1660582756693545
train:4937,-2.2589376767436855,0.05168737249870713
train:4938,0.8881373048253906,-0.9704727303846195
train:4939,-2.4031577909520645,-0.06806767519209048
train:4940,0.15482918929675402,-0.0627143282966077
train:4941,-1.6742889304374873,0.06644912848369405
train:4942,0.9218981448898955,-0.2722030254813074
train:4943,6.255286345703508,7.8953787527606165
train:4944,-2.008112446014782,0.2090261252640191
train:4945,0.21885795190776364,0.09238464975160687
train:4946,5.509532415991873,0.5302429170037073
train:4947,-0.3007466541940122,-0.7384760092228111
train:4948,-0.3439543646840471,-0.33260090463120384
train:4949,-5.813147691408981,-0.14617546729615705
train:4950,3.025312338954628,9.29341360450813
train:4951,-3.214583730575038,-0.4000777558344181
train:4952,7.2374623935781415,12.528141902399394
train:4953,13.696983148830322,9.935119617856476
train:4954,-9.890476383393914,-3.045703610507342
train:4955,1.619728948708019,-0.2726418501328865
train:4956,-3.9710909460224095,0.10119538137759002
train:4957,10.472651600947037,2.201588810834409
train:4958,0.18105071125522257,-0.42742269457478727
train:4959,-2.9839163486076754,-0.2270183524496625
train:4960,0.6140682259665038,0.05429556875764555
train:4961,-0.3682687992395026,0.12809293581777967
train:4962,2.5153910133087165,0.06515840480516293
train:4963,0.701088735745945,-0.11673170271897665
train:4964,0.6745235242792664,0.43840958570813393
train:4965,-0.06012634021209448,-0.9361408358133865
train:4966,1.1119725066535584,-0.02595498871271419
train:4967,-14.00591148978659,-6.260698779836928
train:4968,-7.917077012934108,-2.9794593487025813
train:4969,0.5111726780438925,-0.13750119073494482
train:4970,-0.18596412169796406,0.03396947053917666
train:4971,0.8932153550836572,1.0271364030137276
train:4972,11.9246192435367,2.7905207387195894
train:4973,-4.1806780849309195,-0.13515363577588774
train:4974,-0.5770548870521095,0.07849747586236298
train:4975,-0.6193339268723446,0.10455361684513605
train:4976,6.869531210241888,0.5636843227988816
train:4977,-12.801560224377415,-8.586021478262646
train:4978,0.7945856483278783,-0.31047492630329165
train:4979,-2.4708698543798393,-0.09291069997697579
train:4980,3.4258006935873704,0.08423672024891256
train:4981,7.362468207022155,2.2904730578655346
train:4982,-1.6154932677309914,-1.2038486962575679
train:4983,0.1945696689043363,-0.05631349440365435
train:4984,-2.879273877009583,-2.910096806912705
train:4985,-0.09140545610368775,-0.6815479262938855
train:4986,1.7285231244769808,1.6291543216791566
train:4987,-1.0636160192187925,0.05589073060472992
train:4988,-4.031362718554495,-3.1211163972495815
train:4989,-0.3849502350181009,-0.44221719121567055
train:4990,-1.1009411414810546,0.1898776207017464
train:4991,-0.8193912077635546,0.16721438176335088
train:4992,-5.083198132535479,-0.3955845109624627
train:4993,19.177714307851836,5.664676121893133
train:4994,-12.461853190739387,-13.57168410297053
train:4995,2.1215758373788383,-0.0040285215275956965
train:4996,-1.2599788412977055,-0.1413615209233077
train:4997,-3.0599748251516354,-4.586476023776844
train:4998,6.7106924946788915,11.06111400035992
train:4999,-14.140084526393112,-3.654000174081954
train:5000,1.2743583025045333,-0.013287778740238343
train:5001,-11.24623142000992,-0.3690349062378782
train:5002,3.700582605639984,4.065347723191725
train:5003,-1.3642328751763393,0.2307281156645928
train:5004,-0.692668225298812,0.09084419832515989
train:5005,3.8729655005711616,1.3023694785249262
train:5006,0.8111550392346759,0.08276931115718875
train:5007,0.9727809290982729,-0.28286292652659095
train:5008,2.767326232134815,-0.23818056220697792
train:5009,5.694936459250668,0.33885060090748453
train:5010,0.25438896147177426,-0.01385827931945316
train:5011,-0.2746733243637032,0.2224031440966808
train:5012,-1.8068986853783273,-1.975391454079039
train:5013,0.5581712012868083,-0.1474559907267727
train:5014,0.15737646669341626,0.0433207439742733
train:5015,7.314921198561369,1.8773160818835781
train:5016,0.2290107980089336,-0.1434017131672064
train:5017,6.39596077437335,5.446616220582451
train:5018,-0.9981971563310864,0.27371538423971215
train:5019,0.15849819393174386,0.13440075486260897
train:5020,-4.240189254100906,-2.1058208115569306
train:5021,8.913399831317077,5.058551426490055
train:5022,4.488836642958332,0.13833541133298508
train:5023,13.059324160500976,3.4091881725384123
train:5024,-9.466751503065757,-2.366242413790855
train:5025,29.063977299102806,9.569628899696221
train:5026,0.37151490548778515,-0.04656184340527528
train:5027,-1.8678431920576961,0.18190288142239963
train:5028,-20.93528892806107,-8.577486937964835
train:5029,0.18329649031428025,0.013126583536460304
train:5030,-17.76535074873042,-9.266398842700992
train:5031,-1.4687877100178568,-0.08344223068645903
train:5032,-0.060392969813661546,0.14391601689880773
train:5033,-0.15549442539892216,4.044026209171438
train:5034,1.0851041696415935,0.6969986028419213
train:5035,-0.25774362318451766,-0.5566703568981952
train:5036,-1.3019919488910943,-0.023237514273311013
train:5037,-0.8669795937911055,-0.25983390527133954
train:5038,-10.273771196744786,-15.922906586131253
train:5039,-10.08710351049199,-6.715030090820445
train:5040,1.1760889060211421,3.5017476473569173
train:5041,26.428648440365606,7.38473750813793
train:5042,-7.079514166152116,-15.762700779067247
train:5043,0.585669151442491,-0.19555279887307425
train:5044,16.731052276233584,9.050975823983588
train:5045,6.542461536376824,12.513967124317178
train:5046,-0.5213197695367483,-1.1083769436635964
train:5047,-2.6165091261449462,-4.21153630952664
train:5048,6.602705413920079,0.4694605669708442
train:5049,4.087586290214049,0.854698287456549
train:5050,-1.1292808229246836,-0.32696195079408863
train:5051,6.6504114238171965,2.347971641373675
train:5052,3.4260217613738484,-0.17179991666785133
train:5053,2.1573499982621507,0.3350518288586394
train:5054,0.5864965865486618,0.21556298623931336
train:5055,2.7443428534630327,-0.2969924811320354
train:5056,1.6516140832319448,-0.17037252393333424
train:5057,-3.4184128788725485,-4.418656979926046
train:5058,-12.629312387683823,-6.490382113303676
train:5059,-0.5370664907313003,0.13667655143423293
train:5060,-0.1689584066742167,0.06056158818514303
train:5061,-0.22146944462642704,0.05167674426836167
train:5062,-0.3862125994917799,0.06326151534491545
train:5063,3.034564176916588,0.00776382102751709
train:5064,1.0810655564046057,0.2293981959285125
train:5065,10.534642634624012,13.315352241018987
train:5066,1.0621527539778453,0.0997166307514707
train:5067,-6.086042507467242,-6.872079099480635
train:5068,3.9892820249946213,0.090364002038679
train:5069,0.0036027837272325502,0.1442946386885642
train:5070,-2.5302647944297005,-2.7515709735473313
train:5071,0.3930742449797947,0.08456733667610193
train:5072,-0.9174911421898032,0.2634072847519039
train:5073,7.342151356824283,0.28080391456730036
train:5074,22.6660923813365,11.266115301765874
train:5075,14.329761443947374,4.442265286911856
train:5076,3.769697089631189,0.27507522708069126
train:5077,-0.9572052377871171,-0.034487175107160206
train:5078,6.615930428124396,1.15550687968161
train:5079,13.881005460309071,4.997291733386912
train:5080,9.753030626604334,5.80512740127396
train:5081,3.5864525834243186,0.7883478860091437
train:5082,-1.347500531043126,1.4229518162529498
train:5083,-5.183870217390097,-4.165787270330609
train:5084,-3.045681432875128,-0.3017941586752242
train:5085,10.806760110326877,6.122353684836155
train:5086,3.566526960444788,1.8969220996635408
train:5087,2.019199601164946,4.0853444889302954
train:5088,7.218806225048617,2.1864667649737517
train:5089,1.9823363734260613,6.90318080817283
train:5090,34.10683895879342,14.808215445107344
train:5091,0.7973888622470561,-0.4740154298011933
train:5092,1.7864826348932965,0.04149839478725406
train:5093,0.6926886247762619,-0.14428792211896496
train:5094,2.9332704987275413,0.32739850438423657
train:5095,-0.07978579850653872,-0.04095391829433642
train:5096,0.8468808488040163,-0.18276668111545824
train:5097,-0.4475572830317399,-4.477196131382372
train:5098,1.9113157318648044,7.506394652408541
train:5099,-20.691284022101108,-10.93815185481825
train:5100,-3.966741187430847,0.008241592080227872
train:5101,0.022087862991932494,-0.2391894594553418
train:5102,13.533506426457853,2.1968173773829416
train:5103,-10.984242614751238,-12.057671719120373
train:5104,-8.990031722958307,-7.0639926981766195
train:5105,-9.22989422307701,-5.219218373110879
train:5106,3.413865590158202,0.4308588343561256
train:5107,-0.709288059643744,-1.9704996149039262
train:5108,1.431252969804317,-0.35955495275215593
train:5109,1.5184085378213434,0.09890638868104047
train:5110,-6.791294773063596,-3.17834991697273
train:5111,1.985088678990624,0.11636464796635966
train:5112,-0.9058294096511689,0.09973367871826645
train:5113,-4.329877222187219,-0.15658143209962955
train:5114,0.5001029004140555,-0.0874932270473952
train:5115,4.501483765977387,8.246060137555746
train:5116,-0.08553158505992428,-0.22440152521171874
train:5117,-2.4918868687973452,0.1879093295060908
train:5118,1.2917808151530497,0.5182796667982071
train:5119,-4.581193404719531,-4.948620489977592
train:5120,-0.2869122507128789,0.15567797270138922
train:5121,-0.07825668820217258,0.21049096646116278
train:5122,-9.883402214226617,-5.811060438859375
train:5123,-1.006305997125736,-0.5698022844592661
train:5124,-2.8418755304016425,-0.14757782305851802
train:5125,-0.5538148744830906,0.23405853227418763
train:5126,-0.21483915446888924,-0.48571889467167223
train:5127,9.489653580734878,0.5693242752616668
train:5128,7.138817344578506,0.15522359802151947
train:5129,4.033517665823043,8.02006430070604
train:5130,3.3261904779742157,8.047075698472613
train:5131,-4.063103496511225,-0.7608408017466735
train:5132,-24.71550437468551,-10.626601188921342
train:5133,0.3295815310708021,-0.05639773561196301
train:5134,-4.465112128035204,-0.4202772425840065
train:5135,12.22056833803002,2.7273433990083418
train:5136,-1.0835321114104732,-2.6306647957805938
train:5137,1.8361308333877049,8.440585570361325
train:5138,-27.533517515270578,-18.413888729065896
train:5139,-0.4646076300376153,0.043676968016858796
train:5140,19.558819364579552,6.7031013047120895
train:5141,0.053973694890578905,0.01772753731997037
train:5142,-0.33454910428352197,-0.17810281391473543
train:5143,10.574299080577743,1.5732115969649438
train:5144,1.522688558940831,5.0424838247806765
train:5145,2.8236157625531733,8.734269396413056
train:5146,-1.1136705547171584,-0.1636845138298384
train:5147,4.936181140161837,10.704289641085923
train:5148,-2.685113131840561,0.05022838039477369
train:5149,-0.5343179044985813,-0.43243094497086504
train:5150,-3.048672705510668,0.024817779577278695
train:5151,-14.761651825499374,-14.057211338599723
train:5152,-0.590542114151429,-3.285951262276669
train:5153,4.153815037610787,0.6045487985211087
train:5154,0.36875434765569326,-0.04770156061641484
train:5155,3.9222222393889887,2.415768338112923
train:5156,-1.505607003149334,-0.21124391870484654
train:5157,-4.2013817456405675,0.048317795496765605
train:5158,0.14853189556837473,0.06936803998682599
train:5159,-2.5677640279139102,-0.7146719117867959
train:5160,-8.591029241397244,-0.3910935486634674
train:5161,3.6269721468240994,0.5054808522285006
train:5162,11.687761033714992,18.25723682828189
train:5163,0.9661358778424792,1.0008080652054627
train:5164,-0.13559634872086107,0.3124909490514233
train:5165,-2.024071169124442,-5.43978682210471
train:5166,0.05928954992862165,0.6886584735629462
train:5167,2.607400774298649,-0.5872156055894333
train:5168,-21.11893279752469,-5.957454396941821
train:5169,-0.9098667443678351,0.27766509142554385
train:5170,-2.8102193672443634,-0.27941609869603107
train:5171,-1.172812347743387,0.10642404272512739
train:5172,-0.6336619554266493,-1.2690767851126543
train:5173,10.994101925476398,6.301331942567258
train:5174,7.736180161876952,3.8525793966457935
train:5175,0.026083820141834302,-0.1522366258004856
train:5176,4.437497310766103,0.11694841600090504
train:5177,-0.8801832218373197,-2.487820238651102
train:5178,1.3359276569336953,-0.05581867538414781
train:5179,-9.438698442632356,-0.31170694505850527
train:5180,-4.487432768264033,0.06324560866459975
train:5181,0.07496083842421244,0.4989626084889121
train:5182,-0.6652995219247084,0.08356286191284826
train:5183,3.0630802941645667,11.476719178502393
train:5184,-0.8334284310593062,-2.2455251189365657
train:5185,3.0033971058967954,0.06651567975156195
train:5186,-1.2403914450577385,-0.7980796956434029
train:5187,-1.5532469949062206,-7.782185448844931
train:5188,-4.217216800966415,-9.031736646965028
train:5189,-0.6566109302788748,0.1846616561662996
train:5190,-1.0191067750415965,0.009181441496548745
train:5191,0.25453785097465453,0.0057033709485974915
train:5192,-6.902472110711603,-0.7072156018910116
train:5193,-0.39102192802431723,0.025563681622396126
train:5194,-13.794645072550512,-6.417594856108791
train:5195,1.538978535042848,0.16311801926483277
train:5196,-8.955375918668839,-9.340201274219881
train:5197,11.0945908332377,7.090110408810439
train:5198,-18.261414773758535,-10.036142933029906
train:5199,-0.3198261291790321,-0.011269841582700599
train:5200,-8.94161996984379,-15.291524079638197
train:5201,16.49266728068991,11.759017530629148
train:5202,-2.1165230656873306,-5.568948495624887
train:5203,-22.49719072162988,-7.099146604335108
train:5204,-0.6550499731955944,0.21327998529678407
train:5205,1.2262143412827844,0.4921410678672505
train:5206,12.078657231522048,4.392805354725945
train:5207,1.3758916451392782,0.011026616413168974
train:5208,0.8826452464412381,-1.8071255965713018
train:5209,0.15162498491314455,0.054297280687365626
train:5210,0.4772352859459175,-2.5729122760306424
train:5211,-0.3941169932641292,-0.27480558663825055
train:5212,1.0015612351362961,-0.12731927473358706
train:5213,6.322795008171064,0.4701153800887727
train:5214,-0.29153038234281053,0.06371039758359996
train:5215,-7.93517528168703,-0.13808317550936514
train:5216,4.339505934338051,8.44255657211237
train:5217,2.0732789186350047,3.84423003007937
train:5218,-8.108089808613661,-7.119963099087974
train:5219,3.51476129983994,4.640659395563183
train:5220,-5.666193170920538,-1.9288097037350034
train:5221,0.12864985850889088,0.05991519205500492
train:5222,-1.438472133532101,0.35338167436269147
train:5223,-2.819512117856607,-6.0474454065369745
train:5224,2.8879457910435473,0.1954060124111068
train:5225,-9.090595017356488,-14.6090587315846
train:5226,0.7897888725403144,0.2926439771633602
train:5227,4.405069386251193,0.4744397145616807
train:5228,-8.441809647815804,-12.440896317250877
train:5229,-0.06745691081838615,-0.12137723800561367
train:5230,-1.4378995888863644,3.901686100666129
train:5231,-0.4280333478913616,-0.3490881431132158
train:5232,0.300282959386141,0.4703387869172424
train:5233,5.449802736076052,4.982000206483966
train:5234,1.1431300468855008,5.522204194799378
train:5235,0.8853891835091521,4.664480897618019
train:5236,-9.074474503311613,-0.6860836840872226
train:5237,14.641795718833052,2.3688891399800243
train:5238,-0.010679450553742864,0.4555405810952989
train:5239,1.4289776685487476,0.0702465452548442
train:5240,-7.36918595832572,-0.665465773181886
train:5241,2.697134769116531,0.1196170291128811
train:5242,1.5102917934465254,4.292621800899089
train:5243,0.5597472681557051,0.2963490923904364
train:5244,2.1506256787464317,0.31485704991578123
train:5245,-18.972327862421462,-10.405581931767891
train:5246,0.8011949010146734,-0.24557681190174957
train:5247,0.27826707191028,-0.1348858614355061
train:5248,-2.649161605319938,-0.24502956503456574
train:5249,-0.5831206523731995,0.12118815261347941
train:5250,0.7918747203300799,-0.08859642309117319
train:5251,7.405552947103097,1.129247447044578
train:5252,-4.851520022139508,-7.702988726778087
train:5253,3.981609740775162,7.799979186536508
train:5254,-1.259085039363943,-1.4961578427440791
train:5255,-0.02785160567750941,0.10507104760302854
train:5256,-4.835901617893574,-6.8546533668599965
train:5257,2.918735814797654,-0.1017555988669554
train:5258,-4.946207702057124,0.07173321355591883
train:5259,-0.21729461086065266,-0.02032238328164425
train:5260,-7.821433464732583,-0.17771049668721833
train:5261,-14.298197042413566,-7.836777746331625
train:5262,8.763119298327133,0.513817807304453
train:5263,3.6789625945472695,1.2902841106660607
train:5264,-0.7126556821702493,0.0867190183430205
train:5265,6.690470487443042,2.4413069056769934
train:5266,0.846400357621419,-0.20935494691955442
train:5267,-1.7122265801628087,0.04308977612287326
train:5268,-1.8568892948606242,-0.01461224170033594
train:5269,-3.7186029415009956,0.13758815401017258
train:5270,2.3396711803387467,0.1730835901478161
train:5271,-0.27490124966826857,-0.06307083766081317
train:5272,0.18253914136754493,-0.0168786939889045
train:5273,0.39789217446722136,3.500563847955486
train:5274,-8.687860186289967,-15.785938513087538
train:5275,-1.704167717889813,-1.7335535622605724
train:5276,-0.6725796490928658,0.06932181788438398
train:5277,-0.10266829030205266,0.10750869286360455
train:5278,4.74706938797105,11.310906230961901
train:5279,-1.3416974435335187,-2.312050422537039
train:5280,9.332709864746402,0.4121979444424541
train:5281,0.04593249944384223,-0.31203948740662973
train:5282,-3.6902551240189583,-7.818626726152916
train:5283,-1.1656138134175573,0.16781591106874205
train:5284,-2.4054112411330504,0.24160329187217572
train:5285,11.85620585359809,1.108668625201183
train:5286,-1.3374869274278658,-0.12800176404865674
train:5287,-2.5585154443673135,0.03865152699317526
train:5288,-10.199940599975385,-16.552844223940564
train:5289,7.069435998527494,2.9757115894048423
train:5290,0.05555673550668312,0.009568052291665546
train:5291,-0.20473861147177558,-0.2848825756138488
train:5292,10.714798700650917,1.2353876603324334
train:5293,-3.3607009364820994,-9.886952823071338
train:5294,10.044918210724003,16.149523793650474
train:5295,0.3798264498679329,-0.2148393990994329
train:5296,-0.8814101364293604,-0.20057003690018244
train:5297,0.31674007296289775,0.06497786755010007
train:5298,11.21100034095726,9.343953193704168
train:5299,-2.37241635097017,-6.135483104321523
train:5300,0.09059202787336007,-0.2696920525643882
train:5301,-0.4773162382612167,-0.15107401152934005
train:5302,-4.330437911462702,-4.235618595542166
train:5303,1.5973362464247125,-0.17518112052580836
train:5304,-1.580636851980187,-1.1942924192384923
train:5305,7.694557119210702,0.24377487472209017
train:5306,-0.9952300593525324,0.06550606919914805
train:5307,0.12479721186410336,0.5232374152675427
train:5308,1.5011719917650277,0.16961436457008525
train:5309,2.146451891042738,-0.36929426359046946
train:5310,0.7728422019095906,-0.14488609889532097
train:5311,-4.547186623836841,-3.0129016104626154
train:5312,-1.728749246963316,-0.19452293048563946
train:5313,-3.2563546166820863,-0.8052904862851664
train:5314,-6.763358871583282,-1.1994008175231945
train:5315,-9.372180052268266,-0.1332575309500953
train:5316,19.940965834223586,4.906388265250959
train:5317,0.3527786550944948,-0.04565708854821593
train:5318,0.23363381126191046,0.6434543986611405
train:5319,15.232191297754717,5.495315485329408
train:5320,4.439997631598235,1.193957391837722
train:5321,-1.3723538037994816,0.024478389510273937
train:5322,0.00022179485191275994,0.016450723070414855
train:5323,4.797888943538079,1.3275324201762504
train:5324,4.2468992205871565,10.026178300953715
train:5325,-2.2310852277716213,-4.180182602025096
train:5326,0.9190351892029733,-0.26295589443751527
train:5327,-2.699381883543602,0.050125521950759214
train:5328,8.875497050327793,9.028465089451089
train:5329,2.3952324190904006,-0.16976642948202292
train:5330,-0.37293853659876974,-0.010739000708667512
train:5331,-1.5473386038137802,-0.015348371479967954
train:5332,-1.7663379768700218,-0.08219772911036993
train:5333,-0.2347813982125979,0.1925512982724777
train:5334,-1.5036906174167113,0.23171333121849566
train:5335,-3.132714727857783,0.025409821938804436
train:5336,-2.424414237357028,0.00451928622554601
train:5337,-1.7416260387237386,-4.948280386606537
train:5338,-5.951184183968462,-2.4137627296039215
train:5339,17.181517292854206,5.0659287022970965
train:5340,11.086858342334015,2.983059477085022
train:5341,-3.0239856403960914,-5.312315393861487
train:5342,-15.753413521368968,-6.770918319105236
train:5343,0.6930390555734391,-0.11353296203701757
train:5344,0.6429131553953166,-0.08129932265935585
train:5345,-1.4869661768636666,0.03511603546919652
train:5346,0.637504549519414,-0.24335586841157297
train:5347,0.18951242365857196,0.030556881303018264
train:5348,0.3891592995266201,-0.11232662222760509
train:5349,4.271329651804496,-0.08903396379546222
train:5350,0.403553462450276,-0.13075946883648165
train:5351,-11.40905911897561,-13.338575198133913
train:5352,-2.119760744057536,-6.692189524495212
train:5353,-4.630309041385526,-9.726317892290833
train:5354,32.25033818819066,13.03439718307925
train:5355,9.480684411993062,3.8999576222920935
train:5356,-1.7288859324085832,1.937771596000717
train:5357,2.1246487028567063,3.6008201587954454
train:5358,-1.904455597355351,-0.08865548466651574
train:5359,-16.354758813239382,-5.8830784689667075
train:5360,1.2099999141088489,0.100620030330835
train:5361,-0.5169723355275881,-1.2154958101080944
train:5362,0.5706216646346118,-0.1841848722277299
train:5363,8.675392347955572,4.194944226860801
train:5364,7.747969513989483,4.606065861066399
train:5365,-2.9221577731709494,-0.00011134100644535905
train:5366,-0.877075487623414,-2.6941522800927946
train:5367,-0.15796464288894146,-0.02532164604669164
train:5368,15.414458084603096,4.4818516644372375
train:5369,-4.53430192849625,-0.26746839851882154
train:5370,2.6439127576365156,0.2388293950824151
train:5371,-4.825359171781745,-3.411432857541926
train:5372,-0.6773657318013783,0.06109727952671633
train:5373,4.045474155410314,0.3463355856260801
train:5374,3.761204460281886,0.05968593613332496
train:5375,-15.98981983237163,-13.478629309819684
train:5376,20.367848427287306,10.13227229213913
train:5377,0.040593398581774465,-0.4255912150959276
train:5378,-4.9808309621929565,-2.211221613866524
train:5379,-0.15836272762537001,-0.03686376154105356
train:5380,-2.780688337319452,-0.3436842229605858
train:5381,-2.0446725482083803,0.32048444822728595
train:5382,0.2978686481029019,0.02225872996738741
train:5383,-8.323312665098797,-1.5077808469177145
train:5384,-0.22538741203672485,-0.6181506036136086
train:5385,8.714535526114831,4.693470144854519
train:5386,6.388347302088674,6.799364254158355
train:5387,-15.789483601592119,-5.02078859925705
train:5388,10.490420708831765,1.4179447071433522
train:5389,-2.7759313118909708,-0.6352614838265627
train:5390,-4.023498191370349,-8.116910507362487
train:5391,-15.121885851584462,-3.2677939650223196
train:5392,-1.7239805986228225,-0.7648060589607959
train:5393,0.6761674689543162,1.1750668180199404
train:5394,0.5833094678457107,-0.3088745573366421
train:5395,2.485671227292722,4.523451556635046
train:5396,-9.573064884494766,-2.142062791713337
train:5397,-6.602265311089858,-4.320237284354106
train:5398,0.3653633630760428,0.13156736851507575
train:5399,6.7375442109266785,12.781484675240812
train:5400,1.7215152059081564,-0.10875368224099974
train:5401,-2.7509387966487053,-0.19250299607676163
train:5402,4.276220573179362,-0.0933637193791505
train:5403,1.5994195371738353,0.30344746631391506
train:5404,-2.973401332568195,-3.9228675815898657
train:5405,1.6354449854148583,0.07738572016998464
train:5406,4.204959104881206,8.65939757946236
train:5407,-2.753522802447327,-0.005443716762857237
train:5408,-5.2189435166790545,-0.3352609580945795
train:5409,-0.7233873492896424,0.2404786967068968
train:5410,0.5755502442443976,-0.06621871976400506
train:5411,0.308843698999837,0.016343442141290188
train:5412,-3.035943292274564,-0.20321026051096724
train:5413,-12.24888796868356,-5.2242097895313755
train:5414,1.3769718785817213,-0.07769086013105894
train:5415,8.209535806331498,14.412015560985155
train:5416,-8.605545793584392,-4.111150747992814
train:5417,-4.224361637438746,0.0844696853516527
train:5418,1.9701774127115312,0.09724909805119841
train:5419,-1.3167137617043827,0.17612098145365818
train:5420,-0.06612724968415473,-0.12033103495543318
train:5421,-0.8399098317139637,0.14355230316369694
train:5422,-2.1425635026766443,-9.13204260376687
train:5423,13.716545904496822,4.786506677421685
train:5424,4.425462482751867,1.6287859714677206
train:5425,0.9621814144884621,0.37580688373959165
train:5426,-7.074933808986225,-2.614582357346974
train:5427,7.594322985680717,6.045164485687718
train:5428,0.13480081977503267,0.060919880809473616
train:5429,6.608637748211265,3.8515607984623492
train:5430,-16.21971359331544,-9.558125362439439
train:5431,2.1529198091194615,0.14202319327164542
train:5432,0.6332935684972807,-0.30385332480685373
train:5433,-0.26205630468676044,-0.19399394420213645
train:5434,25.47408564193382,10.0497310300425
train:5435,6.997227960275039,2.486734530068079
train:5436,-13.04510393318872,-3.1997464705790803
train:5437,15.09719628881067,13.330469721733724
train:5438,0.20428502859735528,-0.2304354355013361
train:5439,3.125424664366723,6.429500126206552
train:5440,-0.26776059744426134,-0.0429727827471392
train:5441,-12.720860021692138,-11.453413027112175
train:5442,1.1440122259072505,-0.19853219855964876
train:5443,7.865636155872316,5.654439352810328
train:5444,-20.453687524908368,-14.127818167974473
train:5445,-0.6328485840440137,0.20282159264563426
train:5446,0.73752482146837,-0.005657993299486561
train:5447,0.33831719551028644,-0.05637947502828222
train:5448,-0.9606363214132106,0.13645592649155833
train:5449,-4.67570906553936,-1.7363324521786832
train:5450,-0.039526588335838,0.0033640189861157688
train:5451,9.185603781485316,2.92529040868111
train:5452,-2.01011693342046,-0.060903106652768935
train:5453,-4.937572343348307,-0.3190551180603048
train:5454,4.79045818343024,4.081108889481211
train:5455,2.7890915296276866,0.5494516244278027
train:5456,0.3330960672051457,0.07294982494365174
train:5457,-0.6713427387964942,0.1439429084614939
train:5458,-0.6364451779371656,-0.03644013026574014
train:5459,0.37848400353048767,-0.13810400398762604
train:5460,-0.7417527125606135,-2.2606042238934116
train:5461,0.2076597411001883,-0.19015429983122445
train:5462,6.927486768868119,1.2781212779873619
train:5463,3.3445969863537113,7.016622401716803
train:5464,-10.028821580496448,-2.1837732460389003
train:5465,-2.7953880665999167,0.024767634302561514
train:5466,6.1337627566984425,1.0687828026355986
train:5467,-6.2905769340656725,-0.2777177217529072
train:5468,-4.518740244060937,-1.9773648810638549
train:5469,-1.6293396428114977,-0.11938547910671204
train:5470,1.7754706231361617,0.3101864776569881
train:5471,-0.08386730028885261,-2.681489991918264
train:5472,0.14833012181583752,-0.3828406208046085
train:5473,6.969835081243949,0.4985180060745278
train:5474,-3.7799358858998233,-0.3015855885709951
train:5475,3.7479197043098247,-0.09106588171238056
train:5476,-3.2264841977264096,-0.3141570018095518
train:5477,-10.505297744368114,-6.094663852076068
train:5478,-0.6723116247418572,0.3279343383866199
train:5479,2.941074121852742,0.2326433370389261
train:5480,5.205592337031709,0.3897305787961971
train:5481,0.46643109185556636,0.08436910948059831
train:5482,4.203758690528554,5.006885387538208
train:5483,-0.07808978318567289,-0.02056854450930995
train:5484,3.2868134468252648,1.3703964298115243
train:5485,0.39508082450963483,3.9033281265893
train:5486,0.2101156624084322,0.013708496980475604
train:5487,-0.10263132944185288,0.3348802079042019
train:5488,-0.8532106273046025,1.1384659032655589
train:5489,-0.2802050168778183,-0.7937055725478026
train:5490,-0.5840246824695328,0.3726117095778827
train:5491,-0.07945291830650036,0.12261119419329129
train:5492,7.015793935007346,0.37789486735484246
train:5493,-0.07809884905704265,-1.8798744780082952
train:5494,-1.2062365882760098,-4.147119818019678
train:5495,1.87661715525913,-0.42415918588508533
train:5496,-0.3461760843152389,0.15886779708272292
train:5497,0.19935447309252732,0.05920973434952424
train:5498,0.3705725197818106,0.4129155283167853
train:5499,0.036451922573476,-0.02636321262054693
train:5500,1.3523982530883867,-1.9221818251629248
train:5501,-3.480971110655735,-0.04921861567002081
train:5502,43.75324223942457,18.906124386805946
train:5503,-0.3873331644389062,0.07724334468159845
train:5504,0.900612873663141,0.18973139337149003
train:5505,0.5100646658417397,-0.21391823824922285
train:5506,0.10660235671235585,0.20543998915248812
train:5507,-2.7413657013987196,0.020706152372089892
train:5508,2.6813306307366376,0.19416400739919282
train:5509,4.102291598492281,1.2275912470655945
train:5510,-2.120372109229394,0.15571977231872103
train:5511,0.0021143536149101916,-0.1779136456806672
train:5512,-16.410439070610042,-5.165519702938064
train:5513,-1.6236279113903085,-1.1152115377493734
train:5514,-0.8824199350250076,0.08600057850382926
train:5515,34.529559619523695,19.15826880884331
train:5516,-28.4125202276255,-19.27683597978806
train:5517,10.851448812265547,4.149190337197231
train:5518,-0.15866538825417587,-3.1773276096082257
train:5519,-0.28537814255634736,-0.27635103119304777
train:5520,-0.3810054186810541,-0.06036948389294072
train:5521,0.8199428905490964,-0.26827814127641675
train:5522,-0.3005093143307167,-0.030165408528832274
train:5523,1.0223273108834516,-0.3379659497131071
train:5524,-14.679238870499933,-5.212589210591511
train:5525,-6.229737033594416,-6.837013643024349
train:5526,-9.024760054218733,-2.795410925783858
train:5527,0.7415672702663219,1.7311600820322224
train:5528,-0.1468555798165021,-4.161724290461633
train:5529,14.20327812592833,5.976490995610172
train:5530,-2.805811494092738,0.021748360919590218
train:5531,-2.969375155847061,-10.812780393698318
train:5532,-8.919864668055249,-13.889773199111643
train:5533,0.999545473505966,0.11600870924539418
train:5534,-0.711974579526316,-4.120763518692652
train:5535,4.267887410182871,6.465835834515132
train:5536,-4.367399701495453,0.04617845398991258
train:5537,-19.054147583991785,-13.194752558491018
train:5538,-3.578086584434524,0.07221497911130978
train:5539,-5.910029777114557,-1.7334144679708163
train:5540,-5.804346822433105,-4.903303427714261
train:5541,-1.226580636087991,-0.05233775161999646
train:5542,-3.403113872248719,-1.2226288506084046
train:5543,3.3996679706766773,0.27524706202634375
train:5544,-0.24634538206120699,0.035551079609310435
train:5545,-4.412398967643096,-5.372354481074218
train:5546,-1.0530712485245606,0.24205852251690552
train:5547,-0.06674616974882103,-0.045139015816678424
train:5548,-0.24458939251435657,-0.07813610451908831
train:5549,3.149273020150477,0.061526260582404985
train:5550,-0.5266326026176678,0.11860699057803717
train:5551,-6.9034633126480305,-0.2731273248693376
train:5552,-6.5421460311633775,-0.34619526720791
train:5553,-1.736997795160356,-0.03714722857053587
train:5554,2.530791836641776,0.057352290603243476
train:5555,4.046195705788051,3.3043013771272713
train:5556,-10.597272171705528,-2.822842887618331
train:5557,-1.4218281235301826,0.7750911302393173
train:5558,-0.40495140692571296,-0.28276449056768665
train:5559,-5.554496986480292,0.13677113555126705
train:5560,0.21750132561766317,-0.0445429076220675
train:5561,6.0067447847268225,2.178521699142886
train:5562,0.06558184580483556,-0.1362591857230308
train:5563,0.787855517356153,-0.2164789284584292
train:5564,1.0887927007687643,-0.27668685473980237
train:5565,-0.26865800248074745,0.11327318821352522
train:5566,-1.6412663777440173,0.0065680381180451
train:5567,-0.0720298293205891,5.509033178176365
train:5568,0.014451609799711745,-0.10672162166327137
train:5569,-5.069307357931085,0.10230956230373847
train:5570,-1.1661821738149691,-5.574120805952472
train:5571,0.22382314369038886,-0.03722754660656938
train:5572,-0.09724573693173505,-0.06471685808666477
train:5573,-2.792822657460515,0.047821121886729004
train:5574,6.930776517884141,0.11324066154884381
train:5575,0.5542833372186229,2.4795554101261366
train:5576,6.867817528094763,0.3442828392309008
train:5577,-22.042561913009894,-6.214707787907128
train:5578,2.4787827922593864,0.0399907553471085
train:5579,3.595527288207208,0.567168242440043
train:5580,-4.455222424661997,0.07093752288810923
train:5581,-0.07626614829090966,-0.07154046729007149
train:5582,0.49345854653298254,-0.16068592626431805
train:5583,-15.531942187385905,-4.469757226105408
train:5584,-4.932997565180182,-0.4610042646157925
train:5585,-16.832023475461977,-3.298891739030712
train:5586,-1.5148074678401988,0.2753357257197626
train:5587,0.290137435719539,0.055800354981590986
train:5588,-2.984786672259172,-4.989879137517866
train:5589,-0.1165407007054669,-0.003190246607999242
train:5590,1.1511631062938288,0.23385253006453868
train:5591,-1.6292822256261559,-0.2642545357910018
train:5592,-0.21493283513971007,-0.3011367776627156
train:5593,0.27324736867031607,-0.035585663344207985
train:5594,-7.016671405482863,-0.5975936088741447
train:5595,6.103585027949156,8.344754597847757
train:5596,2.82600961751127,-0.14706823864517585
train:5597,0.7289601300645897,-0.07120578502979694
train:5598,-0.5741868172839019,0.02355708599925388
train:5599,0.25742742313008526,3.395389163029752
train:5600,-2.4412370077456984,0.057715933007949284
train:5601,-2.105922272557198,-0.00489846714701353
train:5602,-1.0880975912489879,0.2554376812617173
train:5603,2.371950331579897,-0.27076001138809463
train:5604,0.7503897578585396,-1.8240435993691275
train:5605,3.458421790899928,0.21632415299110144
train:5606,-0.5649359091549029,-0.021752985884386455
train:5607,-8.400945348845731,-6.772784322500116
train:5608,0.44964853674245925,0.1893741707032345
train:5609,-1.5111976238273526,-9.974331998556897
train:5610,-4.62516706511119,-0.05297009566034894
train:5611,-4.312477257988006,-0.3461910587140148
train:5612,-1.5166276158613585,0.00048355457128050616
train:5613,-7.9699491747625455,-5.0276117804780265
train:5614,0.43474377929409364,-0.11460548600664419
train:5615,0.5403481630903411,-0.2116750396726853
train:5616,0.5062732719432581,-0.10741224264451141
train:5617,3.1872906355104442,-0.08961402264894744
train:5618,5.408700399867963,4.40764150832335
train:5619,3.159467941193132,0.23443701140313408
train:5620,-8.618773597287593,-12.512427588674468
train:5621,3.2927799524777677,5.883667883614776
train:5622,-0.25242741945911457,-0.03188333000292698
train:5623,-2.9896013473312353,-0.2073012018987051
train:5624,-21.997909474556707,-4.644323840947879
train:5625,2.027299608546466,2.462774219045107
train:5626,17.286192308605933,6.924049231460537
train:5627,1.0722730559253804,0.33113735889287915
train:5628,1.8932281561909323,2.166029747975503
train:5629,-1.9790700433108768,0.19272085064517003
train:5630,-6.3200610074260535,-2.17617156477772
train:5631,0.6240108135893674,-0.17354344575734215
train:5632,-8.920785202686641,-16.30163908067628
train:5633,-1.9510313952883718,-1.6348361335781496
train:5634,0.809845369509106,-0.25475061528919846
train:5635,2.0782023841635047,0.24369412870362664
train:5636,-11.715268920193578,-19.45691044318325
train:5637,-0.5808042060091058,-1.9879447493947247
train:5638,9.653897415300174,16.47619536412156
train:5639,-6.876009994474475,-3.3780142774763524
train:5640,-0.48817052710234177,-0.12043774524131781
train:5641,-8.480844965351586,-16.68446080467933
train:5642,0.25277628243003814,0.37556115049435596
train:5643,-0.43285092869142794,0.2649532286195361
train:5644,-2.858185730370561,-8.052549938893048
train:5645,1.2272299513344378,-0.2355444757596833
train:5646,0.05390360873114346,0.036459614977834946
train:5647,-1.5996256682515093,-8.27062068242529
train:5648,5.23333948242094,7.510770344773051
train:5649,9.291581493215405,0.45652922050864186
train:5650,9.464915374807447,2.3230733355249122
train:5651,-3.7358220531892927,-0.5522364589232023
train:5652,0.5225311688081204,-0.11649773899056648
train:5653,-5.194511225795792,-0.1774522092907021
train:5654,17.911603537172976,8.253315866352661
train:5655,-22.83771414860767,-9.933479649003521
train:5656,-6.166600445709487,-0.2199376684666246
train:5657,-32.39270555084281,-15.685304436422681
train:5658,-1.7710973268809056,0.13076697004053595
train:5659,9.374390557056232,3.200027737877537
train:5660,-3.3073354982678493,-6.392779864173072
train:5661,6.503185392104141,0.9272440199000938
train:5662,-1.0221226882506032,0.2570464672161573
train:5663,3.298583039987375,0.3359035852247814
train:5664,-26.705343191895814,-7.964892860149595
train:5665,3.682742597991979,0.19661834397453953
train:5666,-2.4326923077505795,0.005699947089157345
train:5667,-1.1016464197819738,0.31129908931422645
train:5668,-1.7661561945261464,-0.18850720944929783
train:5669,-9.551459285812948,-2.918624784813256
train:5670,4.840091737055513,0.5702123388039555
train:5671,18.762551329428575,13.914397536386316
train:5672,3.1419677874923724,5.344254236186799
train:5673,14.398613715043577,2.7413218758159896
train:5674,-1.1939125822109022,-0.06821882432029205
train:5675,-1.8808906081664625,-3.753680705892729
train:5676,0.262931801800971,-0.21504497332665184
train:5677,16.923250608938414,9.63880797968443
train:5678,-0.27633423849029126,-0.05259910622392783
train:5679,-15.041697057027735,-9.882772290694916
train:5680,-2.3014024506978807,-1.3704849393326042
train:5681,7.190647163657663,2.23724431240088
train:5682,2.303048546878521,-0.0181182737670484
train:5683,5.144609242284458,0.6514101640527563
train:5684,2.6044694758890934,-0.13210968207278537
train:5685,-0.1981531857546061,-0.01699218066326444
train:5686,-0.40391580546539807,0.06062435894154576
train:5687,0.2821419183170114,-0.03629097838887865
train:5688,1.3401244580031735,0.12249478297232623
train:5689,-15.057848255560323,-4.581860375929903
train:5690,6.407873794269695,0.16736588754357745
train:5691,1.2298223256297085,3.3348190922821783
train:5692,2.1704285637751104,-0.1429878541573784
train:5693,1.3997327947175844,-0.3613132472354824
train:5694,6.68105034971514,1.5944955911921994
train:5695,-19.67438894129566,-9.764305612779284
train:5696,-5.031714211317815,-1.3497203731145813
train:5697,0.4373369671932053,0.09057357076857812
train:5698,1.2168548751555885,0.3088837704704165
train:5699,-12.842360364873178,-9.436481913606588
train:5700,0.6106409779013743,-0.08734707104754386
train:5701,-8.235224939538366,-3.2386532120055924
train:5702,2.054112271809891,2.601783910940822
train:5703,-6.37177924654989,-1.2080225235759194
train:5704,0.45088928259979494,-0.17410353209742652
train:5705,-0.5624169916635512,0.282658077114951
train:5706,2.302265395067118,0.5676799667655353
train:5707,3.3169374777210545,0.0892301339207497
train:5708,6.0663052350437425,3.9472725065387513
train:5709,1.2160984560418142,1.440387249808668
train:5710,0.761191394908248,1.2215198883133505
train:5711,-3.419133034500844,-9.051796468781621
train:5712,6.6468510934095235,0.29718665400598276
train:5713,-9.801934899348515,-7.109336580672232
train:5714,1.2951072925710307,0.1545481704165451
train:5715,-0.3966031341436057,-2.5884614483564583
train:5716,-0.026869702070692336,-0.10264273511397898
train:5717,-8.17538925866499,-4.767110288190499
train:5718,-2.167916793107778,0.07713221191060361
train:5719,-5.024645621148285,-0.32223645412344315
train:5720,-0.09330068813644804,-0.0685766889621926
train:5721,-0.7302072091421042,-1.8773140017903038
train:5722,-0.07333322267367226,0.14731933318231574
train:5723,-1.515033184791482,-0.4771666644334203
train:5724,6.499121092231606,2.651062663898025
train:5725,-1.6253339224155052,1.3157258115401371
train:5726,1.000529236778705,-0.3555825624975332
train:5727,-2.450703172205169,-8.286822385296075
train:5728,2.0301325771203955,4.6187118859085885
train:5729,-0.8595111754483454,-0.021980387215536343
train:5730,-0.7626690725600908,0.24215517521568472
train:5731,-0.34708069555717275,-2.1861668091091846
train:5732,-0.4267836523917763,-0.3338969067597052
train:5733,-0.10495730659379687,-0.25218571658609695
train:5734,5.1064479677320165,3.6888301803828525
train:5735,0.3206383976518945,0.07841073808987921
train:5736,2.6343359430546855,0.33777807693785794
train:5737,-33.05355643288544,-12.05460165848904
train:5738,-4.669182567986095,-0.37886045553584047
train:5739,0.22798681946063123,-0.09877783977969593
train:5740,-2.5257560344018066,0.10038036017002458
train:5741,-0.29828073718143755,-0.002613040970714145
train:5742,-0.006478465235940339,-0.04999982626561478
train:5743,-0.6231043995292036,0.02673913536644225
train:5744,-0.2668044967021121,0.21350945520967907
train:5745,7.196449321334309,12.757919392000746
train:5746,-0.011525714777373908,0.017651855760262083
train:5747,-0.662333122320875,0.22891468277819896
train:5748,-11.481965461781776,-0.5043456886517523
train:5749,-12.044127592675608,-2.893291078172354
train:5750,-9.667938531004582,-9.97921784597799
train:5751,6.7016703254582985,0.8463577658603463
train:5752,13.522206166482809,4.322773733737139
train:5753,-2.1267447194276143,-1.3086680131055761
train:5754,0.02887959539732407,0.03974808930928795
train:5755,-0.512930584104357,0.27317341582249854
train:5756,-13.212044283340918,-1.8718366826509256
train:5757,4.290230366402764,10.145115188899126
train:5758,-0.09457641895894142,0.025715544054647738
train:5759,-6.60297291397318,-5.2375611294182365
train:5760,0.5952560779577718,0.14466149096149516
train:5761,-14.50616348247105,-8.088647118327298
train:5762,16.181643734232843,6.093932798266719
train:5763,0.10937058566637595,0.395661416650585
train:5764,8.278724676959584,3.1686038412574704
train:5765,0.4288774631431383,-3.7302934633435516
train:5766,15.519497594875535,2.708030263871322
train:5767,-3.5869678839615253,-0.43412561273292866
train:5768,-3.3947388667689826,-7.27534582948729
train:5769,-0.43339325376593174,0.15563160793813718
train:5770,0.250122306701101,-0.01667911151570582
train:5771,-0.09312053300025411,-2.2204741660210963
train:5772,-1.4215198839036107,0.05227028456839248
train:5773,1.6370103592047034,-0.37904027948685326
train:5774,0.01716416500519194,0.22000587184533654
train:5775,-0.2619979576684576,-0.15411325742571222
train:5776,-5.373864845977354,-4.4362909973292926
train:5777,2.0199199892514814,-0.200100254852832
train:5778,12.165217241527554,5.069735463351302
train:5779,0.37377951366430306,-0.3049996044152536
train:5780,-4.395808887952916,0.20081043187657183
train:5781,-3.0694619108527283,0.15483926979936274
train:5782,4.76350139605786,3.0155467673828746
train:5783,-2.3871272382461672,-11.189222326277887
train:5784,-0.5438161481952066,0.17381130293965774
train:5785,-2.386362683093984,-0.18538529161352707
train:5786,1.3602351177419432,0.11844093339518995
train:5787,-3.006272787405503,-1.1542869042533128
train:5788,1.3524679905604615,0.018198032671370837
train:5789,-1.4355031768876247,-6.526455896365085
train:5790,3.060746180974214,0.07478986407111175
train:5791,-9.87580547893524,-6.157778706352532
train:5792,-0.32049374924503077,-0.3133666609221174
train:5793,-15.215170413563927,-3.9160110177393475
train:5794,-8.23891637639354,-1.1795937906619332
train:5795,-0.582236846143768,0.24296042415776473
train:5796,-1.3917935890568893,-1.4699335046663087
train:5797,-0.305393726874855,0.015331549015916185
train:5798,-8.802000901584684,-13.814682255156777
train:5799,28.24519242896823,12.232707342887267
train:5800,7.140776502627335,14.152078434862013
train:5801,-0.44711909924886817,-2.5483583533772345
train:5802,-0.6874423315997461,0.13920221841458275
train:5803,-0.12896908052044653,-0.33257807890160285
train:5804,3.1411783593084825,0.7235198180653146
train:5805,-1.3989179692040792,-0.3628541979747644
train:5806,0.30880917895115984,0.3252854124664247
train:5807,2.7306924406790576,7.139327246976099
train:5808,-0.0839130945621819,-0.25445644869896566
train:5809,19.812775342888145,4.736724331805161
train:5810,6.659776701400399,0.17990548742150275
train:5811,18.650521334955332,3.684561483625847
train:5812,-0.015368598176070947,-0.27792729048280634
train:5813,-2.93326788230547,-8.739570161288523
train:5814,4.346278837625983,0.16089850238275621
train:5815,1.9564158848887168,-0.11668248473952453
train:5816,-1.8822953533122946,-9.166705186095697
train:5817,-2.369644518913426,-9.287396231360946
train:5818,17.639404236169543,12.03962449619247
train:5819,0.43113951427901354,0.1560961115355174
train:5820,-13.430192394321363,-1.8408523239864885
train:5821,-4.263795853314799,-1.6786910651997267
train:5822,-3.4542904836727724,-0.33749238715429153
train:5823,-0.4072687831227677,-0.23190933565991523
train:5824,16.26414781286246,5.194519161934008
train:5825,-10.547580968436673,-16.13137169200416
train:5826,1.0413874918345307,0.09993925294548539
train:5827,-3.376904205660503,-10.118047357270667
train:5828,2.0696465261728543,3.664767866880726
train:5829,0.2621774748113589,-0.0176881514248797
train:5830,-4.914595241049011,-5.225134231580216
train:5831,-5.587047648946054,-0.07854561237421112
train:5832,-9.57020657797265,-15.808209577459227
train:5833,-3.735217196848162,-8.037751447749484
train:5834,-0.05162755071942521,0.0017637926802761827
train:5835,-0.44328609532538177,1.1219688925180615
train:5836,-8.83947874891079,-1.1185201272550374
train:5837,-2.4441822536496693,-0.14769651685244317
train:5838,-4.658005975794862,-13.044083341254307
train:5839,18.146866153633606,5.93688264832005
train:5840,-4.110206974649614,-7.985808646826225
train:5841,9.085271085661464,6.467155732329309
train:5842,0.8165487677832025,-0.17008499107076674
train:5843,0.13047512061133587,0.08421917296928179
train:5844,-0.3581584929962984,-0.24145020531151012
train:5845,12.055441162151775,2.1518835020552878
train:5846,4.5859581606513675,3.122554643717188
train:5847,0.8640733440238046,1.0991530065129593
train:5848,-0.9774590918018812,-0.38118532742610656
train:5849,0.12642627921177713,-0.15338739922440064
train:5850,-2.416285405153717,-0.2492394855378488
train:5851,7.330069107329036,13.599295186963493
train:5852,-1.6609502441536876,-0.12055387114066288
train:5853,-0.5791458489231605,-0.3162196631310265
train:5854,-0.10630858634437157,0.3613657579250937
train:5855,-7.6220214879163075,-0.9257966431406468
train:5856,3.5543043061724298,9.674325385586814
train:5857,0.7550059135934291,-0.32408961804542374
train:5858,13.05760954852089,11.51576715413081
train:5859,-1.4442287293936578,-2.910328488068155
train:5860,1.1638251066402598,-0.2276360737569894
train:5861,-0.33163663499142654,-0.28946712340420816
train:5862,-0.28020664408550006,0.29760964330765116
train:5863,-2.9240146495940684,-5.132994179543129
train:5864,-5.030049810317623,-1.2939863611654077
train:5865,-0.07940410207604781,0.2520126805350884
train:5866,-4.908348623217006,-3.1981269850638903
train:5867,2.0674528177596123,0.011454741503997598
train:5868,-24.096304430297955,-10.253873002547854
train:5869,1.1689515082124986,2.9525055260843733
train:5870,1.537100504919866,-0.2034694752027485
train:5871,-9.177330765791622,-1.198077638510387
train:5872,-1.74313236812056,-0.007398597842372248
train:5873,-1.7528040256644122,-0.11197496333093981
train:5874,1.9766127866346195,7.119979017279817
train:5875,-0.40280976915828737,0.3877619309485165
train:5876,2.819113976272487,-0.11080528734969894
train:5877,4.90074706568401,2.652646198889094
train:5878,3.40999980962284,-0.037751111779292135
train:5879,-20.05419781087574,-5.970125530086572
train:5880,-1.8272162329509198,-1.362893672310554
train:5881,5.006764295314943,4.002262827685362
train:5882,0.06424858156788026,0.09277639633588391
train:5883,2.962758291419766,0.09621209662326331
train:5884,-6.0539149189987365,-0.14810252951772082
train:5885,-39.67470726224955,-13.282469554774673
train:5886,-0.20746220844366764,-0.22383202325817397
train:5887,-5.537037512971576,-0.5548779664812771
train:5888,0.004761588054880056,-0.027491516966885995
train:5889,6.4270404410948085,0.1031840730690765
train:5890,2.135944778583427,6.474822324259042
train:5891,-10.592056738627273,-1.1335945244051528
train:5892,-9.059003942506479,-3.803497004782035
train:5893,0.5077574015781359,-0.18677380927731746
train:5894,-1.0682842455994983,0.14036276410398324
train:5895,1.3308930763663556,8.324515594053798
train:5896,0.06259278152257772,0.10867858283606043
train:5897,1.3097665741176918,-0.08152529738240569
train:5898,14.591367158026124,2.9958119268914762
train:5899,-0.7192419214912597,0.09539179696572764
train:5900,-0.6040051655937625,-0.17478124227536096
train:5901,-8.278334785109257,-5.656741958102705
train:5902,-0.023545665464233895,0.21166292501536377
train:5903,1.8697184920632233,-0.08284020206823287
train:5904,-1.5495741547102666,-0.15404542221055426
train:5905,0.05517248203554946,0.04871132534116772
train:5906,-2.797287715339242,-2.8945847263974906
train:5907,-14.269048638752107,-6.004769281188479
train:5908,-8.300991095037007,-3.1547036023925816
train:5909,-1.1990550234017183,0.004626852476290688
train:5910,0.26198499938843167,-0.09460957623293467
train:5911,4.122515465394052,7.635909554094293
train:5912,-2.5052764634357594,-0.5590656318981992
train:5913,0.3123928714119778,-1.8595926759713333
train:5914,-3.4178642774255583,-6.76644048160076
train:5915,3.671502079784678,0.38090344117706326
train:5916,3.107136709689755,0.2889702473144855
train:5917,-3.123698137634956,0.053276043278936216
train:5918,-0.6080192544864039,-0.3642800214403714
train:5919,0.02948328944725398,0.0020869907453452408
train:5920,-2.8871012108752896,0.09180830007918181
train:5921,1.1471820264713029,4.9352873508555355
train:5922,-2.3445687836211513,0.15728633067339914
train:5923,-0.06833525427917173,0.02478839145041742
train:5924,0.14237128728526258,-0.12851591360791909
train:5925,2.6114992455325012,0.8055700416539027
train:5926,-2.3826084825139424,-4.028347845970633
train:5927,14.833942910725026,3.793584871883928
train:5928,-35.04889614189303,-12.941076529997428
train:5929,-0.20883150370786174,0.7906261791449427
train:5930,0.1113576387040351,3.2766491470021486
train:5931,-2.12609034948131,-0.10557363012515145
train:5932,-5.994310766532649,-0.2747131424333666
train:5933,-0.9495413220643064,0.01894685926309339
train:5934,-4.322727736550082,-0.020147909111006668
train:5935,-2.4941803017956543,0.1421115716434443
train:5936,-4.2713442372922055,0.051450127571666816
train:5937,-1.1840368263321106,-0.14593066134618637
train:5938,2.5268832837902084,7.62664344916277
train:5939,7.365598954601846,1.844269846532121
train:5940,8.812762150282017,7.980575217853081
train:5941,3.514109254476038,0.134034045250488
train:5942,1.3298233035447238,0.6926347513246416
train:5943,13.246335884949342,9.276802750434248
train:5944,17.82989167622613,6.5844537328893695
train:5945,-23.79476146071125,-17.58183382078571
train:5946,0.49515549168680933,0.053788052926048484
train:5947,-17.676538683293373,-4.044429143117773
train:5948,-1.8297848965056853,-0.0381869405538611
train:5949,11.458105310009199,2.618438989865806
train:5950,1.4658174180053671,0.03175837064489051
train:5951,1.0722249370696484,-0.10996130599770224
train:5952,-4.881286764720033,0.24167019979206864
train:5953,-2.3746758450654024,-7.766108146200471
train:5954,2.674876195237849,2.4187562261176927
train:5955,-9.716671076490645,-5.799621895113078
train:5956,-4.142620951670109,-3.8273972556039944
train:5957,5.511697996958045,1.6645459007471157
train:5958,6.944749117789104,0.3292986037127092
train:5959,-2.270439710471268,-3.3032902571248233
train:5960,-7.592913067072171,-6.722627634918135
train:5961,-5.083042850430992,-0.23076348403394537
train:5962,-4.9094895282601545,-0.09341372199305767
train:5963,-4.422256126862668,-7.027183926622059
train:5964,-0.15510133851465902,-0.11975796648163825
train:5965,3.384616764536954,6.23560753675416
train:5966,-0.7305814669089071,0.014262306244919684
train:5967,-0.10784106729322135,0.04759286459071908
train:5968,-10.106283174978557,-13.62687557585925
train:5969,0.01370774343091094,-0.17804410899141787
train:5970,2.036162311414247,0.815213627088702
train:5971,2.993370484620081,0.2194025592798203
train:5972,-0.03245730079158762,0.04662234310024688
train:5973,-10.511602011843701,-11.006046987516402
train:5974,-0.41596283753724717,0.1440968394754906
train:5975,0.3148469330542997,0.8028064164424624
train:5976,-18.754261576741584,-5.482890929883225
train:5977,0.8015560248909022,-0.03591050200859211
train:5978,6.77066951016234,13.9793390196741
train:5979,3.6152271942354557,9.017213146044279
train:5980,-0.11482841330778354,-0.553128516968171
train:5981,-0.6856001000457629,0.18773371404897318
train:5982,-5.3123071144602045,-7.91484231221026
train:5983,2.1403698536448306,-0.19054939894453665
train:5984,-0.9774953552873601,0.22876681484862751
train:5985,-1.883425100359911,-2.126740022093
train:5986,0.5567683158068981,0.13913559581630985
train:5987,-0.044498986323911,-0.026774218414174808
train:5988,7.0381303823965125,1.7962584922110132
train:5989,-2.004466338516457,0.06864560564495457
train:5990,5.9109357262582405,1.7595074982845051
train:5991,3.4484198101966808,0.06650569349486152
train:5992,0.7564399484775329,-0.24509333441663855
train:5993,4.0741636865055195,-0.10493878952062383
train:5994,-0.23924599117484419,0.08516258890585282
train:5995,2.1188535189272675,-0.14994042873303076
train:5996,-8.816275697201972,-6.62062915026638
train:5997,19.25998778790713,11.720961332951893
train:5998,5.271550038120315,3.546076640850145
train:5999,0.6591626837635299,0.05469266512229782
train:6000,-0.28206259067565803,0.058758070225044604
train:6001,-16.931184581754966,-4.406499140375697
train:6002,5.123604315695445,7.217982999251399
train:6003,0.49569990888547544,0.19547834144177995
train:6004,-1.4255321131303305,-0.04594697531414854
train:6005,-1.2128225951387797,1.6908813715958808
train:6006,11.490933062697339,4.19353816191738
train:6007,0.6092198444496044,0.5796710358289867
train:6008,21.775012998484094,9.183645812143437
train:6009,-7.872638436061948,-1.0022996437929534
train:6010,-27.51285290754529,-17.506685812506845
train:6011,5.230394236516969,0.33240361624249426
train:6012,-3.3333894178350976,0.3862953064912477
train:6013,-0.41124707344641054,-0.42241087765845925
train:6014,0.21111686004919003,-0.12501701458170694
train:6015,-0.6710405430841689,0.18715322721305794
train:6016,2.3338150923503624,6.579721959143084
train:6017,0.08225363456646344,-0.8457891796905377
train:6018,0.06913299411201852,-0.058923901905147846
train:6019,-3.6503992288950915,-0.20192246137904124
train:6020,2.4755941625778735,-0.044725370798065434
train:6021,-1.7353457144468973,-0.27423023559149556
train:6022,3.922053707164807,-0.1322045515114395
train:6023,1.8161903330807978,0.21325459167260297
train:6024,1.8542930281566972,3.798371427381256
train:6025,0.9068192762195825,-0.5057213668426421
train:6026,0.04473673425599495,0.11844036275194991
train:6027,0.4609727399162502,-0.13295808590989228
train:6028,0.8486022020730694,-0.05502134411702314
train:6029,1.960015035822511,-0.24731841507030528
train:6030,-7.28003078452606,-11.279738898297104
train:6031,-2.2923577330279836,-2.5786227029335707
train:6032,-4.207466572537358,-0.03485117416389105
train:6033,-3.1542882473024476,-10.120349332100927
train:6034,-0.5432473228813142,0.029639001651438346
train:6035,-22.417667687473234,-9.28794861401729
train:6036,1.3300539021190518,1.5585088312248945
train:6037,8.024497187426377,12.967472143889138
train:6038,-1.4021793583147901,-2.8940754273057685
train:6039,-0.9099934341087715,0.00929628344860374
train:6040,10.408488477473162,2.2876435233598715
train:6041,1.435979310745085,0.30385454893526775
train:6042,1.8905558162610157,0.40486817468514535
train:6043,0.8881870508888041,-0.16895098029202743
train:6044,-16.863479724532638,-5.529735033456862
train:6045,0.03861866583084858,-0.03323432787368574
train:6046,-6.223300729838367,-5.132617555004713
train:6047,-2.558786490675445,-2.548737260488611
train:6048,13.96369550553089,5.382420568009379
train:6049,3.506172665237414,-0.21040906764469025
train:6050,4.110339302769744,5.119816826025599
train:6051,0.03952327707278244,0.018277780064164306
train:6052,0.3658309528263062,-0.0739691249196171
train:6053,0.6523578174675642,0.31692463303520113
train:6054,19.363825953993953,7.8456894219922155
train:6055,-1.667446289677481,0.26954455279837075
train:6056,0.32685944507747167,-0.026660232426979846
train:6057,3.122843448066984,0.1396534545566324
train:6058,-16.184926682578467,-5.053382599840788
train:6059,0.012248138140379616,-0.09625174481691606
train:6060,-9.450171651538147,-5.491474545499678
train:6061,2.0676364597694104,-0.24511658812866954
train:6062,-0.0845610719068795,0.07406150930562508
train:6063,-12.281991881761119,-2.4547306344134032
train:6064,4.450376427108928,-0.018273346067525148
train:6065,0.02127611881697862,0.12617857040830643
train:6066,-9.62453857754986,-1.272079509841665
train:6067,-7.161430590350382,-5.985327466000833
train:6068,-10.26518325951698,-8.47066651793487
train:6069,-2.2566902704769465,-8.230662530829033
train:6070,3.745109284185199,0.3384306074828263
train:6071,4.218557911935846,0.2583345516697033
train:6072,-3.5307334461461064,-0.4629171320867607
train:6073,0.44997607040297183,-0.22678160683545723
train:6074,0.2191015681435459,0.002277656917918522
train:6075,2.1582798312231515,-0.07796063172278067
train:6076,5.7291970845317115,9.280852034865465
train:6077,-5.3065598169282575,0.3309181605583046
train:6078,-6.898868078154763,-3.861221563013225
train:6079,4.170790533063302,6.823928733711703
train:6080,-0.9160819803374062,-0.014423644109507736
train:6081,1.6093673551071044,0.19179812052604991
train:6082,-0.29503794472994654,0.10016929350162039
train:6083,-0.5576815848514133,-2.1839642688634986
train:6084,1.1536086832103813,0.017140488086794844
train:6085,23.962370652602075,12.343962231535466
train:6086,5.81375423433922,0.139759451538467
train:6087,7.072620676418922,4.436432742355562
train:6088,0.8036043306748673,-0.11890556814185119
train:6089,0.8917480786711977,-0.13001727597242438
train:6090,0.25510458416438464,-0.010534639098333617
train:6091,-2.1543031087257623,-0.01323670617025613
train:6092,3.688226055421242,5.809816947420485
train:6093,0.1557067191536987,-0.15855828294388552
train:6094,-3.706143179823582,-2.488191727400358
train:6095,0.18282320533713073,2.8713754647203253
train:6096,3.07459255605472,9.334908498349774
train:6097,1.7671646577537796,5.16628430506082
train:6098,-1.5684776588074172,-2.6034274232909693
train:6099,2.3414085732263774,-0.05793333657086977
train:6100,1.2791906444028558,3.8695075283611295
train:6101,-8.401577635259212,-2.5238038600805868
train:6102,-0.9225905786061729,-5.865304643969655
train:6103,-0.22590718866192444,-0.016296352562459177
train:6104,3.668629360851665,0.1254702594866256
train:6105,-17.511913617214066,-12.237637760299958
train:6106,-22.80736626042652,-9.54575267570922
train:6107,1.6514362526781534,-0.09899168833389521
train:6108,0.07560126087610188,0.04033870506271363
train:6109,-5.6022941200075875,-2.423269075339495
train:6110,-4.766453323869371,-8.66154668172317
train:6111,-3.061547172688688,-9.70973614102219
train:6112,-16.968818641018522,-22.937651601497812
train:6113,3.8343767353148994,0.12698046682135128
train:6114,-2.1209188510104626,-5.99076227221883
train:6115,1.7407539147877475,5.092678174816499
train:6116,0.06885009243363396,0.6179746786811975
train:6117,5.643447888868199,0.7907346013605474
train:6118,0.6044127242703493,0.01823655109007251
train:6119,-8.556591947853612,-10.439337761988318
train:6120,3.32241396140311,0.38791051218213796
train:6121,-1.513691203370517,-0.04540186835911483
train:6122,0.20937574782971563,-0.12229461834435856
train:6123,6.834981406909974,1.0752461932937396
train:6124,0.40621627159234264,-0.2130287480988342
train:6125,-0.44781345201249567,-0.09282973996729726
train:6126,2.150720056791973,0.3613179665537416
train:6127,2.026693124997653,2.7536471991572857
train:6128,-2.1241848892859787,-7.003371554859063
train:6129,1.201273896686335,-0.17097562250763548
train:6130,-0.03258120103364101,0.1621925785903225
train:6131,-1.7386198887608222,-0.15652679300939717
train:6132,-1.044620461658503,0.23777698628699934
train:6133,7.1803297371223955,0.38176496980869074
train:6134,-4.162386410922108,-11.486092624181916
train:6135,5.755865623686181,6.690791959381514
train:6136,0.5346224841747372,-0.10531855259686035
train:6137,5.122064512312028,0.5738614596631042
train:6138,-1.1725933720810713,-1.1512399546732002
train:6139,0.299911374889101,-0.06915560652919778
train:6140,1.3629262867893206,-0.05163800034691601
train:6141,-0.6697924747922653,0.11307389106194655
train:6142,-3.6329020971514554,-2.6359703513047243
train:6143,0.5292568830732809,-0.0010927047184780408
train:6144,1.038022310119548,0.13940422612155154
train:6145,3.034215024639732,10.478748606898515
train:6146,-6.280205577218667,-2.4034172529838917
train:6147,-3.3025831220041733,-7.377769443352864
train:6148,-0.39737559287595725,-0.004288092871401986
train:6149,0.9050507339277586,-0.3591308221640075
train:6150,-0.45881151627521555,0.39545084929501584
train:6151,7.46756815643706,1.104944607416781
train:6152,-6.1645371463690255,-2.797414168877965
train:6153,1.2003296513144384,2.2323005446909248
train:6154,-0.93847212558007,0.2919228980991839
train:6155,-1.3242579614334646,-0.637340765132403
train:6156,-5.025418312338877,-0.05277086983917528
train:6157,-8.611024369390611,-7.180423891655082
train:6158,-1.2429575515718612,0.052811967663986034
train:6159,-9.84899839466958,-12.652029750914139
train:6160,15.06946866991362,10.754643200585713
train:6161,1.74250269812915,-0.053659932007133954
train:6162,1.3255149225199254,1.2203514962793995
train:6163,0.1475687048498978,-0.05490964070278828
train:6164,0.37263116995746687,-0.22232495446126843
train:6165,15.348221433626188,6.663532902448769
train:6166,-0.09952859308011264,-0.020769125608178673
train:6167,2.1294071230346288,1.3032729494346955
train:6168,0.0860671119977688,-0.11686994104387266
train:6169,9.333727102005737,9.514680520827753
train:6170,2.178293555875737,0.5435481774489359
train:6171,-3.555280106483572,-7.394282146789463
train:6172,-1.4966713083941148,0.10217382054301756
train:6173,1.6693745901617847,3.2031637078030935
train:6174,-0.28327916087600774,0.058209539410570756
train:6175,5.290832914065554,1.5105438416670387
train:6176,5.641660749917155,0.05514361594272743
train:6177,3.9945664981702302,1.9688198667080372
train:6178,7.320425809690494,8.49197085283908
train:6179,3.1165150049344112,3.3480243474995928
train:6180,5.071447660330497,0.9730019040663436
train:6181,-1.6690088739684432,-2.603003150042011
train:6182,1.1848386341841617,0.8770391129643305
train:6183,-0.18159925332078508,-0.2813487246891851
train:6184,-2.9115218788465396,0.19133233298137967
train:6185,-0.4223843801950402,-0.21856869533380507
train:6186,0.7202585207573021,-0.0907956821382288
train:6187,-0.12403468945465446,0.11108655464815514
train:6188,-1.0984880096716938,0.25981551353837773
train:6189,2.287992924032233,-0.12826340397420813
train:6190,9.097481652105328,0.7250850924727026
train:6191,-2.913583318521079,-1.8236684014388111
train:6192,4.101484968398612,0.3465842434179209
train:6193,4.19419721819058,0.3557604007087349
train:6194,0.403582287272067,0.07683932926766088
train:6195,0.3806516766208213,-0.3144816978131259
train:6196,9.750913396952136,4.050562356842683
train:6197,5.38307885262758,-0.10264237846195398
train:6198,-0.5200100998111784,0.1618751582880587
train:6199,2.919348109802473,0.48664905466444164
train:6200,1.7053969002165643,0.31315788833820235
train:6201,0.7379426651552198,0.018576297809102277
train:6202,-0.9595970006210518,0.2922177779934667
train:6203,-13.257845065500945,-7.039133196068179
train:6204,11.754508162987488,1.5661952530072187
train:6205,0.12530187870368664,0.5921768250949406
train:6206,7.701245407699183,10.135898159286246
train:6207,0.17028324556683094,-0.2670275766159024
train:6208,1.652336098526162,0.31953989100423486
train:6209,-2.037063725088509,0.6282614503779098
train:6210,6.556891614098599,0.532213918754753
train:6211,-5.842030162843593,-5.786446883987385
train:6212,-7.201278581894081,-0.35490135712975357
train:6213,-2.255555874264525,-1.179727891823339
train:6214,-1.3525797435925941,-2.0666448691819372
train:6215,-6.745171338866102,-2.363729871605026
train:6216,-0.13002978747070842,0.5359852285976721
train:6217,-2.732492305451887,0.03803031049600325
train:6218,-35.78631318927633,-12.098883573914964
train:6219,0.24094752864578398,0.15453711420376962
train:6220,-1.220698047860218,2.120568027650826
train:6221,1.1607117934285882,-0.02081442041535564
train:6222,-6.137237250634036,-2.9087977375767884
train:6223,2.2294139124056502,0.10143020107086023
train:6224,-6.653695301995785,-0.09154821791101153
train:6225,9.193833733023135,2.4637445978747694
train:6226,-1.8805226267721462,-1.1343693152642966
train:6227,1.9189677922173622,4.204254556643426
train:6228,0.25332453518966835,-0.07783138102891507
train:6229,0.3981237028745106,0.581792116752159
train:6230,25.785246803669118,8.979890795573697
train:6231,-1.153286785395327,-6.6794927124046595
train:6232,0.9005250044483264,0.127594336286808
train:6233,-3.822210741471734,-0.2790511723440352
train:6234,-1.1009346326503278,-0.48724351074820854
train:6235,0.1749182304191807,-0.4670624272431109
train:6236,0.1333202932428788,0.1986181632092065
train:6237,6.826250275406174,0.45079725182340263
train:6238,-0.8251008470605812,0.1947158194122968
train:6239,1.610469323395011,0.19171109743194614
train:6240,-3.3965650587043887,0.1464258485292469
train:6241,-0.9899676697097471,0.2670462766935421
train:6242,-6.766839236356309,-0.17351348698724084
train:6243,-1.727202469832691,-0.5365874240303818
train:6244,6.625049299972933,0.07631961593680828
train:6245,-0.15011929350961561,0.012676488680890718
train:6246,-0.1859462224134648,0.5284054457708275
train:6247,-0.27560385469942494,-0.1143758021025342
train:6248,-19.1167718339152,-11.948488265433465
train:6249,2.0616139316810065,-0.1643045177101254
train:6250,-0.13447973556381898,-0.04381769139440095
train:6251,-6.454459993442099,0.28129794895235183
train:6252,6.234392999069816,0.13415602024304332
train:6253,-3.5706595436585284,-5.342398564189115
train:6254,-0.9648087143674625,0.19328471749671955
train:6255,8.36281598045363,1.7003413525682023
train:6256,2.751016729540617,-0.5235637760241054
train:6257,0.6223115438531381,1.4098574084849105
train:6258,-0.17980920864173805,0.18931739170085204
train:6259,0.0389235348129368,-0.052559232527531086
train:6260,0.10971973794323184,-4.009368251807408
train:6261,-1.8439718229081579,0.14689591589821732
train:6262,1.3581467129115352,0.11831118338848931
train:6263,11.428824870067276,4.341137318522758
train:6264,-4.731374445582647,-11.933484913366732
train:6265,3.2213908646057146,0.09124650180937738
train:6266,-1.9395793400824433,-0.2545809915861011
train:6267,-1.002929308727861,0.14368483505619267
train:6268,39.27965965211129,16.794868798940456
train:6269,0.31989429882485343,-0.12663921065228748
train:6270,-0.23819655844923443,0.09478720045292136
train:6271,-7.092351440011696,-1.1379967516803244
train:6272,-6.463620707773881,-5.023005548244546
train:6273,2.2213978224488606,-0.12997276579970246
train:6274,-1.1202730661149864,-0.3055986371564696
train:6275,-0.22746349658039988,-0.10073471811055101
train:6276,-2.688867797337083,-6.141073125500806
train:6277,-8.370206000987999,-2.1997284310299943
train:6278,1.7097358494999555,-1.71211264114231
train:6279,-2.7841203507785064,-0.20241435585194262
train:6280,17.242101489261188,11.143626730294548
train:6281,-0.33949546694868693,-0.025442194431146883
train:6282,-34.75044579673462,-11.327090874354363
train:6283,-0.5766808617435468,0.08913626310776562
train:6284,0.5144198872019483,-0.09926238722088199
train:6285,-33.17877889740937,-13.908701435383266
train:6286,1.4463657773777068,-0.2684560393064945
train:6287,4.401651320286553,0.21090197225479065
train:6288,-0.3885570570738237,-0.4647978295450725
train:6289,-1.8002826914025647,-0.024504627587786112
train:6290,-0.12346144743419735,0.08948135960717063
train:6291,-4.490227846144802,-2.782049884961917
train:6292,2.3243180109449386,0.1561742896594008
train:6293,-20.135314578727545,-8.437625703694193
train:6294,7.927910788602397,3.2021562371628294
train:6295,6.6823679230208795,1.7801694913801336
train:6296,-0.8035984598374329,0.053644678811992245
train:6297,4.739788795886413,10.619444121586074
train:6298,-0.4895424956362987,0.5745685579678999
train:6299,9.011935160027315,4.507570269943535
train:6300,0.2115843335703333,0.35056191212251386
train:6301,-11.21983253241414,-2.668795462400672
train:6302,0.600482320344198,0.43558939548552633
train:6303,-0.5595138207010658,-0.11783760931814474
train:6304,14.338065782122074,3.8043822979500574
train:6305,-5.874871863026149,-7.81897139466989
train:6306,-14.9654209995709,-8.971002516285948
train:6307,-5.001595991878031,-6.654927662208071
train:6308,9.985712026765226,9.1105840755501
train:6309,2.7324672593433683,-0.16935599433163506
train:6310,0.35753719150153757,0.01773352907399063
train:6311,0.30050925748302465,-0.011359860553814508
train:6312,1.2645659991339917,0.3290475206870983
train:6313,-2.249750927088996,0.07846937168279176
train:6314,1.629096783331864,0.7345497812517543
train:6315,0.558419815374756,-0.1302748500648906
train:6316,-7.320935996146416,-0.6007469834185217
train:6317,-0.13321725486101987,-0.010731867668167194
train:6318,40.52417784176979,12.569277290999823
train:6319,1.360711192217976,0.8568461886120025
train:6320,1.9883623883880683,-0.2887553886230872
train:6321,-0.4945275625984654,0.11465706940099041
train:6322,-0.9027618907128264,0.2078768497786091
train:6323,-0.8231468030930376,0.020498652223935876
train:6324,6.8407380027715305,2.2332549455098665
train:6325,-4.765247330518952,-0.15756736095758242
train:6326,-1.1052711411221963,-5.124129807452584
train:6327,-0.19258034813196673,0.0642124209740118
train:6328,-14.599797661643851,-7.582162439064953
train:6329,-5.934766123376067,-0.7267898063103428
train:6330,-0.5651981220499052,-0.03699607944233432
train:6331,-14.56077257227064,-2.5683314374213433
train:6332,-5.53288859829959,-1.1607373127777432
train:6333,0.1001994107137828,0.027654447123442047
train:6334,-9.760577788909112,-1.6038011303261601
train:6335,-10.024802842439001,-4.08439414243291
train:6336,-2.7738931180404567,-2.080854456501795
train:6337,0.2867094902796886,0.3504615502426745
train:6338,0.20498089233954442,-0.17737795433909387
train:6339,-9.338637258033115,-1.43224851041669
train:6340,0.8757512324101364,1.6086337054462443
train:6341,1.2531588083684313,0.028547717785295898
train:6342,0.18402606050130565,0.2515821302104897
train:6343,3.4474434855876295,0.3158827811397258
train:6344,-3.9292456732784813,-5.410477444010556
train:6345,0.9477172816344909,-0.3919604984058751
train:6346,26.052451042006055,9.580750736444305
train:6347,0.9596747010547235,-0.40155301127069226
train:6348,22.70622769126515,6.551391804848812
train:6349,8.509819782089007,0.5774754859629914
train:6350,0.24482539700963868,0.8213220776515475
train:6351,-0.5007567460624514,-0.2628918397338225
train:6352,-0.4044481348355712,0.15213870066594531
train:6353,2.3323994216672386,1.4214443194736142
train:6354,0.1601063400377951,-0.052696828878782076
train:6355,6.258417093283199,9.520925640446585
train:6356,4.715427637224667,3.592270211130154
train:6357,-0.8576291935352792,0.23437081678729121
train:6358,-2.466575885765937,0.09879411462356559
train:6359,-3.8729759018105443,-0.01815450961278997
train:6360,0.8216874896421745,-0.12010720014453344
train:6361,11.954980149379304,3.9199084512498414
train:6362,5.339868585096903,0.11982274600091003
train:6363,2.5962892704146867,0.06094834164106985
train:6364,32.203310956355075,12.247902431082649
train:6365,0.044937229488210786,-0.05742960125073787
train:6366,6.395068134730789,0.7629815100427506
train:6367,4.461575335291224,0.6774176576993174
train:6368,-0.16334477263041342,-0.08589342872398564
train:6369,-0.23242159838669746,1.2963058234564226
train:6370,-0.1836420963361043,0.18060117286149802
train:6371,2.0452723498496543,0.21160043958058103
train:6372,16.581546294100153,17.64694986108607
train:6373,0.12811694799311718,-0.13251569473806304
train:6374,-1.9126897331414954,0.1416942887741761
train:6375,-1.883673133302258,-3.7046222212261752
train:6376,-0.14224907109858304,-0.0654696078506625
train:6377,-0.8981722352173255,0.28045082906253505
train:6378,1.5681971410928632,4.018631443703854
train:6379,2.9007275073837073,4.11261239083326
train:6380,-9.941960304611579,-1.3498316485463862
train:6381,-0.027558010920073345,-0.2511385862406514
train:6382,1.4347916815956467,0.690332598168369
train:6383,1.0268311892883002,-0.1632396974242391
train:6384,7.213559177649689,0.28830273738446643
train:6385,-0.6559186696394096,-0.00877185079949197
train:6386,20.277206450583005,8.161890830295325
train:6387,-0.04240802445285999,-0.07630105851997851
train:6388,0.6057688856439692,-0.20198009634628372
train:6389,2.8118266428988816,0.14541046021402773
train:6390,13.662147886779382,5.81937465104766
train:6391,-3.367312513751297,0.07220727542756945
train:6392,-2.9627682277426683,-6.512832359652732
train:6393,2.907319093244243,8.715841043619694
train:6394,1.9537593521191368,0.07168057171702655
train:6395,17.241645871110297,4.389078483725343
train:6396,0.6343947231813462,2.785093636185333
train:6397,2.4798455913338104,0.3860839545012235
train:6398,-0.31620303504649167,0.10787447518046045
train:6399,-1.4268264406120434,-9.638595189574778
train:6400,-10.300456472892554,-0.35258212034148273
train:6401,5.3978194945583295,0.22714604538614705
train:6402,26.257142610374892,7.329370847774523
train:6403,-3.456708049371375,0.004359720109554072
train:6404,2.556808562890584,8.418787569235617
train:6405,-0.5847339125605362,-2.158191024266968
train:6406,11.79414787194792,4.483941645303828
train:6407,-0.021767011238959078,-4.035181013448311
train:6408,0.03889296655434388,-0.032595849418502965
train:6409,-12.92572081965988,-9.585804983440083
train:6410,4.271181808363697,-0.013458543729815767
train:6411,0.5317572039054126,-0.39573045297109904
train:6412,-17.351642029058166,-4.695481436772864
train:6413,-0.3662645442920649,-0.4763616294825554
train:6414,4.444250687561853,0.2767616205157746
train:6415,2.857426581139332,5.143090510570011
train:6416,-0.6309933348285764,-0.34286021412198997
train:6417,-4.570318078407663,-7.60348965951764
train:6418,-3.5997014814459534,0.0815150373156142
train:6419,10.836544519733662,4.637794195855019
train:6420,-8.652745974350726,-4.9375865322884716
train:6421,5.52760557925485,12.931366404806289
train:6422,0.2296067047078151,-0.2370375637972082
train:6423,10.135049709132714,4.484983354538493
train:6424,0.4049954009145483,0.0678412839981396
train:6425,-9.764473789015707,-1.4941621606729023
train:6426,-1.4442133871498015,-1.6206609275135033
train:6427,6.383395941571344,2.945115125482812
train:6428,-7.69928967714253,-3.1267035652126642
train:6429,-0.4358869495382163,0.007815892223169363
train:6430,1.3296496572392567,0.5733139274743003
train:6431,3.389589046295907,0.20198181978753277
train:6432,-1.1746929349070117,0.24129571516580234
train:6433,0.9403399869219089,0.003501544006961746
train:6434,-24.1849640031294,-8.830842264957532
train:6435,-2.2232957845990757,-0.1443716640144386
train:6436,0.05663324961728203,-0.1908534091306599
train:6437,-6.325920814746282,-2.58941955835646
train:6438,0.8465742363851262,-0.06820890939399663
train:6439,0.8076228362740734,0.10432008109915589
train:6440,-6.345756011470355,-1.7233304886155278
train:6441,5.720506865678196,1.8175741571380901
train:6442,0.9859836273115261,-0.14898110611614404
train:6443,12.569357980031107,12.684612278814198
train:6444,3.1412748294781863,0.385106228639846
train:6445,-0.17242296428690645,-0.024248836755444994
train:6446,-0.912387753983349,-0.02186369067295127
train:6447,-2.1992777342999394,-0.7841113477532655
train:6448,0.1272505761317045,0.174208327973905
train:6449,-2.0702840997444323,1.3485566290684847
train:6450,-5.015019060503041,-10.802953917105091
train:6451,6.649247272950023,14.7083072266438
train:6452,16.77126197279911,6.837846722335909
train:6453,-1.3284496484216568,-3.673249967819331
train:6454,-1.2910945390464028,-6.216235970503915
train:6455,8.728908884025985,0.30672652503190767
train:6456,-0.22652750347603223,0.1369586631860202
train:6457,-8.37269609365756,-1.6081141945950777
train:6458,-3.033498296503612,0.03956676741977006
train:6459,0.36735390298730564,-0.19790912747194672
train:6460,-8.546501400560828,-1.6440097943047887
train:6461,1.7629964490478525,6.032103603210031
train:6462,0.36834394263253145,-0.033071123907038646
train:6463,-1.4812916387609176,-0.19099064882988587
train:6464,20.357594229393385,4.080198142870131
train:6465,-1.4057450352619885,-3.9316104066702864
train:6466,3.940150348710049,-0.005905795126467342
train:6467,3.44647785405763,0.26702416426799114
train:6468,2.5049910640981605,-0.09834572018618712
train:6469,11.315852024971576,2.568988187971736
train:6470,0.7650707742506643,-0.14561966078037286
train:6471,-0.5867107374356244,-2.0673901292534094
train:6472,-0.5172503555829274,0.0014780430778337517
train:6473,3.370773178955331,-0.0155656438936074
train:6474,10.611183694474732,17.06325943402133
train:6475,1.1460269414754993,5.320751723703137
train:6476,-2.2815874778407093,-0.1572984453307207
train:6477,-0.07215024268903872,3.92861275791156
train:6478,-1.0408418529632355,0.09238714631578199
train:6479,-8.31813256567306,-9.061297108084794
train:6480,-1.9490208639684474,-1.0321893660622132
train:6481,2.9649643201197406,7.221110124206735
train:6482,-0.8949236313098282,0.28764735362329796
train:6483,-17.10485320321297,-8.541689346231598
train:6484,-13.406443530664436,-2.918437899152148
train:6485,-2.1159842274864302,0.004794478928047977
train:6486,1.9326844555998086,1.108694304146984
train:6487,7.415536563605365,0.9749947329213202
train:6488,27.0910428451235,9.348165682102032
train:6489,1.2156546932611767,4.6051899236929605
train:6490,-4.364185268949273,0.011374566128774105
train:6491,-1.7891349240331236,-0.13549124258276743
train:6492,-0.8104838729136454,0.15118586911591386
train:6493,-0.6435226015198247,0.21409514916515954
train:6494,-2.01992643870078,-0.4447492066020657
train:6495,14.223013830525575,3.0159359460725716
train:6496,0.023143920777389387,-0.049509786383243465
train:6497,-2.6506595662201105,-1.8607764753727647
train:6498,8.570695946045742,0.736475559526028
train:6499,-9.937340894461325,-6.299295376662487
train:6500,0.002885650056060507,-0.24961382750330513
train:6501,-2.9861154035604427,-0.7523426399554141
train:6502,-6.2867525310970755,-5.452582926119026
train:6503,-0.5310881297085444,-0.01712464122535519
train:6504,1.8331200342599834,0.10485291922452906
train:6505,-0.06361949018833502,0.10537548577158179
train:6506,8.407499103394533,1.67683498824267
train:6507,-1.2452435459064821,0.04187059684056024
train:6508,1.7450732213498377,0.01201896500757213
train:6509,-0.7042723081938642,0.13267948085947912
train:6510,-2.594056449635655,0.2788150802150039
train:6511,0.9348253800884522,-0.037479342936230314
train:6512,22.73015973201539,13.175306118338577
train:6513,0.7762253991381928,-0.6856086235899022
train:6514,-0.8781285234517476,0.2757899577388223
train:6515,-1.9178265953345455,-0.11618845035447303
train:6516,0.04182821675398381,-0.016911791296825934
train:6517,0.992798837999183,0.6534831682829565
train:6518,-0.18083586045980327,0.013848875217521706
train:6519,0.7926769337171835,0.3320472495390987
train:6520,-0.6862942203511501,0.11365081137761164
train:6521,-6.629547539998589,-0.02192603344692398
train:6522,-7.186792714194646,-1.2018515875782911
train:6523,-0.051151127556032294,-0.06182576544148405
train:6524,-36.579155719798976,-13.707506324388277
train:6525,5.575754189641404,0.3546541374575418
train:6526,1.808841165815286,3.3064455691016645
train:6527,-11.160548242486637,-4.064082666947467
train:6528,0.5301941546979699,-0.19850894484761777
train:6529,-0.28792658224421086,-0.30434422065408506
train:6530,14.41133290011711,12.659880600791523
train:6531,-0.12301164073931314,-0.3973987284833116
train:6532,-0.608612022999042,0.09361624052439044
train:6533,16.34146900256746,5.856842515544449
train:6534,-0.7306735203720462,-0.025116642462712724
train:6535,29.220758294323108,19.32593064048148
train:6536,2.896053237088755,1.3002593824841244
train:6537,4.353775150957572,0.08269027706844531
train:6538,8.057916313877714,13.265915134562677
train:6539,-4.0720457000971715,0.3073198513407234
train:6540,0.7185332156981648,-0.1362220225820242
train:6541,-0.4791044232743418,0.06713489899739387
train:6542,1.5455034053884322,-0.2395939028517094
train:6543,-3.7628595035710397,-1.1228715672818466
train:6544,2.0029475157560896,-0.10706429292890626
train:6545,-1.6860101722856258,0.22416607505633246
train:6546,5.261608264101293,0.3087600122177361
train:6547,1.8169414056550464,-0.12109783680921651
train:6548,-5.497659087073184,-0.5690762835971446
train:6549,2.5684191546163637,0.2160705734013154
train:6550,0.020904650549058712,0.04995119044093163
train:6551,1.2517880021256755,-0.22704003689278346
train:6552,-2.8727892219395623,-3.354587375221994
train:6553,-3.0803214300042594,-0.03014429472895136
train:6554,6.571250094682376,0.35393127513324035
train:6555,2.3287633098732443,-0.19553040112590325
train:6556,1.3183970512034628,0.029322437314034583
train:6557,0.20589491814020838,-0.019521913476699446
train:6558,-39.232363406710306,-14.947703538517887
train:6559,2.7869596551063514,6.650171290983588
train:6560,0.16730231732298187,-0.029992360966294748
train:6561,-1.510722944100762,0.01765520828929723
train:6562,0.8018980871914304,-0.20421587656070095
train:6563,-15.177231369089164,-1.5113195483099184
train:6564,-3.866318297809777,-1.4965742696484872
train:6565,-1.4739375898723606,0.23464030305739295
train:6566,14.214104171093265,5.90422017054751
train:6567,1.5780552301453956,-0.2320496425665563
train:6568,-0.6052009307816099,-0.6518575011762044
train:6569,-2.4781392884689453,-0.1936327270312007
train:6570,17.07400070757366,5.842263722048296
train:6571,6.8973099699517935,7.645153403939455
train:6572,-3.76403016326894,0.12590965478144472
train:6573,8.357895304424014,4.558889072483828
train:6574,2.2724670381659187,9.809657995104619
train:6575,1.1883324815351228,-0.014928663376929704
train:6576,-5.647034892592073,-2.6243312264595584
train:6577,14.092244912389278,9.126512440308913
train:6578,-15.1585212702479,-7.946303015319307
train:6579,0.25669424984033595,1.6994056403153714
train:6580,9.839652935418227,1.5456345490866947
train:6581,0.8329319596395597,-0.09150684627610975
train:6582,-0.7303250654699112,-0.17833934553772568
train:6583,-0.6130319839791603,0.24966227235983118
train:6584,20.852938563709685,14.97573918108143
train:6585,-0.012861303596731738,-0.19131035170510974
train:6586,-2.3745949495977956,0.130653055383746
train:6587,-2.2796480787423015,-0.08411252250227319
train:6588,2.540252654561721,3.509671599387902
train:6589,-2.6680641795841273,2.219795754050641
train:6590,-0.06319095342243367,0.07585190247120294
train:6591,0.9937442456622808,-0.07237945551371797
train:6592,-5.470442876304684,-0.2690379527505098
train:6593,-15.475028971508955,-7.995500451614808
train:6594,4.385413647288593,2.2105150977164976
train:6595,-8.49991769904764,-2.615693399735303
train:6596,-7.868797296100052,-3.054469546638983
train:6597,11.750176071222183,11.320897052808256
train:6598,2.7720544327415055,0.15708346700157033
train:6599,9.51547969122668,3.2166465809567795
train:6600,1.307302284312799,-0.05224445145025239
train:6601,14.135777831957423,9.478226689368487
train:6602,-2.245645482107936,-0.02740235396063212
train:6603,2.9262644398246387,0.3794902431931418
train:6604,-0.36815291880673784,-0.08491777144435322
train:6605,-1.7172128094161767,0.8823690634869723
train:6606,-1.8516350412562477,-0.007216277327184328
train:6607,-0.16168734537742913,-0.06179644864502776
train:6608,-12.937944403765199,-4.797919887362679
train:6609,-3.6931775890153844,-2.24424859000863
train:6610,7.3551392636235455,0.27514570152083434
train:6611,-0.4159764363443018,-0.9439857537556278
train:6612,1.6186619653852707,1.8819862261599412
train:6613,28.94691132931278,14.47029535508889
train:6614,16.445522889901238,16.591320355223605
train:6615,1.2146760440697228,-0.12863688997480435
train:6616,9.541844175002904,17.306059002360048
train:6617,-8.598433501265696,-8.824487581836616
train:6618,9.993522623637634,3.238794386388623
train:6619,2.932923903491328,4.802411075164417
train:6620,-2.906815529314433,0.024230445022483157
train:6621,-2.5006431057910916,-9.43192133283231
train:6622,1.3309497961769763,0.2372543484095416
train:6623,1.7227539758704498,-2.272433230276696
train:6624,0.019200964106264623,3.419546203309723
train:6625,6.23414659333515,3.3351440736073723
train:6626,-7.236230073065148,-1.7234112346339914
train:6627,0.38625682593885546,-0.32265958608592155
train:6628,-1.6075755076098277,0.033394404814041656
train:6629,2.883979588548397,0.14002722587884864
train:6630,-29.3769057814573,-10.103973012398695
train:6631,-10.63223761037101,-3.8521312161996297
train:6632,-0.2384743460463335,-0.12953736500756352
train:6633,-1.3876005073192554,-1.8319005008194091
train:6634,-5.671560166771435,-1.7691808169866616
train:6635,0.07166690515986639,-0.009799579274776662
train:6636,2.6010486204255705,0.3356200468648941
train:6637,-2.7000876267610017,-0.45501415119484706
train:6638,0.08933082569088233,0.061099134117246406
train:6639,2.3435934482264895,7.034742607160551
train:6640,-2.939013320171495,-0.9764131265132778
train:6641,-0.9641978141120847,-0.012566271693631975
train:6642,7.031045055233684,2.6263606593238307
train:6643,13.352970058749898,14.984062583380432
train:6644,2.4701211657694215,2.8818205185857395
train:6645,-0.11060092775059249,-0.05983857168850262
train:6646,7.162497400596318,4.52652789434202
train:6647,14.441186117163008,2.491513096560047
train:6648,0.05307861443649532,0.00044496482217383504
train:6649,-1.582592058238932,-4.120804890327554
train:6650,-0.11548162096288672,-0.15895017218897256
train:6651,4.640476126820778,0.4192344035743901
train:6652,0.5434638008844153,0.10335062956475874
train:6653,-2.9098365566047253,-0.324578088658885
train:6654,-0.3633278993429835,-0.10286920914986383
train:6655,4.264400536579117,-0.11328658681813683
train:6656,-3.3965715675351156,-0.4342795437469254
train:6657,2.8338653112822874,8.012930118919249
train:6658,2.2266653261729314,-0.3629089083954018
train:6659,2.512893249517228,4.4601543818433935
train:6660,8.331448065514262,5.076107836412659
train:6661,-0.3961098577577946,0.3384298941787763
train:6662,-0.028668696391989046,0.051206177586556205
train:6663,-3.897357981713913,-2.380870282605651
train:6664,-0.7974252988093473,1.4550559196151258
train:6665,0.5988762663623091,-0.3070159723038813
train:6666,-1.477751997136627,0.27690199875282073
train:6667,-2.794055615966802,-0.1860061514586741
train:6668,-2.5420713484520108,0.058934826968642294
train:6669,-5.003752274514593,-8.244033843229294
train:6670,-2.4070133433248553,0.0898718222441576
train:6671,2.993035977212361,1.8831148158279003
train:6672,12.0552235812389,15.410247487192963
train:6673,0.969597645956286,-0.04534016755878717
train:6674,7.748834258643214,5.587691213024625
train:6675,0.4051777644040246,-0.013854998120823012
train:6676,-0.1449245492147433,-0.3374361074647441
train:6677,3.0106702593177452,0.3323094601078901
train:6678,0.5275885302830048,-0.27439814736487284
train:6679,2.185876808589181,0.22875982446893722
train:6680,1.0782370045372407,-0.08784146208462035
train:6681,8.575823044992703,2.5115169953391168
train:6682,-0.6076287246427835,0.13498002908163914
train:6683,-11.026973088474039,-4.092320662358475
train:6684,-2.592538497326821,-4.546698195444434
train:6685,0.6703669384853517,0.9078629782175109
train:6686,-2.7195048635691053,-0.1451766989653036
train:6687,-1.6654039115786423,-5.484050476946955
train:6688,0.9423488910341515,-0.13928637678095745
train:6689,-0.33779794064925944,-0.44440674932764573
train:6690,-1.527870923567542,0.24591307494246314
train:6691,5.24287956860081,2.489939262504058
train:6692,4.712658129750325,0.13815366146103716
train:6693,4.7570158111548775,3.1026369120673616
train:6694,-3.9444354245293938,-0.2950245465884048
train:6695,3.6990683726629943,2.5433580321676414
train:6696,-0.2699447750696527,-0.09054488443423792
train:6697,14.296301404845753,3.1812127742890586
train:6698,-0.029324228629494742,0.41624309171018004
train:6699,5.426416507273915,0.359741207951148
train:6700,9.449032898000588,3.330552107454893
train:6701,4.229640126081536,0.9898879508427278
train:6702,0.40032066570311575,3.428206285120339
train:6703,0.6462217335287984,3.44270804177909
train:6704,-0.06199809396258951,-0.010415445991573444
train:6705,-0.20555977020545957,0.025890660198930354
train:6706,37.897834888767704,19.072441782970618
train:6707,1.7149368701673144,3.648622372369084
train:6708,2.978610083738911,0.116901480594413
train:6709,-0.8947774150767108,-0.10686199990031747
train:6710,-0.4421284532889356,0.10376498788742175
train:6711,2.8048589396056207,7.342042551562514
train:6712,-27.552791092886206,-12.66701255982423
train:6713,0.30270238475066563,0.09417290300503464
train:6714,0.08162750829634939,0.11041212566885081
train:6715,2.446823503556821,4.574568066146749
train:6716,2.3898228833815374,4.398954606280452
train:6717,6.7575941990647435,6.7204671197925245
train:6718,-1.225043389745216,-1.2046377531977122
train:6719,-12.260635478312848,-5.312012952944274
train:6720,0.8842624584186591,0.13107226417394924
train:6721,-13.732334176334952,-2.5128749007476316
train:6722,-0.008709831884102487,-0.06678900635200488
train:6723,-1.9257073945955097,-9.747146370551738
train:6724,1.0364438024391287,-0.2752361369628493
train:6725,-2.116916385029834,-0.13281014664991583
train:6726,-0.515463681548364,0.039567480723820096
train:6727,-10.05948561188434,-2.9942469976245842
train:6728,0.396484523593386,0.07348187843456988
train:6729,1.1069723299057754,3.184731075185432
train:6730,-0.3353787477429751,0.08699471035835749
train:6731,4.424844143832801,0.31886824391072566
train:6732,1.1237053714137093,0.44681986844042965
train:6733,-1.158263948777325,-1.7303716555541941
train:6734,-8.359426447471115,-8.590432550508037
train:6735,0.8957949441757143,-0.15993923958474554
train:6736,-0.12645132532029607,-0.3681648179576503
train:6737,-0.26572635538383144,-4.846042231793971
train:6738,0.5319378239580871,0.8716860513904676
train:6739,24.552219489742672,9.10667345742621
train:6740,-13.196169245197748,-15.203621053658296
train:6741,-6.006534350637969,0.31189583948248245
train:6742,8.422545660369453,4.56081271084595
train:6743,-4.37293406727933,-13.277604250510223
train:6744,4.091965803460364,0.016580687068330505
train:6745,-1.9531679189745121,-1.5685569198749374
train:6746,0.1815277155642161,0.011397249197565101
train:6747,4.604339098624435,1.2881323576687371
train:6748,5.486416768581388,5.536246013006668
train:6749,-3.0674711384832256,-0.08214187740325249
train:6750,32.57754640716691,11.295479461611071
train:6751,-3.121970972909897,-0.7515104994506479
train:6752,32.70902106852061,9.74644898469355
train:6753,1.3650821045094013,5.301051977771
train:6754,1.100302405618275,-0.43488142970434157
train:6755,0.28901384881528935,-0.14723657840098317
train:6756,-2.31625513750043,0.10599877085049889
train:6757,1.9690783501516282,-0.2604146774288748
train:6758,-0.4389214594064431,0.14406766533984433
train:6759,-1.9430350642820033,-3.076174247594947
train:6760,0.8732534686186475,-0.24723338922754157
train:6761,8.169016475389958,15.377411533875456
train:6762,-13.914120239542493,-2.097048455688839
train:6763,16.49665998342445,5.729142830005216
train:6764,-14.257204426494877,-2.859786330977537
train:6765,0.48222593190585017,4.775009928064906
train:6766,9.425937706915246,7.128021663104727
train:6767,-0.5693651684646311,0.07074065097030068
train:6768,3.884732304234389,-0.07872957348871412
train:6769,-0.34339018853495973,-0.2644554022114905
train:6770,-29.11740799870114,-9.62922979271949
train:6771,1.9245165704121359,3.122581749271089
train:6772,-6.092543899530562,-2.8426439227255718
train:6773,-0.40198349634331787,0.13993085850168946
train:6774,-1.4634046745483817,-5.543128030300244
train:6775,0.587820319997767,-0.17342168475600184
train:6776,0.33379576650829895,0.005334022111491435
train:6777,-6.361429275860988,-3.940935573177151
train:6778,1.4650435645235738,2.6315001576651142
train:6779,0.6478624237884847,3.149720971123429
train:6780,25.514728640659175,6.302545700738791
train:6781,25.02741248412816,7.465552003790245
train:6782,5.995383155776351,4.021635024397725
train:6783,-0.2264848473889463,-0.7745808923408011
train:6784,3.8507534183405294,0.2744697746030249
train:6785,7.033388234295407,4.009183588900383
train:6786,1.095148806431927,-0.14323708259245926
train:6787,-2.174016962248425,-5.290288564796529
train:6788,-0.7024177563531477,0.20365865494834567
train:6789,-0.2695981798334396,0.21060202790175261
train:6790,-1.5789101521716082,-0.07306215882000267
train:6791,-11.144479799087579,-6.873216962101243
train:6792,2.6425259117751825,0.2852654174090294
train:6793,-23.78937028920337,-8.545428771383481
train:6794,0.329991006261003,0.3400378241683562
train:6795,-12.96268260969263,-10.113925030504728
train:6796,-1.2075467229180599,-5.474164653456765
train:6797,-2.0611896360111217,-7.205138450380558
train:6798,2.562390117697233,0.12371239298572917
train:6799,-1.3815145181312634,-1.454875941491774
train:6800,-0.39659499810519694,-0.14490721269520188
train:6801,25.465127631187535,21.509713842867644
train:6802,4.734324167574609,0.3510757763601562
train:6803,-2.4731958315317835,0.059709332506165974
train:6804,2.559437200671334,-0.12248421456085681
train:6805,2.3850047214358705,0.32788084058286754
train:6806,-2.3793731287261393,-0.16193449367349233
train:6807,10.529087812514993,2.6127670813815795
train:6808,2.621272022410862,-0.061697584703693464
train:6809,5.809365422763296,0.5163521765942134
train:6810,-2.8924672768932265,-5.868995564446134
train:6811,-1.21698429501398,0.21475666734115828
train:6812,13.134501155397908,7.968668746649963
train:6813,0.22144404983054766,-0.005739024639570087
train:6814,-1.6576421309366864,0.08579357766851026
train:6815,0.12520622213782368,-0.03109969417356291
train:6816,0.46863805038850226,0.2228379742455797
train:6817,0.8878011702099887,-0.19626153777718502
train:6818,-0.13393950261347742,-0.01708426821612344
train:6819,4.474922622529913,-0.0889739035944496
train:6820,11.912856856580037,9.64985791538427
train:6821,-6.881894907284651,-1.9472340620256845
train:6822,-7.343422146642304,-0.9621190839938962
train:6823,-6.046262393729698,-1.9093887170256187
train:6824,-7.118374675091231,-6.810397130379872
train:6825,0.8883149029209417,0.06136690845762805
train:6826,-0.04064262034727947,-0.351093740110688
train:6827,1.9485255548399025,0.013535021435508054
train:6828,-3.541546473649587,-0.23019177083784553
train:6829,9.25805264647467,5.602044602440969
train:6830,9.097304054009777,1.110277981798863
train:6831,2.99091688789424,0.13964318297831194
train:6832,0.0710086996525978,0.131136176216832
train:6833,-5.103170944537781,0.23708051621254905
train:6834,-4.300335499183255,-0.05483231854376494
train:6835,0.9171319373609245,-0.216818960499079
train:6836,-9.495965924867447,-6.081879160926552
train:6837,20.652944511459822,8.803624805162432
train:6838,0.08509671507384413,-0.12007338953256197
train:6839,-16.699057362038833,-10.266713616734892
train:6840,2.460431841399311,11.023234702087073
train:6841,16.08157139163807,8.174691499455562
train:6842,0.639623406379295,-0.1544789684121631
train:6843,41.51258284065017,16.686917934652
train:6844,-6.043763932563488,-4.857722157630799
train:6845,-1.4067057851689428,1.4397845078863918
train:6846,-9.827440217468773,-10.51480989562752
train:6847,0.6048937965985473,0.36763926704511646
train:6848,-6.14477447661591,-13.55144795239277
train:6849,-0.7807796615997475,0.022756544863904063
train:6850,-0.456694983997737,0.15854645360818395
train:6851,-6.540738264060422,-4.807427945027972
train:6852,10.598619791505687,3.7483576859309014
train:6853,-0.18453985005995077,0.4094150600216631
train:6854,5.336753644677549,3.336970702618692
train:6855,-0.08551938100231116,0.9943893273808535
train:6856,4.694383192734811,2.045539283809123
train:6857,-2.7475490905893762,0.10143048639248024
train:6858,19.627310860486887,4.86778852988758
train:6859,6.6858957092749165,6.6153797432825145
train:6860,-4.253043264953783,-0.05265716917360033
train:6861,-0.9785460665332913,0.2245714457479651
train:6862,6.1649605122059485,8.028093251093187
train:6863,5.7117357513570735,7.740790928394654
train:6864,1.6731936465908563,-0.010764679654468631
train:6865,12.557569557751536,9.178373068605607
train:6866,0.7499936490171532,-0.11363239662159189
train:6867,3.8219044208925124,-0.03441013826975686
train:6868,-2.859394978136343,-0.19345739689570313
train:6869,-4.310594346241979,-1.3591813527125727
train:6870,-13.33861686532422,-10.573631800809277
train:6871,3.8458006630737573,0.14018971654144569
train:6872,-2.7054211486253035,-0.7576193779959235
train:6873,-1.6911998024992125,-0.4361823536307881
train:6874,0.1820612072255904,-0.1272397413320086
train:6875,5.0123535212435195,4.634326967528628
train:6876,5.081934781381147,2.000836233672059
train:6877,11.788393135752287,1.6961488366837398
train:6878,-1.9491419747116177,-0.018992427880361415
train:6879,6.610341202195819,8.445592394149303
train:6880,5.7563184523381885,4.275969860511925
train:6881,-0.10244745497381491,-0.053978065613447784
train:6882,-0.21841087533033432,-0.0035149426115733684
train:6883,0.10094199856226224,0.1124560984242147
train:6884,4.581281100857532,0.04359793392811536
train:6885,1.8831500454140029,-0.10084185637886567
train:6886,3.772076997094871,1.3133141305469822
train:6887,1.7667113641852916,0.24787394777599842
train:6888,-0.0781458056215732,0.001220254994152542
train:6889,-6.005784905271402,-8.037361127773307
train:6890,-1.072703741663136,-4.0521194167419665
train:6891,9.757396192356234,5.027289877871776
train:6892,16.380081246105988,22.78985608379899
train:6893,1.5183697172952217,-0.05662057179719268
train:6894,1.6822683513737453,-0.10262939632824342
train:6895,3.049975460870459,7.455534361711609
train:6896,4.237672953031624,0.44095279996811454
train:6897,-0.3289445361110884,0.13051003792171478
train:6898,-3.1077017562903753,-0.09616985751197252
train:6899,0.2011899633575433,-0.06069981499851007
train:6900,-0.47937988628903827,-0.13543539087564999
train:6901,3.7263533910706075,1.633118009624369
train:6902,-0.7244436395333396,0.07835752560774689
train:6903,2.9657546781365918,11.462803472451148
train:6904,13.411191549602975,1.7547531841302384
train:6905,-6.618901882428088,-0.6487372239397486
train:6906,-16.752089455136563,-13.439418130224619
train:6907,-1.05931275227528,-5.606057996166941
train:6908,0.5822868840468499,-0.030576414322460152
train:6909,-0.5212040053331036,0.7571121589974754
train:6910,-0.3965630350971625,-0.9322801489729986
train:6911,2.2573612043397366,-0.02425425786622523
train:6912,-3.1511719121336528,-0.4554693105091719
train:6913,0.04987127186664249,0.09135335475607202
train:6914,0.30006514601502654,-0.066929812571481
train:6915,1.4410789796196952,-0.07798887856316192
train:6916,6.472114093879332,1.867654521186718
train:6917,-2.40468620388171,0.04069592773096917
train:6918,-10.39914057487655,-5.312060886976436
train:6919,-13.881508208101303,-20.778878551035458
train:6920,0.2701323120218426,-0.2308519337361492
train:6921,49.09177032438836,17.411499036392392
train:6922,-1.6611271448745182,0.02252208182265887
train:6923,-3.321839962626504,0.029023705577881587
train:6924,13.35374182010753,18.13099570686416
train:6925,0.05218667216865511,0.022061073415123825
train:6926,4.889211093053351,-0.033522930692328284
train:6927,-10.883051683104382,-14.602556822507758
train:6928,-3.786393575813975,-0.746636635537596
train:6929,5.37781134890351,0.2576637605410541
train:6930,0.43763451374072565,-0.07729098188061156
train:6931,1.7006769518774032,0.21137489283996122
train:6932,-0.22309374658017567,-0.8201765711660738
train:6933,-4.778996770513274,-0.4775970720972091
train:6934,3.3291340966705047,0.5086084051662666
train:6935,0.35379240548022617,-0.28996472430950976
train:6936,3.8736984414026705,2.615419145839595
train:6937,-12.819662212462182,-13.028252556489539
train:6938,-5.722184922333135,-6.067885276751423
train:6939,-2.4138899229879383,-0.01365070784089413
train:6940,-0.17198501296227497,0.01603215625385665
train:6941,-0.004992592164260734,-0.19578562131500438
train:6942,-0.6915647460323441,-0.1290170810334709
train:6943,-29.121359788785394,-11.05984038446706
train:6944,2.7807334935994885,-0.3588099780023036
train:6945,3.668367380414903,-0.03866214371199175
train:6946,-0.013116077828045997,0.6203369277036852
train:6947,-2.3359524864880354,-1.5658375195145993
train:6948,2.4153735308586435,0.4177075049248937
train:6949,-0.11178890558739141,0.0706033399406697
train:6950,-9.006906331534553,-11.913127786422088
train:6951,-4.08923831154608,-1.1876760961920247
train:6952,-3.6448509156167987,0.09578225960271462
train:6953,-1.5794108672211071,-0.21658756466524892
train:6954,-12.26325760726287,-13.627489587985517
train:6955,-1.8456213465809737,-0.0004405308255346768
train:6956,0.37679321852002745,-0.08872866966204893
train:6957,-0.9369985727951237,-0.13246526414172582
train:6958,26.97163183660583,13.530629685891308
train:6959,-4.887057308076006,-0.8741811061155422
train:6960,-2.33641182397077,-1.666074999127638
train:6961,-0.3724907057989276,1.3075631879740122
train:6962,1.7017918215976433,1.4441611988765721
train:6963,3.4628912654852195,7.5623924441954165
train:6964,6.889665813179404,5.522779973828563
train:6965,-0.3187073076687076,-1.144130310545731
train:6966,10.5265865618499,2.315271215825673
train:6967,0.3990965406099579,-0.008994972306341664
train:6968,3.9408140169859633,1.879548152916935
train:6969,-7.1467522472280205,-4.8526149006325765
train:6970,4.106915657807338,0.11419763026236543
train:6971,-1.0687431181657523,0.12445408653695143
train:6972,-0.06574346112950155,0.1845744190809808
train:6973,-3.8571947767964354,-0.5433876368609476
train:6974,2.2013111059088364,6.95560123748799
train:6975,1.0005443465643213,-0.3688968105737922
train:6976,-0.03420817625715253,-0.1719689697277087
train:6977,0.5396331215433314,-0.251542173672159
train:6978,0.11839624176057245,0.19811221664651948
train:6979,6.6636150518634105,11.01168602419545
train:6980,0.1551797363230514,0.047596145789349224
train:6981,-0.7303401752555274,-0.08072611152475093
train:6982,0.5896369811453226,-0.21274399712206182
train:6983,-1.0753214539065938,0.10251128468908724
train:6984,-2.2422248591026537,-2.2961544417820976
train:6985,7.904791421860068,4.48994880669157
train:6986,-0.026522060772398104,-0.06665847171084921
train:6987,1.8527550844392016,0.23089688340283016
train:6988,6.450044508549973,5.487211780677816
train:6989,-0.6354167826822984,-0.05716895995085655
train:6990,-0.5301569019981018,0.07383931509404042
train:6991,21.72718053130428,12.69289687737288
train:6992,5.959830992512479,8.307368335334292
train:6993,9.630881260016515,0.4193318409076243
train:6994,-1.0886610700233548,-0.024276655613396203
train:6995,-0.29975033817629965,-0.012558496679486636
train:6996,0.7867934156564497,-1.0562274272266385
train:6997,-3.286220386472958,0.09651097102022631
train:6998,-0.7900168546925718,0.12109000197619514
train:6999,-0.17411514404680817,-0.2975659775882603
train:7000,-34.12326602587575,-18.901377836154293
train:7001,0.3133008532983953,-0.12328810822524178
train:7002,-10.640875758578709,-3.8391764733645863
train:7003,3.9594576327705138,6.012173317408924
train:7004,-3.1472814910248244,-3.044808271263743
train:7005,-4.713287334825255,0.19253410764487194
train:7006,1.1377660729917263,0.0955746881241556
train:7007,1.0799206995713733,-0.10785006867042043
train:7008,-5.787376441061876,-0.1973393401967819
train:7009,4.5924451403037905,10.169732738273797
train:7010,10.506738347464372,2.0952106393154635
train:7011,0.4958905246424807,0.8731996825846335
train:7012,6.395185293683875,4.670870960619816
train:7013,0.34356807847017923,-0.10226504061948757
train:7014,4.089891346124371,0.14237356822102065
train:7015,-0.018586750054095408,0.08254219514765887
train:7016,1.9328474088262242,0.6181867439752717
train:7017,1.3056513658905415,-0.38390786632426493
train:7018,-0.9221637852770735,1.3204062273948205
train:7019,-12.60593824671018,-3.935654269990722
train:7020,21.97052339619601,11.900308796859292
train:7021,-18.145297233588728,-5.5526925816463
train:7022,5.912587109596978,9.749730183323694
train:7023,-20.50547550150428,-5.59132455835274
train:7024,0.10713050183420442,-0.0486523949151062
train:7025,4.050499902564525,0.17594943182962575
train:7026,24.715579982995017,13.905317461151041
train:7027,4.198026270323982,3.386024622139325
train:7028,2.106034376810427,-0.2676572814312697
train:7029,0.2628062743512358,-0.33104233528188604
train:7030,-0.5050900001189563,0.24123651092964976
train:7031,-33.20517499550627,-13.596885991022987
train:7032,-1.0861509859451326,-0.2763286334458768
train:7033,1.9154132732656954,0.023538397433143066
train:7034,-0.12845836976661673,0.005338159274981616
train:7035,0.3854087020493024,0.5791908395425058
train:7036,-4.384063237989552,-1.9747580400826115
train:7037,6.666292040958132,11.659881963112598
train:7038,6.09816503161948,1.5986762662294314
train:7039,3.514536280263378,0.5323537263485592
train:7040,11.918634838599697,3.5985672592838274
train:7041,-0.49235059117852176,0.07429725629416034
train:7042,3.3150636318463973,9.635984436932787
train:7043,15.16284156602438,9.914811566230473
train:7044,-0.340866621878803,0.13401649797085724
train:7045,0.07809216714950344,-0.10551028872550869
train:7046,1.6892483749537397,-0.2809310138374869
train:7047,5.867023434842007,7.0634944668092015
train:7048,0.43838767843913645,-0.09499283449901633
train:7049,-10.480658100734548,-3.157883226526
train:7050,-0.2831055145705408,0.15591650157571957
train:7051,0.22601754947835123,-0.11818020925337464
train:7052,-0.30387821537754345,0.06512759007020158
train:7053,0.37601785405967275,-0.05354451941183894
train:7054,-0.3147658619761445,-0.01989739672863576
train:7055,0.11324426978190613,-0.2777178644137172
train:7056,2.8301868920885673,3.2306630055398893
train:7057,0.9172420063376829,3.5489575332474104
train:7058,0.16619430512082903,0.1388579778800378
train:7059,-1.32156934942673,-9.174396315684751
train:7060,1.6887197649154109,0.193777539264886
train:7061,-0.1638127110680372,0.23809718847505826
train:7062,0.19541105150492208,0.04354072694330287
train:7063,-0.5768124331075284,-1.707421097744446
train:7064,-8.936710451809704,-0.7907065569998524
train:7065,-5.9336447448251,-2.180660244503755
train:7066,3.7421373055836,0.004093443707677488
train:7067,-0.68035839918636,0.3006539536627786
train:7068,-1.179396262481995,0.3094108308329844
train:7069,16.808888593398976,10.373634980799464
train:7070,-2.0243538383445867,-0.17242619762377853
train:7071,1.3247161960064258,-0.5596773614515058
train:7072,-3.406557508619786,-0.009965636457623883
train:7073,-0.15422264636651306,-0.052859105550164126
train:7074,0.391068130366435,0.016899391317884357
train:7075,1.8521246576916428,-0.2674448594851705
train:7076,-1.2066550131084601,0.13451153098157878
train:7077,0.24160387448713055,-0.11024905285148476
train:7078,-17.38290301320702,-7.323893303132402
train:7079,4.518845607025198,7.448997643397125
train:7080,1.8958635352606494,-0.11908203956382887
train:7081,2.525396015969087,0.5766705936729363
train:7082,0.9453466725004188,1.8957216089473385
train:7083,-1.2907702598012536,0.13664274082226147
train:7084,3.246232746908298,0.02827116980509886
train:7085,-0.7596078299942353,0.20684662473914933
train:7086,28.49863142015051,10.364629089185392
train:7087,6.220119133285489,8.509859377127377
train:7088,-1.3139414647311582,-0.34006334894181833
train:7089,3.2762888999979345,0.3322899155769193
train:7090,-1.9015263910699578,0.901199434442931
train:7091,3.4069127641923167,0.22045696532657616
train:7092,1.0765928274039507,-0.09090239242411347
train:7093,2.0285114133528905,0.7901083204046202
train:7094,-0.031746094805542,0.003656901629058504
train:7095,-1.0832861705922885,0.04657654898023489
train:7096,-5.115957077584506,-2.6236495931093486
train:7097,-1.8576338586041454,0.23351107141578883
train:7098,-0.0425778351973628,0.13864327336097845
train:7099,6.129792369954969,5.912243985145499
train:7100,-1.4417786195414202,-3.401709096731903
train:7101,1.2796769470414593,0.7847027596526752
train:7102,0.2732464388373551,-0.09953822189702899
train:7103,-1.3384672038270011,-3.2562458577739375
train:7104,0.5429507655481829,-0.2310189895446665
train:7105,-0.5303823864911446,-4.214837765991803
train:7106,2.8372847719963685,2.2403663015670556
train:7107,0.18110068977687638,0.4326058586354616
train:7108,-8.993738966973819,-4.87199394506382
train:7109,9.349200452309754,16.324776321667454
train:7110,-2.0309500733699277,-7.28361045553257
train:7111,0.8314788631797554,-0.36238634184834906
train:7112,0.4879506809884931,-0.09570349932406225
train:7113,-5.675078654695863,-0.4378434247720953
train:7114,8.310422682600107,1.5060471729356433
train:7115,0.8668694679666549,-0.022806179314257255
train:7116,6.986875200087254,11.952297819884993
train:7117,0.3342198865676355,-0.22652895454093624
train:7118,-5.061157372027911,-7.042021221505944
train:7119,8.135623384261528,13.228587077659693
train:7120,-11.851538730127158,-2.1174268390941755
train:7121,0.311171535817703,0.11741719942258542
train:7122,-1.6550281380250724,-0.36330850132422915
train:7123,-2.0630418632694356,-3.25653203535881
train:7124,-4.315346722505655,-1.4872659371172026
train:7125,-1.6016861780930873,-4.382820584452488
train:7126,12.188087413036333,4.680201548237463
train:7127,3.0954761394423222,10.704376378858408
train:7128,-7.635189782310004,-10.494694721416646
train:7129,-1.3706145512459291,-0.3683527022444285
train:7130,-13.831961128941405,-9.201416843743166
train:7131,-2.9584565923025066,-0.03981498571765191
train:7132,9.400422160632417,6.563185288690405
train:7133,0.5005589834814265,-0.07532454527548604
train:7134,0.411655329497718,0.03154630535081629
train:7135,9.41170196428232,3.2784655044351476
train:7136,-0.20100231017623332,-0.08919602647562924
train:7137,-1.6594071863549065,-2.9281642278567506
train:7138,2.9466024437223735,7.722377982968773
train:7139,-0.30760068540779084,0.04831216039477036
train:7140,-0.2796796612548527,-0.013059592774633422
train:7141,0.7723160326827841,0.01660793528304169
train:7142,5.719522172572495,5.490269287157869
train:7143,-0.12201021064031503,-0.2990777541918961
train:7144,10.170453099122827,2.388516699542298
train:7145,-0.5683672252392368,0.39124385333833794
train:7146,3.754588698764364,5.439117397765284
train:7147,-0.20409865393636667,0.46465746281955533
train:7148,28.35151510872685,9.728202096450518
train:7149,-2.880046568200175,0.08262536639989249
train:7150,5.45084135949349,0.07429582968606027
train:7151,0.8079024835370944,0.01875241257905494
train:7152,1.2448651632727827,3.286144079872922
train:7153,1.9922521121221757,6.949627744051409
train:7154,9.16047132638242,4.828504878601032
train:7155,1.0562862053686497,-0.41091384298005934
train:7156,2.003957314351737,2.72982084663491
train:7157,7.442301805387779,2.8066485432907906
train:7158,0.5787521240456046,-0.09560049821923775
train:7159,1.6131443365946905,0.029101027736904955
train:7160,-4.255688639727831,0.1742606844911773
train:7161,0.5071057049015942,0.39563060191562366
train:7162,0.14121201804113456,0.2614359976792382
train:7163,9.994007996443276,2.1975475154085533
train:7164,-7.49194064617115,-2.5206961369954115
train:7165,-19.172731041174163,-14.79828631254979
train:7166,-0.3312918994211354,-0.08773931694465592
train:7167,0.5663325776437544,-0.19795064176765853
train:7168,1.4798246541881266,-0.09741000793335644
train:7169,0.5852291079936973,0.362063511946834
train:7170,-3.636490322547958,-1.4469328729122486
train:7171,3.649697264390964,0.561739998619307
train:7172,-8.708072895196207,-3.54697660505854
train:7173,-2.5983029967685467,-1.8304600546207765
train:7174,-0.7400671578605589,-0.040053371931172255
train:7175,0.0018075087377798504,-0.02598908464630567
train:7176,-1.2502702228936537,-0.28557405255994883
train:7177,-8.053955863457142,-1.6075084567957914
train:7178,1.2960006295883124,-0.21273144297078123
train:7179,2.365727889404878,-0.2868490122189743
train:7180,0.14892602851471903,-0.04998156568193399
train:7181,-3.1768176350310213,0.04310661009845399
train:7182,2.658812633461836,5.299995717133714
train:7183,0.41137207913197305,0.10336439633292434
train:7184,-4.424480287305382,-1.8666314176762293
train:7185,6.045395151416751,8.634650494072204
train:7186,-8.385791861080298,-4.09635710731679
train:7187,8.145473104817412,1.837207993776004
train:7188,-1.8918454351964957,-2.4481636720071975
train:7189,1.6216569573526547,6.115090537677119
train:7190,-2.8618599653159564,-0.19103430303774777
train:7191,2.5448499811791505,8.207674678728997
train:7192,-0.7569752404234011,-3.946599207334398
train:7193,-6.3419678719872365,-7.355631909499341
train:7194,-1.1062802423431224,-0.37400849005712444
train:7195,-1.32860097873606,1.6689983446274093
train:7196,2.0941529712347564,2.72339511843061
train:7197,2.1735407146955805,4.038707528852787
train:7198,-0.7157534206798242,0.18765268270888966
train:7199,1.8443131309862735,5.035135081135637
train:7200,-7.947999537885156,-2.495196658493283
train:7201,-4.65142740759578,-0.11022315991446863
train:7202,15.945293213207842,5.140937473625398
train:7203,-6.2171805692890585,-0.21028523806160487
train:7204,1.3615015502348267,0.02757455706983858
train:7205,-0.8639643779568195,0.10981837137760499
train:7206,-1.471603476682008,-3.943767390255775
train:7207,-8.69930643003989,-7.7486715713582734
train:7208,3.5106600391072047,3.176257308392683
train:7209,16.018400399933586,21.02810464372446
train:7210,-4.057955941239124,-0.6217797519593564
train:7211,0.8099383528052061,0.056400422013679584
train:7212,-16.639060820063204,-2.770874407749271
train:7213,-0.196541436545831,0.11117193714294385
train:7214,2.140659031695702,-0.12239177035597279
train:7215,-1.6240830646247186,-0.08247755828919709
train:7216,-5.287518697552879,-3.8606600500650408
train:7217,-5.645235665812536,-4.001240009496494
train:7218,-3.461465074799856,-0.36638697894335304
train:7219,-0.8683397069548097,-0.12611108033364452
train:7220,3.711144578243995,10.705752770353346
train:7221,-2.758036211640026,-2.242961932163184
train:7222,-0.10239561678623912,-0.08086477783207696
train:7223,-0.4964569659925424,0.03529364817765424
train:7224,-1.3189118868241891,0.08632926901008356
train:7225,-2.0366097341453004,-0.06583660278440345
train:7226,5.560186926208325,-0.04124202180014394
train:7227,-0.2946502043852091,0.1978642008283237
train:7228,0.4252404215161829,0.8663195797004644
train:7229,-0.12805435734506182,0.5425295792654916
train:7230,-1.4144403681967894,-0.5712413040497988
train:7231,0.9037682618162979,-0.09656089079219951
train:7232,2.8264994070234777,0.4052873121449436
train:7233,-3.312316613439932,-0.3203594658461915
train:7234,4.833580581746103,-0.02197182756693597
train:7235,-0.09337949147989288,-0.11412985486608351
train:7236,-0.4076944141606659,-0.005896664834626933
train:7237,0.22229182503274034,-0.001907440604423466
train:7238,-0.9497354246949156,-2.0065587039019044
train:7239,-19.116632358971053,-5.3886389272148065
train:7240,0.820034479095755,-0.07965957930914455
train:7241,0.8108712077233304,0.37607679799212335
train:7242,0.9789180590991198,-0.29363096446585923
train:7243,13.390997437355956,3.387885204423426
train:7244,5.549497566488657,1.6902231346185121
train:7245,-0.26999196409242354,-0.2705796881242468
train:7246,-0.12848335902744368,0.004250085277064303
train:7247,2.2973110125926643,-0.2826820326195031
train:7248,5.547260388384489,3.5283110901800723
train:7249,-4.651929517394721,-4.661289349795437
train:7250,4.188422025669803,0.2560041873382519
train:7251,-7.7089348344469935,-0.43856628709639683
train:7252,14.626122454442418,6.694478314712074
train:7253,1.2562512003384803,2.0640177105467967
train:7254,6.447834295601674,3.8724269391770965
train:7255,0.3270878352985176,-0.1664320183697479
train:7256,2.2435352855843727,-0.05184485852142501
train:7257,-0.49795678655863707,-0.39905074066318347
train:7258,0.11129452629180717,-0.012067101519420267
train:7259,-18.193391913663547,-7.174824169540719
train:7260,-9.022401067996674,-1.203803615441606
train:7261,1.0921989113631514,0.38804846518541397
train:7262,2.1047809619789977,2.4560198003345532
train:7263,-0.47809137026333115,0.03938758544240227
train:7264,-8.631363535579545,-5.5188483017236685
train:7265,0.74033012751171,0.21257267300077332
train:7266,-9.206996156579399,-2.3420622624596636
train:7267,0.47649862578256447,-0.20862880339662287
train:7268,4.029550533494931,2.385548498729309
train:7269,6.360469980084902,9.051967031291511
train:7270,5.804955225029268,0.1559002382433789
train:7271,-11.762234783053739,-7.453174811732984
train:7272,0.5710700765800545,-0.28232024480532736
train:7273,-1.6993593191902368,-4.359661313877701
train:7274,-0.11583611977926839,-0.1474833102718889
train:7275,13.139858852919195,3.8757155561693595
train:7276,-1.4352237620828436,-0.4063679562692116
train:7277,0.09354064442181437,-0.10045838412156902
train:7278,36.348350084560096,10.969074952176317
train:7279,-2.492748823952193,-1.7227743967781237
train:7280,1.402770094084694,2.9527206585858625
train:7281,-11.566271556689816,-14.539097870357558
train:7282,-9.416825052057767,-6.414928810891395
train:7283,-7.463572372363971,-5.508609820711143
train:7284,-13.389312288190954,-5.485241980032127
train:7285,0.18884643080025498,0.021200400748356385
train:7286,6.216449082588418,0.6286687469904775
train:7287,2.1234599114160666,-0.04125400530818446
train:7288,0.0493578878430498,-0.1393173341767288
train:7289,1.6451157131257492,0.3235014390372971
train:7290,-0.0371478431633572,0.15671319086919921
train:7291,0.047344450795122256,0.358545853024106
train:7292,-20.086855404132017,-9.438035204505937
train:7293,1.53986280618876,4.788713354830861
train:7294,5.046101808563051,0.1377408010768792
train:7295,8.788207121447902,2.2938715236815024
train:7296,-2.323492259894141,-0.3430334043453375
train:7297,-9.775270079525889,-3.50949162126455
train:7298,-4.065521992042789,-2.960014965620356
train:7299,-1.1231044074812342,-3.819364310714165
train:7300,1.8459347596702589,-0.0806514999211177
train:7301,-0.0008576249866892593,0.1967558689953855
train:7302,-5.397902887685152,-5.9372781639042636
train:7303,1.9090353165279494,0.23750564542636754
train:7304,-0.7736441234570259,2.885262638609569
train:7305,0.1270553112098943,0.7317530587323926
train:7306,-3.3051787507148074,0.2495916552588781
train:7307,3.32658472714968,-0.43399607671744306
train:7308,0.09516854947828687,-0.24251003246904618
train:7309,-4.480783532759915,-0.24191884607238046
train:7310,0.7957825758069268,0.05688899962274833
train:7311,23.558957043474024,8.802978837014724
train:7312,-4.983898481131299,-0.9273172647145029
train:7313,25.132247431149178,9.920371913961274
train:7314,1.7128052281042199,0.8185289216524361
train:7315,-11.591972139731883,-6.340738912612529
train:7316,-0.9210768105456634,-5.079573412628206
train:7317,-0.1372807411297144,-0.0420410649969887
train:7318,7.631513514621873,5.707031545740735
train:7319,-2.2534832765944537,-0.17079216070596748
train:7320,2.0994413962004495,0.39719516301896174
train:7321,-5.653853357695093,-1.1701238234329114
train:7322,0.39479257629172454,-0.1648108209248374
train:7323,-16.907364120960043,-4.495890403925585
train:7324,0.7638402565558996,-0.3719453294228148
train:7325,2.1540739642823037,0.012793613205905816
train:7326,1.478376904267848,-0.05843478931804158
train:7327,13.326072780687023,21.082482379352907
train:7328,-2.495019940959438,-0.06973181354081284
train:7329,2.684410469961713,2.04868680926029
train:7330,0.9853803981780768,-0.2737598829009051
train:7331,-8.134167903837895,-5.8350885137671
train:7332,0.233677048494597,-0.12350730655981629
train:7333,-5.415406993175996,-2.610456892043215
train:7334,-5.814194683323067,0.05330828462199762
train:7335,5.800107075970609,0.05132858056154153
train:7336,-0.8350370420818379,0.18948587411746937
train:7337,0.45304637884019716,-0.015467921238753152
train:7338,3.340574528964421,1.6126173659048575
train:7339,-1.5798183665162657,-0.549814506351727
train:7340,-1.7410455904978335,0.4421274690777056
train:7341,-0.5031768688016968,0.022303882113754378
train:7342,2.191270072221227,0.9877312047170539
train:7343,1.0427501620388777,-0.11330755795720776
train:7344,0.3572243027101607,-0.048506738228089846
train:7345,-0.016381999874441916,-0.023333524998445196
train:7346,-2.384098772292187,0.07818162482900926
train:7347,4.117020152594536,10.404644875748893
train:7348,5.383237854063911,12.09388353802699
train:7349,-2.6023184804106294,0.6498025193847965
train:7350,-8.696823776034016,-2.749453031161979
train:7351,0.21365390928328126,-0.2128728911639024
train:7352,1.180841049826578,0.021433579842311534
train:7353,1.6829178396970046,3.933133108337416
train:7354,-5.648782978558755,-1.8931199635741311
train:7355,0.5991143036003252,-0.11407521577585114
train:7356,-0.7833778473510247,-0.07948082531420678
train:7357,-0.25650566682606496,0.14804697464375238
train:7358,-5.878417316106446,-13.701104848521679
train:7359,0.5421226330672915,-0.11306296599845211
train:7360,-8.177530663974176,-0.7309151289532922
train:7361,0.17013168279418778,-0.3685340241339464
train:7362,-0.8018392158752191,-0.1542646205451288
train:7363,-10.097900730835134,-5.253163086243755
train:7364,-0.6520136036614456,0.03343577644894345
train:7365,-0.24714062170110312,-0.3881658635205201
train:7366,-1.4148095118823067,-0.007223553028494645
train:7367,0.12871390075407985,-0.038070600663301035
train:7368,-0.055414644140462155,-0.006551335291745411
train:7369,-2.299285918420402,-1.4858142207145792
train:7370,-23.618201058744535,-8.447544624492304
train:7371,8.249431219356207,4.878050977916186
train:7372,1.654924985947829,-0.20756740697017667
train:7373,12.2289089396902,2.7782935660155776
train:7374,0.9106467011453028,-0.20133969197016588
train:7375,-0.914773937819518,0.043268387457001026
train:7376,4.150685684780538,0.050186723438251875
train:7377,-20.566556228712436,-7.942239464807091
train:7378,-1.4497045157009927,-6.790457714286925
train:7379,-1.1219135239164322,-0.37716956828524195
train:7380,12.630796692929248,15.69277752047517
train:7381,-0.7451389317463388,0.17908832630178723
train:7382,1.6737894370606177,-0.12056927850814353
train:7383,-3.7522368593663242,-0.19310031688825757
train:7384,6.677685284229278,7.2422473204604945
train:7385,-0.5130598308859361,0.9183093160302152
train:7386,0.7060936778876531,-0.07578013257224087
train:7387,0.8155574496176553,0.7005995043472879
train:7388,-3.46915990746862,-0.1179884017943213
train:7389,0.07233603620442673,0.007524650179541695
train:7390,-2.157798350826165,-3.8982086605802935
train:7391,-7.576862290499372,-0.12081636703107429
train:7392,0.7639313801860778,-0.1607472704126207
train:7393,-1.51139009925028,-3.357511065862261
train:7394,-7.819360867062511,-5.153800973360914
train:7395,-6.429822209474456,-8.391389335171182
train:7396,3.877423584702681,9.541853410631253
train:7397,7.699782780451528,0.24372451545615798
train:7398,1.2148696817838514,-0.10536448937768234
train:7399,2.699453307604787,-0.036354747770951434
train:7400,0.15541579766602553,0.20851504291217188
train:7401,0.6738642727099168,-0.2616660980542492
train:7402,1.1576982048019842,5.147454219426481
train:7403,6.344148622120452,8.707656878271258
train:7404,1.7375866712643377,-0.05735684423763471
train:7405,24.64613819780154,11.287515564553285
train:7406,0.9520047414176664,-4.054200837959957
train:7407,-10.564803334540334,-14.662814466081418
train:7408,3.5722940169271564,-0.07842656192826095
train:7409,1.8143390356554452,0.07099166266550659
train:7410,0.656986409718307,-0.22379821264620248
train:7411,2.9788018617871175,-0.18843088591594453
train:7412,-15.074665214492986,-4.222240435423025
train:7413,-14.823573121704277,-3.413555365073198
train:7414,-0.42732969679812405,0.19943988947484223
train:7415,-3.0797091349994403,-0.7397810703127479
train:7416,-0.050400287440024005,-0.6922658902888414
train:7417,-0.892791524330253,0.18161442126456706
train:7418,-3.153318896440604,-0.6981823194014187
train:7419,0.3818291938368089,0.025649420769209855
train:7420,0.6834843245244331,-0.01376840300914925
train:7421,-6.9959649552743315,-0.19492088281515174
train:7422,-2.0605671128437315,-0.11482047584732355
train:7423,-2.328308329715646,-2.0739402576840344
train:7424,2.174179277481548,0.30509847986811683
train:7425,3.3405133924472348,2.4836500606949348
train:7426,1.247724632086101,-0.04323099881325043
train:7427,0.009152026838486538,0.2652242128281429
train:7428,-12.674414865290139,-2.8506178060400584
train:7429,-0.8189248965336126,0.3151781793991052
train:7430,9.687215189958762,3.8176118055051727
train:7431,-20.59223449576344,-11.121732350280153
train:7432,1.1933426539872367,0.001942689336023956
train:7433,-5.8341488986661485,0.3023312881364265
train:7434,3.5062398456688464,-0.09423951409177858
train:7435,-23.443898291207134,-11.981560465052343
train:7436,2.904865728976642,0.03217964801683883
train:7437,7.765561023778662,0.3181910330456262
train:7438,-3.0376304741823006,0.014716038951144414
train:7439,-4.866172329938962,-0.46219983353404953
train:7440,9.04708098628723,1.6899071409243485
train:7441,-4.672424895521105,-8.75927732558278
train:7442,1.4755397514455937,-0.30232785276545737
train:7443,-2.3337222821310744,-0.25840437262467236
train:7444,0.08220877012609513,0.2921702719437347
train:7445,0.9625553235679046,0.0183031023579404
train:7446,6.062702132319863,6.912329360596908
train:7447,4.258669976040468,10.601620650627138
train:7448,0.5236874160951251,2.9347593772844616
train:7449,4.373954850793697,0.068954323637808
train:7450,-10.37184811780525,-16.343377068538178
train:7451,-0.05004578862364237,-1.7138231442542844
train:7452,0.6301665402494343,-0.1334765152934548
train:7453,-22.308280278275152,-5.105670639924261
train:7454,-3.8231098899450218,-7.770199087588209
train:7455,-0.23930259475634513,-0.04855838144131211
train:7456,-0.1830374724532134,0.0002764110751515003
train:7457,-6.098062458154103,-0.011947623091040069
train:7458,-2.0485459998656705,0.12433232553561113
train:7459,0.4925933369627711,-0.1172362940039686
train:7460,4.489272269700561,0.04514152389238248
train:7461,1.4161820047141727,0.16004096825380892
train:7462,-0.07858038630172104,0.110025372212924
train:7463,-7.217638063009932,-0.3683736733834994
train:7464,0.4924964018765867,-0.2141255244061619
train:7465,1.1128737472510086,0.3076519657064179
train:7466,-3.0802396047036913,-7.865239719214342
train:7467,-0.6202433035082036,-0.07519058677489021
train:7468,-12.448603071045122,-5.006556186207591
train:7469,0.28832089080110335,-0.03258193998952737
train:7470,6.781946524313359,12.25602154310172
train:7471,1.1057777270091296,-0.26767111952984035
train:7472,-2.9229685875129423,-0.40300201711792527
train:7473,1.3696248034403715,0.7542102954611392
train:7474,5.699633975369645,8.141362510378674
train:7475,0.1532345257686373,0.0816668284174608
train:7476,-1.1265399078138927,-0.11378968016462371
train:7477,-1.0242931508398199,-0.10094756803908028
train:7478,1.0144062963469245,0.4521669382602722
train:7479,-9.278102342773067,-5.460892062337028
train:7480,0.5962341460036247,-0.05451225901651602
train:7481,-6.443153224636327,-0.18085217304517498
train:7482,-0.5991082003046507,-0.3852866830529749
train:7483,-0.33908901371560934,0.14422016974574098
train:7484,-3.849122896861986,-3.517211568337226
train:7485,0.8437019823685941,-0.9738686283060072
train:7486,-0.47171190254702333,0.2080421223270013
train:7487,5.2036606090552295,1.0244235650506495
train:7488,0.8368109902946156,-0.20266558153836356
train:7489,3.6970908504131854,4.299799636893741
train:7490,-0.033667245932090195,-0.6911114790142714
train:7491,-3.9058640936411497,-5.475462296184582
train:7492,1.5138251586983293,0.11760322911883352
train:7493,-4.246632066687681,0.0767202074913057
train:7494,0.8467741504717414,-0.28256376680800793
train:7495,0.15140345221018608,0.09075853050875116
train:7496,3.2686977437043225,0.23203945383016983
train:7497,1.6177577028306969,-0.03112758436191912
train:7498,-3.1183953002583675,-0.3991585922355481
train:7499,-1.2963350776146045,0.284750911197742
train:7500,-8.015704395107484,-13.064487260944635
train:7501,-12.57704089794819,-0.8753639068913037
train:7502,6.931697982348493,8.553441113297792
train:7503,-25.005069236068596,-10.57231932135722
train:7504,15.944147658999889,3.100388577701664
train:7505,-0.09924243698636459,-0.03288416691552551
train:7506,-0.1577677507594495,0.058035778543983195
train:7507,-0.09385359006088329,0.26442381435360307
train:7508,10.875580767102406,1.3469914973219066
train:7509,-1.997060451440324,0.09564944238859885
train:7510,0.32169468789559164,-0.22790142286360093
train:7511,-0.23858987779173785,-0.11155168870765139
train:7512,1.55551468442129,-0.13543539087564999
train:7513,-3.3513175271561577,-0.20207468046331784
train:7514,3.7683420905487703,1.3513994310294783
train:7515,0.3734324535116095,-0.09258322208760655
train:7516,-0.03553969705730595,-0.2725777954291937
train:7517,-1.014237007366594,0.22159069078369548
train:7518,-0.05311354002022492,-0.09213997495091727
train:7519,-6.314191901776215,-6.114426939407847
train:7520,-3.3051396977304455,-9.66809059736518
train:7521,0.6220967524391469,-0.16167356705199099
train:7522,-2.76703188062123,-0.050641799910642715
train:7523,-0.6004931865000618,-0.47021979629016825
train:7524,22.251563548992642,9.38882058909436
train:7525,-8.017212584170228,-15.584455797899576
train:7526,0.6896295905636888,-0.03252473300471487
train:7527,-1.4208455225486452,0.22272905271713997
train:7528,22.19126574113765,8.07208527975318
train:7529,-2.345280105836317,-8.574338699209617
train:7530,-11.768128994193523,-7.425320003257652
train:7531,-12.290365027574932,-7.061611974579236
train:7532,5.117365136527129,1.5964496163068544
train:7533,-7.982401497776271,-6.052332395244547
train:7534,0.15180537250757875,0.2164405642120665
train:7535,19.602729796329864,7.239768446225827
train:7536,3.717709431406902,-0.1791238373319498
train:7537,8.2987114364563,0.36144607596112716
train:7538,0.9113642997329553,-0.2523139686542925
train:7539,-1.4397332194854582,-0.07654058601997893
train:7540,-23.52702535792062,-10.449457549206919
train:7541,-0.7264771842190487,0.004947054664349609
train:7542,-6.254806260055964,0.01642418815975369
train:7543,-2.241111384131855,0.044396834464150096
train:7544,-5.282432511256204,-3.4882003513359843
train:7545,-1.5410815253609642,-0.16293632921176088
train:7546,-6.571088011907494,-0.6672550250609839
train:7547,1.0852695636795315,0.27885866309246077
train:7548,-0.2519459984435563,0.06282504459670146
train:7549,12.422283511090695,3.820102663247881
train:7550,8.111617886707366,0.23276131752880122
train:7551,-3.1014267785530603,-0.23868094499807468
train:7552,5.065729652536821,0.15902393933927472
train:7553,0.05930744921312092,0.03595060120773281
train:7554,6.940497921491406,0.6665073869324729
train:7555,2.1957455907207653,-0.007916171261074759
train:7556,-6.3544071773395086,-13.84971290237542
train:7557,3.6922440961039675,0.2685584812796079
train:7558,1.5135922355415987,1.3448279034773525
train:7559,36.86220925279585,10.294798334617075
train:7560,-2.3443000618954217,-6.336011704012163
train:7561,0.9685011404370255,-0.4592787107883625
train:7562,-6.480857951204918,-1.605729761816634
train:7563,7.005730352870432,0.34692677202274574
train:7564,1.462099015994324,1.7703558542598068
train:7565,1.8350166610421854,6.05231978127439
train:7566,1.0648943664633568,-0.4074667298278794
train:7567,16.80360528251457,10.62625874315845
train:7568,-5.036304796646276,-4.721412606886071
train:7569,-11.180654950435324,-2.3015246226531607
train:7570,14.657312771286238,6.935927741144894
train:7571,4.945439951871005,0.3252544550706533
train:7572,15.580193371237836,10.819212624481
train:7573,4.323208752030586,7.55031021487437
train:7574,2.783819841655291,0.002561266608210863
train:7575,1.4230123251874458,-0.04861045263696437
train:7576,2.764305204844523,0.15871579198966132
train:7577,-8.83176764416521,-4.407650983755687
train:7578,20.094140937221127,8.703024967091977
train:7579,10.075063395319656,2.18573833887786
train:7580,-9.424571490455866,-1.8760821256959004
train:7581,-0.1698494191090959,-0.046247418980021604
train:7582,-0.9184167909024797,0.20725370736050203
train:7583,-11.00180901905047,-1.6830774571249874
train:7584,-1.4802967174926467,-0.7417507881165035
train:7585,3.8324859199887036,-0.03088841351394371
train:7586,0.5094578336055664,0.06316728787990634
train:7587,29.94180842192687,9.255788242477093
train:7588,7.179537519439623,0.39423609249781305
train:7589,7.576667317417229,2.931208549723407
train:7590,-0.39162910894785097,0.20912834173438855
train:7591,1.3900709004198228,0.27647900945115234
train:7592,7.232102836390931,0.20097277987835888
train:7593,-1.3352848505179753,-5.964699854160417
train:7594,1.7148487684942597,-0.12556483209213076
train:7595,-1.3971870851471757,0.01775079103200139
train:7596,-3.0102185335755105,0.06760496636636432
train:7597,2.42830959947033,1.0216787710661301
train:7598,10.0028172339158,8.320552476751825
train:7599,-6.723430914404938,-1.9112373158016789
train:7600,7.599252960039943,12.110191380540419
train:7601,0.7390706687660341,0.4628077940874199
train:7602,7.132239706212385,1.940346338299709
train:7603,-0.8653830705970668,-0.05754401522036284
train:7604,13.408530367668591,14.154850619722053
train:7605,-8.03112102560088,-11.097322515044851
train:7606,4.970552415565239,9.096170768593554
train:7607,-0.7558945420644777,-0.01778801399188404
train:7608,-11.026169712795735,-4.623487088359993
train:7609,10.45224734645083,2.6241437103363343
train:7610,1.0064301892074576,0.3908162988907493
train:7611,2.5831365507230872,0.24014330114257224
train:7612,-2.9297205695592514,-0.8413987932625966
train:7613,-0.4203460701154059,-0.09716862584282596
train:7614,1.749810255369657,4.099211404984518
train:7615,4.51982286146721,0.10359065637759417
train:7616,-5.103444315428315,-3.182874547222887
train:7617,-0.21834474096098316,-0.16459040997337782
train:7618,-2.028912111977654,0.9229452217121767
train:7619,-25.685941281427503,-9.46641443411885
train:7620,-24.49372061682755,-9.44985550857981
train:7621,-2.9207337339911765,0.09774142050652981
train:7622,2.0586886771856974,0.09715351530849425
train:7623,9.865887242579909,0.4461238263484094
train:7624,-8.420101767508275,-0.1653168388179294
train:7625,3.905158177346938,-0.054453411432388465
train:7626,0.08012478200225163,-0.11488809707126649
train:7627,-12.698475222989,-8.996299701759487
train:7628,0.055311027146738606,0.6753513585271875
train:7629,-3.7753425110724783,-0.35840867314375613
train:7630,1.2030891630844494,-0.057347214632959304
train:7631,0.7289671038117972,5.700130186395874
train:7632,-0.27842299200805987,-0.006807126124086529
train:7633,-4.623965720925576,-1.62702873542894
train:7634,10.544073000514484,2.4459739114155363
train:7635,-5.82766610326205,-0.41358402536094546
train:7636,0.7649353673257185,-0.11710846991820303
train:7637,5.451451329915907,0.7687003539334694
train:7638,-1.7007266385593884,0.15498770837217418
train:7639,0.07600864394214045,0.4553655362814213
train:7640,-13.666641477640232,-3.8831008808006366
train:7641,0.10706064813300921,-0.18881079165299103
train:7642,1.7057617434246373,0.11227541850834183
train:7643,0.19964295376867788,-0.011850399749020843
train:7644,-2.986185605948998,-3.388094690311391
train:7645,2.40337822074525,-0.38869085530134295
train:7646,-0.7338456455185012,0.07976637243696316
train:7647,-10.169258901761234,-13.41370836968854
train:7648,0.09207964438184155,-0.02413000030070983
train:7649,-0.03025545633993726,0.10837007883442201
train:7650,0.7492114270387111,-0.30166761853674867
train:7651,-1.3113286341107453,0.0005234995980822471
train:7652,-2.8923938200893073,-1.2799889104700288
train:7653,2.0935920495010323,3.559779782294481
train:7654,0.3516239187860517,0.1008296703911391
train:7655,-16.63905152173359,-7.949268648237716
train:7656,-0.03990735493336792,0.21077764335887025
train:7657,-3.666002290897169,-0.03648143057023692
train:7658,-5.522779454347587,-1.4900287063637827
train:7659,-1.2834134214138135,-0.2855098551954461
train:7660,13.822004769434674,2.441248985388131
train:7661,0.056241789940700615,0.04802840804366802
train:7662,4.381462787037299,-0.011965598353100848
train:7663,2.1923993543523626,-0.005445286031767305
train:7664,-1.6824740175349389,-0.743119903910133
train:7665,-3.032414111271085,-0.08591140398604641
train:7666,-30.757384146673363,-13.927655921243929
train:7667,31.711187563415677,20.796631202413757
train:7668,2.7039699712128495,3.300113141067109
train:7669,11.740080874764596,2.8534669679186266
train:7670,-2.0066005376201943,-0.00447034205618492
train:7671,-1.1934309287371039,0.006912278652590059
train:7672,2.796002048193846,7.086983283855103
train:7673,0.9381216379352008,-0.025106798866822294
train:7674,-0.21848944621553895,5.5869853273367145
train:7675,8.506476102761248,0.9069650710793318
train:7676,0.17105163627997816,0.046900531679758974
train:7677,3.6572026435939238,0.07212310554966579
train:7678,1.2055990147044313,0.6545431381013027
train:7679,0.7823037172042563,0.7530409048015183
train:7680,-1.6234735591187825,-8.46422452639823
train:7681,20.355040908082476,7.277590109531431
train:7682,-0.6864155635525607,-3.9211710592372717
train:7683,-0.391762888665115,0.1916039591636315
train:7684,3.5806653030750484,-0.013873972008553836
train:7685,6.736947258165716,2.152715499899244
train:7686,-2.688386608779765,-12.802155715786347
train:7687,31.53209801579504,11.426171600300995
train:7688,6.394857062648642,3.719632646514532
train:7689,-1.003969559352981,0.23029157358597382
train:7690,-0.14842397556347053,-0.11917334248223282
train:7691,2.03139064111663,0.5473959534860182
train:7692,-1.5154330129647122,0.12913407440920494
train:7693,-3.0850287093693267,-4.9316284462193725
train:7694,7.51729283369251,10.085472698738213
train:7695,-1.5877414731769552,0.16505135856203684
train:7696,0.5737661272504769,-0.07937368704589212
train:7697,-0.7965024395955538,-0.144541644369561
train:7698,3.0804902540681094,9.036253228390947
train:7699,-5.220092790218852,-3.0820022270053204
train:7700,-1.0673009472432398,0.1917402002371874
train:7701,-5.479463185859355,-0.13384244027112072
train:7702,-26.720134974639418,-16.641172949777527
train:7703,17.744512554081094,6.805575135182785
train:7704,1.11476061078712,-0.04073300803004182
train:7705,2.1259792938238986,2.408479226686466
train:7706,5.230262200236507,0.5686470643965673
train:7707,-0.030094130321203588,-0.5995500592225698
train:7708,-2.398728764100577,-1.1671340808376114
train:7709,0.6446419473280577,-1.2437426504893228
train:7710,0.4441225394552303,0.11377364233502699
train:7711,11.949487626078671,20.158515105688405
train:7712,0.15315409521751072,0.3325609711159311
train:7713,-0.9271797691851934,0.2750642421983208
train:7714,-8.652692973871948,-3.8745306753003237
train:7715,0.3951124388303089,0.059771532619328674
train:7716,1.3860084602132092,-0.28441422017459844
train:7717,-2.1397456438883307,0.07026994162768521
train:7718,0.8879829525538644,1.491990232682492
train:7719,1.7344726606779455,-0.042421541377275246
train:7720,2.306523565112022,3.197313473306359
train:7721,-3.7270109560508473,-1.0761598529398952
train:7722,-0.8756530756513227,-0.5803868605968665
train:7723,-10.492384224205733,-5.609388840758966
train:7724,-1.1823252363091479,-0.05899730089189606
train:7725,-3.538537534187788,-0.11359073966507008
train:7726,0.6655027498081152,-0.2512923745938381
train:7727,10.205603574547547,4.122459981226369
train:7728,-0.01918137823265556,0.11683407336168507
train:7729,-0.4911306503336884,0.028723404572818537
train:7730,2.9833645521267496,0.3446249398532957
train:7731,3.002977053856663,3.8627240068453346
train:7732,-0.2160048163146241,0.19807234295012277
train:7733,1.0880825408447998,5.793510246193535
train:7734,-0.16253395828842054,0.004277190830965477
train:7735,0.8598348167002017,0.7052399751751697
train:7736,0.4389329092416434,1.6911709730401934
train:7737,7.543386736077081,0.5345404312443343
train:7738,18.628543803089112,11.060037767209232
train:7739,-0.9688107154316109,0.22891703668156405
train:7740,-0.8054725381703305,0.2885017492144251
train:7741,3.713054455145891,-0.1155302133771044
train:7742,-0.22722057771933835,0.04746011870700831
train:7743,-17.276552438459568,-18.742132992306487
train:7744,-4.8184114598971455,-0.10524765017428728
train:7745,0.35899540204262737,-0.020234147570655406
train:7746,-5.5664862526794385,-0.5239134376694308
train:7747,-2.3842133742046303,0.03221246000314026
train:7748,-1.7756623418029398,-2.735724496093462
train:7749,31.63520533317452,9.18190763283432
train:7750,3.9518727528493884,0.3777723217190471
train:7751,-0.4247742833630531,-0.07150893925106011
train:7752,-1.529167575631658,-0.31658394750937735
train:7753,-2.3004342621272387,-8.726247353563664
train:7754,-1.963324716865766,-6.467605459021326
train:7755,0.3038649084101571,-0.16106419140204947
train:7756,0.23318993225215262,0.0350260164980826
train:7757,0.17742389779083817,0.016812938867020594
train:7758,-21.460547848398694,-6.3832934909509
train:7759,5.665452385890287,7.700416207233178
train:7760,-0.018667064376101883,0.041452244015217056
train:7761,-3.454142175315493,-6.835673202053531
train:7762,-8.92753671981647,-3.8329028215837537
train:7763,9.727334692727071,5.366028840939666
train:7764,0.17211850337360668,0.01194306945664883
train:7765,2.8025362168690404,-0.20422358024444126
train:7766,-9.49671258073513,-0.2892974997011108
train:7767,25.516735220189013,10.893413364981427
train:7768,-4.353541471044694,-7.349412468826311
train:7769,4.617532498508078,8.414193320510178
train:7770,-0.9717206276830633,1.2895268670865478
train:7771,6.078910980496032,3.3756380592060133
train:7772,16.894546665432312,5.205046959069226
train:7773,-12.543997424013098,-5.01986130399201
train:7774,-0.504995854531655,-0.0182563694311344
train:7775,3.318981483027575,-0.15724680211749847
train:7776,-6.2191034638524085,-0.9170033161334843
train:7777,7.488165816189154,0.6906732721826638
train:7778,-9.929172311898931,-4.526220948097763
train:7779,-0.0024001016398698116,-0.015942268432023773
train:7780,-2.4613065223759443,-0.7546119454601827
train:7781,5.702854916746553,11.783948933785833
train:7782,-3.705253329679904,-4.637503512943103
train:7783,7.67971140615536,0.20625165783101845
train:7784,1.6887783443919537,-0.009526098501994762
train:7785,-9.59356026262115,-3.806702022539634
train:7786,0.4945631880906517,-0.0882680179065389
train:7787,0.38533756982778583,0.15519777641490834
train:7788,1.6558213449222343,0.2018743961975981
train:7789,3.655709796775037,1.961845322367644
train:7790,1.9339740176875968,0.29728173743585196
train:7791,-4.856799613692072,-0.06775353608845683
train:7792,10.060646335259335,6.497246891662297
train:7793,1.088586045393182,-0.24316184970996452
train:7794,-4.798737124275325,-4.641160765468421
train:7795,-0.23636060326773795,-0.03098171368368778
train:7796,-3.385281070806161,-0.23751633347558904
train:7797,1.9271063876667638,5.176504525489665
train:7798,8.277908283619825,4.734615805033269
train:7799,-1.3390860076625475,-6.06250068713855
train:7800,-1.62069382348187,-4.3900195342470205
train:7801,-0.8485493746711045,-3.2410730246649178
train:7802,13.212297489745978,12.710474971738604
train:7803,1.5400445885326355,1.987371621102054
train:7804,-3.6331866260375216,-0.1093992937366828
train:7805,-21.809147804475735,-11.64779579910775
train:7806,-0.0942821268267846,1.1745809153010593
train:7807,-0.12160759296820162,-0.08143741832344187
train:7808,-14.627119873369905,-5.889929611706445
train:7809,-1.068098046549058,-1.3502972934302464
train:7810,-0.8873517690501568,-5.146817441389491
train:7811,6.966357505969806,11.081948185053225
train:7812,-0.9564653232084005,0.2376363227283332
train:7813,-1.4482948889321152,-0.1258326064325124
train:7814,31.137391362513803,13.880949853515501
train:7815,1.0273012198500862,-0.39573558876025927
train:7816,-2.743813951585035,-1.2818897231025517
train:7817,-9.795060644267835,-0.9970742636440462
train:7818,0.5561125511111522,0.615044068991645
train:7819,-5.115095122429658,-0.062425154834725105
train:7820,4.90082098740441,5.000832574691265
train:7821,0.34099918245717376,-0.17574184883953775
train:7822,3.785132549242046,9.042133136336163
train:7823,0.7399089131803765,0.48069467777640273
train:7824,-2.307935689540114,0.23724821399471133
train:7825,-2.1849471487049916,-0.05081513279480024
train:7826,-3.103165566190132,-0.4293859926420926
train:7827,-0.95407774462279,0.05539612557643841
train:7828,-0.0024937823106906676,-0.07899242603115053
train:7829,14.476959580671599,3.474855514027508
train:7830,13.226311002301225,3.6256882205524867
train:7831,10.301666477414484,4.245790251476732
train:7832,1.9893938056000589,0.08351114736922101
train:7833,0.06599480786864013,-0.034064471127111834
train:7834,-1.5441165001456714,-0.04646668864500114
train:7835,-0.022434979992318194,0.10304733268268555
train:7836,-1.1539730021205457,-1.2817964229328076
train:7837,-1.2139425789403053,0.2851219719645681
train:7838,-13.97288196334591,-7.789384113317844
train:7839,-0.018122298490075406,-1.0772181108285213
train:7840,6.46283250126262,14.425082149895244
train:7841,-7.840247704865477,-0.4206649946656033
train:7842,-2.3220138254861498,-10.899415450398886
train:7843,2.4400419993140003,4.143266775044154
train:7844,0.9771981005795082,-0.2976527153607441
train:7845,9.899864268807846,5.638323246425547
train:7846,0.6352097217716635,0.41228810607437805
train:7847,3.9625669941921013,8.687795069658955
train:7848,-1.2592454355497158,-0.06485466842913076
train:7849,3.7150512714296404,0.021426304141001218
train:7850,-1.0178749788265105,0.07382440703939477
train:7851,-0.044149252901454494,-0.00769661627447521
train:7852,-0.02982052697242904,-0.06880252102443243
train:7853,0.12977809457794548,-0.4869025514122937
train:7854,-0.22477883636374973,-1.750903399330287
train:7855,33.75349871428119,11.370110467114477
train:7856,-1.233468606204846,0.1503655694583782
train:7857,-4.925063300523961,-9.489766867430387
train:7858,-0.9166601039809085,-1.8690037242858226
train:7859,-3.155523065474657,0.10035047273032827
train:7860,0.676136552008363,4.128089376789213
train:7861,-0.08940050378152933,-0.13598206709959376
train:7862,-11.624723646117221,-20.715571389987105
train:7863,0.2342327399179152,-0.22688268201934664
train:7864,4.678625313544727,3.665064316043919
train:7865,-1.4464249948475425,0.0201633279900163
train:7866,-5.001355165141132,-0.38482175147316466
train:7867,1.6831730788447996,3.657999752732412
train:7868,0.10635548606121008,0.1208891355557064
train:7869,1.0518306782777733,-0.44567115208673075
train:7870,-0.8171679771538011,0.09973524798717652
train:7871,-6.60945663921024,-5.120680269066634
train:7872,21.754675691961083,14.642706079770548
train:7873,-0.7126810201184366,-1.2679058251841235
train:7874,0.8462553036795029,-0.3347228415192361
train:7875,3.2837396515144355,1.4432284825007515
train:7876,-1.4530040279631051,-10.115739676008006
train:7877,0.13091446668540885,0.10061453788964976
train:7878,-3.2363520500250327,-10.870407371935464
train:7879,-16.518258781435875,-6.1656940987349165
train:7880,0.8640127886522195,0.21768649239625568
train:7881,-0.7717514484649084,-0.0994396432773147
train:7882,3.613729233335283,0.4198498423087569
train:7883,7.8487717754586415,0.37376940205108306
train:7884,-3.070925467933344,0.33671368463440166
train:7885,-6.478374367366084,0.21784670048589266
train:7886,-0.14909194431682965,0.07303221156143032
train:7887,2.251633898216451,7.446845177095751
train:7888,-1.3825129262731384,0.046102344447774266
train:7889,-0.11174531966734447,-0.3188251488345748
train:7890,-8.732412202783369,-6.93316817025501
train:7891,0.25993169575230124,0.19402748100401684
train:7892,-2.8334614719375444,-10.407597443691659
train:7893,-5.054814051567963,-0.09189231578474649
train:7894,2.752126252721332,-0.19122703779206612
train:7895,2.235569406607477,2.7951626361555713
train:7896,0.49635358145705916,-0.19833525531143525
train:7897,-0.020764767536120138,0.00021792014304895801
train:7898,-11.047091884251218,-1.5967024710810613
train:7899,1.9098558941160326,-0.3908166440312454
train:7900,-0.8099436399633039,0.14803841499515202
train:7901,1.1235031327446916,0.23533270729875805
train:7902,-1.1278714286140463,0.2377300508805073
train:7903,0.20427886845398865,-0.13409922972913188
train:7904,-2.4168681779620242,0.00022690777407935458
train:7905,-0.022693822242836836,-0.1108780443628021
train:7906,8.874385899939398,2.9473905654024106
train:7907,0.486385423427768,-0.20933754230073365
train:7908,1.646815447778459,0.007639135479571679
train:7909,8.409125381243324,3.806232893977458
train:7910,-1.2800076757359071,-0.004856524868871712
train:7911,-0.8457294237586287,0.08012423707886372
train:7912,1.028920059035189,-0.3453539250808984
train:7913,1.0804237392032747,2.415333507964024
train:7914,1.3834821040581695,0.005238796020812286
train:7915,4.632853356206492,4.5465340756940495
train:7916,-0.8319688257687748,-0.2896735535962871
train:7917,0.35025020681529284,0.06331251658449266
train:7918,-5.424527724690455,0.10472966028468371
train:7919,-0.4657835200459213,0.1607155398939233
train:7920,-23.55351629897954,-8.289786306284764
train:7921,-6.733530760027331,-1.3058521740376736
train:7922,-8.16105588357116,-5.271086419769694
train:7923,13.751691730756738,16.118982967444346
train:7924,-9.341367247606614,-0.9381922982612758
train:7925,-4.51898386029672,-0.5136186056369529
train:7926,2.1555691356835935,0.219533307912191
train:7927,0.012625650322546034,-0.0643154105673073
train:7928,-2.2507946645877195,-0.05517106663712465
train:7929,0.2454074724432253,0.08202176851275624
train:7930,14.512840904803667,2.993093953139238
train:7931,-14.991357760185062,-9.429342025387399
train:7932,-6.125830989701437,-7.398866694579822
train:7933,11.2732377803689,5.51307960939138
train:7934,1.1337136284894436,-0.23408419970845978
train:7935,-1.012275059818882,0.05809712269228586
train:7936,2.5796322427513148,0.1462100027237075
train:7937,-6.57462323682522,-13.761209559707012
train:7938,-0.5352593603715948,0.22786120402670815
train:7939,0.22376863223305019,0.2603118304963893
train:7940,2.6593293881299123,4.287539937525048
train:7941,-3.524903858397111,-3.8219558869887376
train:7942,-1.3119592933165443,-0.009726679600863486
train:7943,-0.18538681165830256,-0.03700913290644989
train:7944,27.77839024722282,15.902541410362371
train:7945,0.25426982662364594,-0.043770898648718914
train:7946,-2.271522036037873,-0.030033589940386546
train:7947,5.807940918667042,0.32268499122163163
train:7948,0.007103837283641584,1.6589675777542532
train:7949,-11.897505022554242,-3.80062866653605
train:7950,0.6745900073359781,-0.1157367862299934
train:7951,-3.3064912099392605,-0.2782167492663089
train:7952,-20.80409879559344,-7.826988932192239
train:7953,-7.554305472698449,-5.5770248094009585
train:7954,6.134846012098009,13.288648419958784
train:7955,5.2171473712380685,1.7300620217776046
train:7956,6.010873243073667,7.3173473947072
train:7957,0.5645665923925733,0.008521064607030018
train:7958,-6.57921196248776,-1.2582416965926833
train:7959,0.055021616637627044,0.1847190771423271
train:7960,-0.3889357315471914,0.06669721563229485
train:7961,1.087888438214191,-0.0448723114323718
train:7962,-0.1429767816196864,-0.012826841663108296
train:7963,-8.335878427733764,-6.361314025274863
train:7964,-7.416830599247411,-6.528966726621194
train:7965,5.920159669231371,0.2101073515430561
train:7966,-1.0079655165028827,-0.39729159021499694
train:7967,-6.809594815569056,-0.28786889434970864
train:7968,-6.519548300712169,-0.09931096322668911
train:7969,2.005481775491298,3.373788604465093
train:7970,-0.5765481280883639,-0.27548607870198016
train:7971,17.56918511062067,11.20118523134289
train:7972,8.739614980738951,9.76504853045892
train:7973,-0.06156874359284731,-0.15903263013715613
train:7974,1.7172405313281947,-0.1251237248675916
train:7975,6.525092256665325,2.9469451783535714
train:7976,-1.3692246834274728,0.01676985530239873
train:7977,0.14685563919793015,0.1210385014237829
train:7978,8.746840712678889,1.7848574682577474
train:7979,0.020915808544590728,0.18193348216614597
train:7980,-0.1336012758739133,-3.488269969811267
train:7981,9.71965148297032,1.9421288851207366
train:7982,0.8770471870995316,0.01866096699984096
train:7983,12.445563738935277,5.0130220849414355
train:7984,6.838594737796424,3.7340528011899594
train:7985,0.43211932576166834,0.14372371012691937
train:7986,1.5730927116325333,3.9612464182004787
train:7987,4.530598695652251,1.3359432735517862
train:7988,-24.118536736395487,-17.23037464925443
train:7989,11.81043854542466,3.3798499769606365
train:7990,1.1095977132711619,0.007718740211555136
train:7991,-0.4220754431937477,0.09361723915006047
train:7992,-4.235749301712126,0.055355324584776634
train:7993,-0.31375222781953327,0.0585281009993146
train:7994,1.7387171156866748,4.798873657719503
train:7995,-5.824803147575127,-0.23178593405925985
train:7996,2.3584737975596286,7.7012008416882125
train:7997,-8.836586038569116,-0.6710311140410381
train:7998,-1.917467447353359,-0.22444774731416073
train:7999,0.7711100393323659,0.2144898916264467
train:8000,1.3566822259979583,0.025543209796160246
train:8001,0.1605444075915467,-0.01591145369706244
