row_id,pred_displacement_m,pred_v_final_m_s
train:2,24.431694541337723,9.918158959476457
train:3,1.8790493658268685,-0.34209687179284926
train:4,-0.47813135308065413,0.04490354782869088
train:5,-0.5275352379645595,0.03778448808776131
train:6,1.4899145041061885,-0.14046420226096992
train:7,1.2053828285409987,-0.07439455728765684
train:8,0.03627641660208705,-0.0015413907985488001
train:9,-6.447854460087148,-0.051048971695001666
train:10,-0.44238950389273657,-0.1175020889256114
train:11,-3.122665093215284,-1.9338648895375732
train:12,-1.072406660032096,0.04083115234625379
train:13,-5.83598903809597,-6.603934982279454
train:14,-1.4969016745102026,0.04778572417324622
train:15,29.350838206235306,10.229870546767053
train:16,-2.584426634575048,-9.202045692593675
train:17,2.2406323470801275,4.764940642773047
train:18,-9.796907292528383,-6.755978308438146
train:19,7.634412733794274,10.233442773449609
train:20,1.9770014568123178,3.1651742753849215
train:21,13.411707606896332,2.131554764611834
train:22,-8.266936892673305,-4.436013664714641
train:23,5.933695247644662,2.521641633025257
train:24,-11.491375371347107,-11.915226612258898
train:25,0.3997306866893606,-0.14931773212995492
train:26,-29.893898486771626,-14.75849992456878
train:27,0.18078152461301278,-0.1783768831633586
train:28,-0.6991772884840592,-0.4205063915100789
train:29,-0.9513919221149388,-2.41970540830554
train:30,-9.930678641295753,-1.3081254740451225
train:31,0.3624541481993109,0.3990276054582889
train:32,0.4277033165716343,0.031850226373933255
train:33,-2.0067688373861357,-0.23263936668991947
train:34,-0.15429842775283464,0.012114387256865033
train:35,18.24159939536631,7.701208830693573
train:36,-0.5647996886261162,-0.016481116144018454
train:37,26.131321333424083,18.169023372379414
train:38,-1.7649857672864862,-0.33702342540659863
train:39,0.08247121547933767,-0.1045342212960475
train:40,1.8393998936203442,0.27570705397560746
train:41,-6.3366492274503115,-1.441586373735646
train:42,2.0986668453439354,0.1838817116853944
train:43,17.031784431478293,4.052950213480567
train:44,2.366755354826784,0.28413845050778413
train:45,1.1454074402652323,3.0929516696760406
train:46,-2.136725081514519,-2.1058651790688425
train:47,3.061191338504293,9.772230646277873
train:48,-0.31010449311352634,-0.11308131574513916
train:49,-1.1594662227958992,-0.056393901602694085
train:50,-7.103021273239182,-4.624980747040758
train:51,6.1629939154934315,14.896169828978849
train:52,1.4280834016985047,4.183639498954289
train:53,-1.9970074509615472,-2.0901483802912693
train:54,0.8415466295649937,-0.5235866730841114
train:55,13.920277885249908,5.74464891876641
train:56,-5.497632121917315,-0.6459043369050506
train:57,-0.33702548191690784,0.2521420560571628
train:58,-11.543659878744194,-1.1459138559924287
train:59,-1.1873149524361195,-0.420669167494296
train:60,-0.10964970863148843,0.04316137401689513
train:61,7.002952011982961,9.536665692936188
train:62,-14.956003651341883,-1.8634161283403095
train:63,4.6099613336231275,1.4527703507780165
train:64,6.3740176463266875,0.12217891410637124
train:65,6.351167001310087,6.887803114140641
train:66,0.3538370374623542,0.5298200346976465
train:67,-34.299606987263665,-12.970240964708616
train:68,-0.9527380877842279,0.06645560171794809
train:69,24.260277975311265,11.343056271104901
train:70,0.6576396173734103,-0.12333691605486513
train:71,-2.0502403879788544,0.03935118910324944
train:72,0.7229706110463018,0.02982915067857536
train:73,0.7646099257893682,0.6550805057073934
train:74,0.7439053352467588,4.276838950166482
train:75,0.08695231297664176,-0.06510063349818271
train:76,-3.2953248459105993,-0.6213412839598023
train:77,3.8897255072349646,-0.07185633615602649
train:78,-0.3031858385089581,-0.3865551159799426
train:79,8.177590465123348,0.34729538972320056
train:80,-1.0268906392163761,0.08024590891719777
train:81,-3.6329285973908436,0.044128328987117174
train:82,5.339987603715911,0.5561981611286035
train:83,6.889532847065981,4.926070891885894
train:84,-0.06450259904304573,0.09260675480018528
train:85,0.5175772512501473,0.02409604070685606
train:86,-3.0713457524317165,0.24240260255803922
train:87,-4.955144326645304,-4.690961371668627
train:88,20.02543372006684,5.236300518682145
train:89,-3.3528666288691853,-0.06448391081652588
train:90,-0.7331438540911857,4.366870760753297
train:91,2.7113565642550417,1.477087599147624
train:92,0.5572427630752489,3.7742149577445256
train:93,-0.9915256048359044,0.09607997488059632
train:94,-0.2612048101527238,-0.1327994649217666
train:95,-2.0833996261175916,0.11216013074125557
train:96,1.3404061973903567,2.4695259272002708
train:97,4.163955330966984,2.685702135175631
train:98,-2.0419286111404666,-4.2017629027547345
train:99,0.49029397627933574,0.5445888523927287
train:100,-0.23753010067443697,0.03374790046863577
train:101,-1.1111537293499691,0.005018723888776472
train:102,-3.6633062402267464,0.10489127714981948
train:103,12.978631396479386,3.2747608885209067
train:104,14.787763686549873,9.035344193709587
train:105,1.9350604112734064,5.154494245078667
train:106,-13.260946058425883,-6.248621686305043
train:107,0.799320822681776,0.4691468201844381
train:108,0.21350676321720286,-2.0820098664020352
train:109,12.196469857179757,6.910930143372367
train:110,1.4155441393029258,0.10235248537494908
train:111,6.302880775645305,2.4075289630310146
train:112,1.264247763803089,-0.08097407384514296
train:113,-0.09922093459914144,-0.30033662884459333
train:114,0.4274764373291501,-0.10488802010486287
train:115,-4.558543603622507,-8.798784669019417
train:116,7.461210888482696,6.01184976269183
train:117,8.405436733887035,3.9077394841563122
train:118,-0.2811945916065636,0.044976019520174035
train:119,-0.3578872142299264,-0.399925144432914
train:120,0.7656332069629498,0.0968016959184177
train:121,-0.9102912131145321,0.13698596489853515
train:122,16.1335806684787,7.128855943521644
train:123,-18.036832218687962,-6.548032487913663
train:124,-0.5916702339913634,0.20269268077119243
train:125,2.283116879984744,0.1670682792613033
train:126,-0.9835494976964377,0.14970189353762808
train:127,0.1437683613091666,0.0901765279017296
train:128,-0.20279049518935838,-0.10692065132583126
train:129,-3.7396873688081738,0.051961834064557816
train:130,1.942033228647953,8.75345955793185
train:131,12.520224676538854,4.577890065768553
train:132,1.0509352491363293,0.0058746887488136945
train:133,-1.1781519135219352,-0.04116029498861165
train:134,-2.6735780890428633,-9.278208875196546
train:135,-2.504866407099958,-0.6870836650349612
train:136,1.2372228661663156,2.3323541345198655
train:137,-1.128333788053904,-0.06798922957918832
train:138,0.8801151709543543,0.22294309742995302
train:139,-2.0665271096655076,-0.17426340136763968
train:140,10.465564414118287,3.9665399902165692
train:141,1.6714383544187266,-0.04947970278493341
train:142,-0.8124774347820316,-0.46014227233653254
train:143,2.258713646381513,3.066511771114351
train:144,5.777186693481934,3.8976847502670746
train:145,7.528721410616174,0.4411216747019594
train:146,2.971607046793132,0.09203382898720038
train:147,0.7260181385759825,0.07431649767090992
train:148,0.6295802805675232,4.98599014401822
train:149,-25.27163746866021,-20.829337108891412
train:150,19.639132756753053,13.620924848333395
train:151,-2.5520010346425406,0.19318947357343919
train:152,-0.5203857523274228,-0.12693681893456168
train:153,2.8328787585106654,6.5494185205248066
train:154,0.4206196166164884,0.38366162744512194
train:155,2.454476028825859,3.2444888352808303
train:156,0.04793884651544214,0.18268179161243225
train:157,18.38240214098477,10.69616824649389
train:158,-12.277983371866243,-10.881255299928336
train:159,0.052389491983273445,0.11414197471386175
train:160,-0.9054442263470742,0.01225933063983134
train:161,-0.1799855282169679,-0.2119846492956013
train:162,10.398964198453628,2.7724330599405227
train:163,-0.2799237424071155,-0.04988628609345111
train:164,-3.7681381652906425,0.09622862744462278
train:165,3.089118406571478,5.742183169326263
train:166,-6.946989723385448,-3.62470449142556
train:167,-1.3402487637802794,-4.126440562966039
train:168,-0.753842865636029,0.02776199554158547
train:169,1.8561021344114446,6.642835101489829
train:170,-34.483881283474844,-13.582576541136124
train:171,-3.574829844488618,-4.216757980494486
train:172,-0.9803411090645037,-4.639084194717971
train:173,-0.6029451560182214,-0.0362125327759765
train:174,-2.630002397158512,-4.54109162561119
train:175,2.6082627294534966,-0.24307728751483337
train:176,19.967027192454523,8.070383050968188
train:177,-0.19284883739945574,0.16486730828452756
train:178,-0.4858991776368565,-0.07688926687223535
train:179,0.7595734855561063,-0.04445775695109505
train:180,-0.30401431967721,0.11551965015609167
train:181,-5.605237971162117,-0.10641078159086909
train:182,3.3839493769291957,0.03882391474946651
train:183,32.41411152727769,10.833662452604909
train:184,-0.238485039125385,0.29601624688809064
train:185,0.5437062548289963,-0.019537766659211378
train:186,-4.141932875278968,-10.836862679713844
train:187,0.6093543215415891,-0.0002481705558425584
train:188,0.6594155983289222,-0.29997812222904774
train:189,0.047877245081775835,-0.03975365940195047
train:190,-7.587129506054745,-2.66806047390752
train:191,6.462390830606145,0.48619350303288933
train:192,7.733132169430791,10.215190178774174
train:193,-18.116420341151883,-16.576986998139535
train:194,-8.155819994167764,-0.7140522645585339
train:195,-1.0694600193786838,-0.024937763639566207
train:196,0.21026304093275086,-0.11242165215967048
train:197,-6.105125469325866,0.2039432454317068
train:198,-0.925194343355216,-0.1355586676480966
train:199,-1.4781230004880666,-0.19840589024498956
train:200,0.07616160146422511,-0.08093213156700113
train:201,0.24994738187531268,0.05368517664943276
train:202,-3.9531832930264907,-0.4332061994776412
train:203,-0.661373534705122,-0.047229799150325574
train:204,3.579841006155121,-0.3335941448556695
train:205,-4.53556557149025,-2.23619510196216
train:206,-1.2670251154761711,-0.12524885623056828
train:207,-13.359023909319308,-2.9660837564780196
train:208,10.096473729079666,6.390643316063542
train:209,-0.39534297802320906,0.7125194569969513
train:210,-0.9986606780621455,0.1739519486657226
train:211,2.930145562603857,8.956320947187711
train:212,-3.831786161304122,-0.11356151203162004
train:213,2.791451445682707,0.3803316388179571
train:214,0.12905352224308544,0.07131976469591961
train:215,3.3912578640026636,0.8819507106616291
train:216,2.141529355347199,0.07243109240586793
train:217,1.4676682505142398,1.4903028406217387
train:218,-13.785297461793569,-12.147837916190213
train:219,-2.461030361986527,-0.08691318602651124
train:220,-0.39213238103799275,0.15976147789440553
train:221,0.7880672868130211,-0.14759153632887986
train:222,0.6655617942011388,-0.13232426176363596
train:223,-0.15719485742635275,-0.05908990559019131
train:224,-3.25415649156228,-0.022474296772379082
train:225,13.640558095257898,4.051134712012427
train:226,-11.415517738722723,-3.002268814971233
train:227,14.465401756966356,7.505344668846895
train:228,-4.132313753297413,-5.648420267733423
train:229,-4.645438353493973,-2.4987283695057965
train:230,-0.4872776550015405,0.3314058287047096
train:231,2.954441168041852,9.559151319166126
train:232,1.278060432438759,-0.3313262659590009
train:233,0.20561806037607033,0.004833550157388414
train:234,24.45341915863855,7.5106436619737655
train:235,0.5428712648300174,-0.2152410249448029
train:236,-8.45648334177336,-2.1309011525992614
train:237,0.030576889238511276,-0.2787335023853539
train:238,-22.993349589620017,-5.908104028257996
train:239,-22.50043025966601,-6.016814989342163
train:240,8.847242216141856,0.4508813860361038
train:241,-1.4071123546311406,-0.6367075651271905
train:242,1.2144824063555943,-0.13283042231753797
train:243,-0.6462060994452736,0.10591016065488379
train:244,-0.4047984494036283,-0.15380469992627005
train:245,-3.0738739682526783,-5.726284537834808
train:246,-0.577555137185128,-0.10098139648365301
train:247,0.8452926941066266,1.9226327161644787
train:248,1.6654897480507227,-0.09209191609054643
train:249,-9.855934018725687,-7.630786949547467
train:250,6.083383477038447,-0.17851954397336478
train:251,-0.8295024438397197,0.03196578163003828
train:252,-5.116259273296831,0.03166605126821524
train:253,2.480875148879879,0.013269939817915286
train:254,-0.7952106691544831,-0.04716617242906282
train:255,6.38065293433639,1.0930116726334071
train:256,-0.07770250775741597,0.049715924932630155
train:257,1.2745268347287149,-0.017285152469213416
train:258,0.3782324837145369,5.84743089658672
train:259,2.746778085987894,-0.04843599629892803
train:260,-1.127368621440385,-0.0462117716101213
train:261,-5.67335753388505,-3.838983881271078
train:262,-18.949461410244524,-5.044107935260664
train:263,11.779403510685329,2.3546805512858366
train:264,0.7209961107536161,-0.19027850389893614
train:265,0.3069904256794419,0.09872604758459139
train:266,-10.438466000296167,-3.7976002628612386
train:267,1.0082126789936967,-0.327557024697827
train:268,-6.287369010350219,-6.679225651368328
train:269,-0.7310342955609147,-2.8293202590358524
train:270,1.2071420725032125,-0.17617334429200276
train:271,1.0175909742383529,-0.06150030263605613
train:272,-5.998497804356037,-4.844380518679019
train:273,5.439222166812821,1.1452818801156301
train:274,1.5280376555072297,-0.2358786230419203
train:275,-1.608829852274218,-0.4932004911960301
train:276,-3.5957348140343233,-0.13986245896436375
train:277,-0.6835163443801596,-0.1928929059031098
train:278,0.03674481995619132,0.1044457474401701
train:279,-1.1307025375220539,-1.3219888235790953
train:280,2.1595206933096076,0.052388960529716394
train:281,6.150550890809316,5.827258658051843
train:282,0.2811000404842098,0.0654255906697033
train:283,3.0882383196738905,0.11969062425824303
train:284,3.4105621261060053,0.49874936624315536
train:285,1.4525289427014614,4.184555951997769
train:286,2.8974321793699196,0.05338829950380985
train:287,-2.1221466954354646,-0.16706131303528654
train:288,3.628343417983336,0.0672239728406415
train:289,-4.8835499781471094,-5.801903897429937
train:290,2.44289333208891,-0.34752126377171516
train:291,-4.332530035624954,-0.10713407189760055
train:292,-3.8726932325904007,-0.0491735526866601
train:293,3.557036387870091,0.08814004483889104
train:294,-0.45560126797735956,-0.14966639514961008
train:295,7.011716617473357,0.12812073684312963
train:296,12.058119081079457,11.543041618431037
train:297,3.6866158171910284,0.2132015040186794
train:298,-0.07560736163804047,-0.05659448270156281
train:299,-2.2554382503949584,-0.026991793982035522
train:300,-0.5483221187242174,-0.10509487827937186
train:301,0.9094779011133246,-0.09541762489341105
train:302,-4.025808826278436,0.30942607770705377
train:303,-5.6148217594911545,-4.521723423401508
train:304,-1.255876650732009,0.013464529162763736
train:305,-0.12294817963972482,-0.003941230944473156
train:306,15.833968032119035,21.546333160866517
train:307,1.1122521539165793,-0.6563305595435438
train:308,0.4820776235485705,0.24251715918847422
train:309,3.163973214347422,0.03437945987453324
train:310,1.7407164890110671,0.11468080459325519
train:311,0.004578178503322594,0.15601520502364263
train:312,14.341555445224712,3.940256733224266
train:313,-18.2009105429862,-4.156199607933333
train:314,-2.7895431366070644,-4.128848962760563
train:315,0.5195705806602933,0.10374485488060962
train:316,7.756385432119504,0.7244585975255604
train:317,-13.337021271963142,-13.875565323721505
train:318,-0.19098870656097322,0.06596527651395677
train:319,0.9047878236580355,0.015033227429591955
train:320,-7.44283895699957,-2.1171786092847644
train:321,1.1799667743849969,0.5894727964368804
train:322,2.811279668659573,8.058436064095027
train:323,-2.2103025312602878,-6.34674664464351
train:324,-5.2075809578956225,0.13261940282586526
train:325,-0.6818303247636246,-1.3305230785552864
train:326,7.968145590657872,13.893257486916356
train:327,1.7372737824729612,-0.1268201223919766
train:328,-16.87615148812516,-5.925583401343196
train:329,10.562606431093156,5.3258401494744385
train:330,-2.5307190178311494,-0.12151742008404601
train:331,0.634996557565354,0.12132537448010412
train:332,-14.137637206039757,-4.244071533856654
train:333,-5.833892264768912,-2.391555006631876
train:334,0.5246325912999827,0.5772818595786104
train:335,-2.693503014647673,-0.04736347232930138
train:336,-0.18936196379570197,0.02111057793585623
train:337,-1.15348483981602,0.2402860867807872
train:338,4.8768080511865595,0.9319265043365224
train:339,-10.989473854989829,-4.362671171647212
train:340,0.506649389375983,0.03849279900944211
train:341,-6.479395323957263,-14.299941288463158
train:342,-1.0745875832421241,0.15292916638158843
train:343,-2.077554231208259,1.958145128938513
train:344,-0.2901670147637428,-0.005941620822380145
train:345,-4.8504497844013965,-1.0967487323703957
train:346,-4.324893317516253,-0.17544349158801104
train:347,-3.98008336058825,-5.71020552326063
train:348,-3.1062758574446803,-0.03699602594453055
train:349,3.0285797719795853,0.04608734723012236
train:350,2.3460582029478627,0.07557933116108484
train:351,-1.9491359307973712,-0.06151856321973692
train:352,-3.5047501938838943,0.0007089408184890594
train:353,-3.2939073155615533,-1.6991143867602148
train:354,11.47265440634998,11.942687046436495
train:355,8.018173393458609,3.182099268562437
train:356,-2.2204121401287713,0.12793727504146166
train:357,2.0258297750933636,-0.13037237656113107
train:358,11.510667837461623,4.385596418674711
train:359,-8.301323045404084,-7.508168271417415
train:360,-0.5728506473189434,-2.1889321462503446
train:361,-0.7735932151024111,-0.019419358186906224
train:362,-0.7139267638279377,-0.08844764569893795
train:363,-2.5309863448074372,0.11464585269480367
train:364,0.5167545815379017,0.03826240180128209
train:365,1.2565533960508057,3.0656287007004126
train:366,6.815810110920055,0.21606113995525378
train:367,1.235445490461362,0.04866052026020426
train:368,-1.4216226304458015,-0.17374582794893717
train:369,-8.338006815381496,-14.67067907121544
train:370,-1.8148887400122087,-1.4200696997272704
train:371,0.9797193426532623,0.5686553030583452
train:372,-19.599275175040077,-5.589358692390855
train:373,6.477985989028054,3.9839437530724657
train:374,1.1668882088720376,-0.5588892318066265
train:375,-0.9609234073399199,0.03972039527954549
train:376,11.296993152856555,2.6796567406908083
train:377,1.2561544977105363,-0.2259511425952086
train:378,2.122852265576052,6.35358403212661
train:379,-5.261345759366622,-0.884476580121665
train:380,-6.972124967987227,-3.4676286625330897
train:381,-6.104612201531394,-0.7348382298980578
train:382,-20.628473805585493,-11.599688291400696
train:383,-3.826152303393417,-1.706038429173866
train:384,0.06358305362604379,0.041444879150900484
train:385,-0.45119967119822113,0.1261722755000649
train:386,0.8762452061706681,-0.053250227993397375
train:387,5.208511082696291,-0.027953898484717354
train:388,-4.914328378989204,-2.5401953018286796
train:389,-1.9184388903393645,0.04603085354935991
train:390,0.19515557989888704,-0.19270687620686172
train:391,-6.534267556484815,0.015213836015059809
train:392,-3.683731415964575,0.024108737518946613
train:393,-3.2762172434785093,0.07832983157800444
train:394,-0.3756229643571797,0.028212946362015087
train:395,-2.5590421947397206,-0.5226552406555809
train:396,-0.11068507763356306,-0.35732049215023126
train:397,3.6136378772468647,2.4851835217416913
train:398,-0.25657122004981553,0.059960255038365634
train:399,-0.4140585396331171,-0.02602227111723336
train:400,-37.8257976479404,-14.006647782387605
train:401,12.059062861534873,5.023977293863432
train:402,-2.3713017137081702,-0.09511033350865769
train:403,0.5448088042625032,-0.10459670673083021
train:404,0.9132153647000681,-0.1229040831573063
train:405,0.0015757478722503437,0.10498785851819369
train:406,9.38449412201047,7.694583092033644
train:407,-0.3173709052455089,0.03619553198591221
train:408,3.020290776048742,-0.4249395761810217
train:409,0.8212688323514838,-0.08376879911316451
train:410,5.9427546101836946,11.644400412010723
train:411,6.331911090520718,5.1587706455194136
train:412,-2.6551218345999543,-4.9051157906445795
train:413,-1.1338258464380564,-2.1352500247314903
train:414,52.8023394225679,19.088416369831872
train:415,0.9739376413017582,-0.2703705830419802
train:416,-2.555655743095755,1.0361485003730344
train:417,-3.098433646251598,-0.26545506217240644
train:418,1.2499413538651276,2.9724469394286603
train:419,-0.08921941881237438,-0.3480074518122163
train:420,0.2687620869246875,0.042140778582110745
train:421,-5.7419057496030055,0.04597978097937769
train:422,-0.46751882080938933,-0.014473593225611162
train:423,26.32414079454686,9.37366316335282
train:424,-0.329729082671933,-0.16920051188132956
train:425,-7.865430370948268,-0.05925853066761866
train:426,6.689490443502147,2.0227283909323712
train:427,0.20444182168040406,0.06454408952467497
train:428,5.758147433772478,-0.1378355341757956
train:429,2.141016552469207,5.289995194352279
train:430,-6.718215481326683,-0.48140643671119726
train:431,11.895041257047257,5.189862713095406
train:432,0.04892458568322333,-0.022986306419491342
train:433,3.8570272337866434,6.244766360756558
train:434,0.24351619220054926,-0.2702845585735465
train:435,-1.6751355433484787,0.11262948480617599
train:436,0.23720541589423544,0.006464448537379347
train:437,1.6780420281077557,-0.8418532392728715
train:438,1.2215263559516578,4.688682733392332
train:439,9.79896902404259,1.4963868961860731
train:440,6.767520165923429,2.453505403558194
train:441,-3.1617994379614136,-3.594028422771546
train:442,-3.302316259944366,-7.693345426664908
train:443,-4.529873134103002,-9.549343162975456
train:444,-0.26357169995495183,-0.023985930715204815
train:445,0.029391119754994754,0.06295042561609566
train:446,-0.19029667837974823,0.008273387608258007
train:447,1.2535732814107976,0.12277609225705721
train:448,-24.85611185538216,-8.148598897124304
train:449,-1.0647866789166929,-0.6442671614494193
train:450,6.578220122558039,7.541683801014916
train:451,2.8760141744879824,-0.3420522189593173
train:452,-33.63441192562724,-9.664985156852966
train:453,-0.0018358092616623245,0.06448203207232227
train:454,-1.1686838893965423,0.08734399751905643
train:455,-2.675510281935823,0.06788991350175046
train:456,-6.486963234426851,-0.42665607104701636
train:457,-4.4619293098096975,-0.08119177424121243
train:458,-1.125000104430475,-0.007236980977236476
train:459,-1.2646477650531316,0.08206297965424678
train:460,-10.48334438815888,-12.820685643076432
train:461,5.127727195044524,0.2880825939220256
train:462,-2.535303559245365,-0.5595463274975152
train:463,3.141531928291903,0.6707614966216553
train:464,8.301954693824271,2.2655934405828826
train:465,-35.75712015363274,-12.33353778064557
train:466,2.131003878686908,5.9347153452944355
train:467,-7.961569520118005,-4.595509591588057
train:468,3.40711128352949,3.338649820352465
train:469,-6.921735460164661,-7.695047655449901
train:470,12.222437302281632,4.811082284518214
train:471,-12.66497055190525,-3.5220366422532554
train:472,-2.3148304009459366,-0.21524473412586304
train:473,1.8478485883622393,0.03911422949782913
train:474,1.4999532132113957,0.45377625919274966
train:475,-2.556435872950035,0.17084080172110733
train:476,3.0675472117092157,-0.24251306401125883
train:477,0.39704184222438593,-0.08394484255271215
train:478,-3.4463250696123575,-3.0547040810106334
train:479,-2.634208961474081,0.21785181844245163
train:480,-0.20428926969337186,5.499877778033406
train:481,0.4934359980836783,0.47509862917789686
train:482,-4.377998867417904,-4.033503037001017
train:483,12.75948836423067,19.171666370832614
train:484,-1.066656573001266,-3.4931486841918593
train:485,-10.522672603077378,-3.6202563273695665
train:486,-1.1626622911411002,0.2575009667242358
train:487,0.600425600533577,1.1111253156798948
train:488,1.8984310365242134,5.063288336025502
train:489,-0.04168542801304209,0.10049589759352834
train:490,-11.096210310416096,-5.400293174105833
train:491,1.4093826011868527,0.036836079022840064
train:492,-2.8976715519759493,-1.1402938760430443
train:493,-4.935220795789935,-1.56470750323854
train:494,1.669403414983576,8.563819401904123
train:495,-20.41659090909627,-6.715990483393407
train:496,0.9799943407514784,1.974644534909198e-05
train:497,5.067802250206892,0.5547492979421805
train:498,0.48201137295009916,0.4649627212877661
train:499,2.092747063797723,-0.15119942821393675
train:500,-0.1805371516210817,0.5789076221694411
train:501,-2.4385581589850545,-7.6963920909234
train:502,4.48609410063986,-0.64681108901345
train:503,-6.635414785982505,-0.3410858346323353
train:504,-0.6233903231647114,0.2303269356342541
train:505,0.28465990597540214,0.022023179137465917
train:506,-0.2333746771717235,-0.4853043580229967
train:507,2.482590225776445,-0.018443558246463793
train:508,-0.9954841362091259,0.3918899998120585
train:509,-8.689903959138247,-3.827187829534905
train:510,2.689426453869833,-0.13941336273446422
train:511,19.683881897834187,9.040096510612514
train:512,3.0682139019422534,3.276810353717456
train:513,23.58445306326467,8.00124619857974
train:514,17.49713049480678,3.449680446207333
train:515,5.641402256353996,4.713303135983202
train:516,0.09714979105993976,-0.528727883355115
train:517,15.82058773581023,7.218736248328232
train:518,4.08481817748915,0.06653149726887139
train:519,4.343085326321424,11.530641540825297
train:520,1.838734830594988,6.907290010144249
train:521,1.6936846080106753,-0.13933261671600072
train:522,-0.08193975656069755,0.07817775515453783
train:523,-0.41948713691768125,-0.19613358886321075
train:524,-3.784161046874612,-3.9702640678198473
train:525,-11.645081408965378,-7.354129405848356
train:526,-4.5349797767248194,-0.4797741117231062
train:527,1.4068548502823712,0.08481390805359641
train:528,0.7126552766351969,-0.13453079651200192
train:529,1.660606730256026,-0.0035317944197553464
train:530,0.6927766102201967,2.864268673809056
train:531,-2.161336597701014,-6.023299208478565
train:532,4.436754374230263,0.06846997235523568
train:533,3.0539842032235742,0.1905662265990451
train:534,-11.767287495363817,-2.4426812170786594
train:535,-1.0196163235042253,0.007497027480204241
train:536,-0.8635708261560756,0.07954330442791721
train:537,0.2956577377798818,0.2703475726652944
train:538,2.42544873590757,0.17028699245666323
train:539,-1.096246879777441,0.16913115457399297
train:540,0.49723331966728623,0.3597190063625908
train:541,0.6404607209606765,0.13421106948310446
train:542,0.8852269276574574,2.333765620574067
train:543,-9.847569241408522,-8.035726805533876
train:544,-0.013157687853050798,-0.20153101794898542
train:545,5.582574514410346,14.025735738947558
train:546,7.77259149079679,5.524878229022134
train:547,0.8701257429960804,4.283202478257619
train:548,-0.18772964203266473,-0.5530929230960746
train:549,7.758219992551559,1.7540873861299393
train:550,2.7314228244699237,0.010195028719041571
train:551,0.15400117304498262,-0.04636598794573801
train:552,-0.254233619985859,-0.14015462830325645
train:553,-5.7994559010582405,-4.973828655105688
train:554,-0.6187167502444801,-4.2690565774779
train:555,1.2969667260347921,-0.17944740988164515
train:556,-0.8684145585081703,-0.07537520769563949
train:557,0.48341751284537293,-0.11717054520315698
train:558,5.281753095201379,8.122929592439391
train:559,4.361412798899235,-0.030665880482935295
train:560,-0.1249756804111875,-0.03599597366638707
train:561,27.4443217206603,11.32578518280231
train:562,0.12708959880033122,-0.16449955287000512
train:563,-5.307661668987044,-4.25317243757019
train:564,0.03825300901893494,0.07372331402290414
train:565,26.093134953381693,14.366089051741477
train:566,11.79740693647623,12.994037869285254
train:567,-4.823075502029527,-1.9417434754309757
train:568,-0.982067343956602,0.08265302476443244
train:569,0.9086233846221646,0.1846215506460866
train:570,19.987020460781967,13.754483898661203
train:571,-0.2519880733850416,-0.07495963675609144
train:572,-0.8536792631169471,-0.005247433320889963
train:573,0.11897134344695157,-0.9643634951873188
train:574,-17.34219864550624,-4.917847411972773
train:575,2.061336376542148,1.4551887368292415
train:576,-2.2297904353734275,-0.08431490469386824
train:577,0.4310920927980025,-0.08143886276414317
train:578,-0.43607849512818253,-0.08965783735022059
train:579,2.5551869342065987,0.0032197710745982405
train:580,-10.43251506934576,-14.804456107260938
train:581,9.27008096565818,5.156832741076289
train:582,3.4897406571506044,0.7672033427236693
train:583,-1.6524815580031307,-0.4555394639624924
train:584,-0.09224300314330941,0.11297786250421113
train:585,3.7643300937802913,2.6628450201964373
train:586,-0.414092827223554,-0.6475089856960003
train:587,-12.277491490229874,-6.009171793785271
train:588,10.084210162157023,3.9980540484685596
train:589,-0.006657690539173283,-1.0654107175579528
train:590,-0.5056237242385708,0.042879190934702854
train:591,-0.010659691603321614,0.1598042761374074
train:592,0.7530534968335673,3.093332288717137
train:593,-0.9787957266833202,0.17951714686406461
train:594,4.115999196003357,0.016869272054371803
train:595,0.7515546061004336,-0.2073901152485415
train:596,4.539727795663358,11.604482776084508
train:597,0.6401373715484884,-0.20499396645107604
train:598,7.418844909280607,0.4425337313994008
train:599,3.2361482435297617,-0.1450747143187504
train:600,-6.063341565557364,-0.3872114983667811
train:601,21.7110888420812,6.270247863996627
train:602,-0.37178961174633285,0.2142202448629337
train:603,-0.8078938232007771,-0.09722285478322956
train:604,-7.944061695295318,-0.4959318750644089
train:605,-1.3408261900490608,0.23139689170930064
train:606,2.9110767806978886,0.012764920550493317
train:607,0.2867492406387714,-0.027612083183942496
train:608,6.841131322114035,7.141607537363238
train:609,-1.3981592255079023,0.07704759621766868
train:610,-0.6965942125183985,0.1114319899669839
train:611,16.083806710076317,12.119108251809047
train:612,0.06426950280950278,-0.03240405979205088
train:613,-2.0164144596070797,-9.248842432778389
train:614,0.7372551699096797,0.030392518217289867
train:615,-1.6246939648800964,0.1497829248777116
train:616,5.768045505642333,5.585630049641655
train:617,1.7076516289178714,0.03512700251896575
train:618,-1.236245319884635,-3.0815668262131815
train:619,-6.557611012970746,-6.469812136430502
train:620,9.161694056726136,13.766277953146036
train:621,3.873485044738121,-0.1480614610370403
train:622,17.408418851329518,8.480512907222622
train:623,-1.094588755149736,0.03973352007406606
train:624,5.636012014679074,4.722799210140455
train:625,0.6716870688317329,-0.025526952784891824
train:626,7.877986197260332,-0.02148451607255604
train:627,-0.35861945768671466,-0.3034462065202985
train:628,7.680405061544267,-0.11172946190952038
train:629,-6.693570258695352,-0.633220934930639
train:630,3.589703279455978,6.77670286981049
train:631,-7.464449204846194,-5.039268309942013
train:632,-3.8907505886930394,-4.719167696379814
train:633,-0.739003661411414,-0.11992989059029699
train:634,2.2629746059253,3.5698470703349985
train:635,1.4182304267272579,0.4067783672659259
train:636,12.768788553506603,4.427771804580085
train:637,-5.687587697520209,-13.285467714357763
train:638,1.157003619580116,-0.24264017479297434
train:639,-5.010425685675696,-0.13493096008406932
train:640,-0.0016024211884510808,0.43464316199795766
train:641,1.9980038263606876,-0.20848888880720928
train:642,1.4343281598645876,0.13982662694737866
train:643,0.3161470719920194,-0.1352844735712647
train:644,0.23066357609711285,-0.13001971903879575
train:645,0.06361443548847756,0.25708981826979793
train:646,4.537442266245218,0.5274996566228956
train:647,-0.21918403143740667,-0.0043680720880117235
train:648,-2.652257949080071,0.04411006840343638
train:649,-7.735701006062368,-6.299883709842952
train:650,10.858363979996511,19.53451672272127
train:651,0.6955210122045912,-0.10786820442589248
train:652,0.9209692417618555,-0.14605593536997308
train:653,-4.1645027107413455,-9.767214752016931
train:654,11.203024233817793,10.29237538341993
train:655,1.5151585391644047,8.249252886483685
train:656,-2.498283189736071,0.11978135653340699
train:657,3.333943425203042,3.3436369569486617
train:658,1.694957549334286,-0.056792781227471445
train:659,-0.14592969864558536,-0.001547953195809082
train:660,5.744437976595479,1.2889893924848494
train:661,-1.7454997228392686,0.1013963726262875
train:662,-3.1871322720674056,-0.17146924674285818
train:663,14.971229957917942,8.383314673505954
train:664,-0.2310592768697109,0.005444994389075003
train:665,27.558047730454412,9.246200294758196
train:666,-9.279685848305652,-3.719188745892669
train:667,-6.821291184385489,-0.5913108981318764
train:668,-1.1657000554246904,0.2626687119059005
train:669,1.9394064505331254,-0.09997849098930939
train:670,0.5980261665777139,-0.5767363844600226
train:671,1.8213185943189587,0.14439819260402748
train:672,3.144812611436555,0.3190961267221093
train:673,0.5862628497880902,-0.04795979451512733
train:674,-6.595710918547762,-9.476545634202251
train:675,4.403007946576654,4.214279331762562
train:676,-13.834431695118784,-6.681375835096741
train:677,-0.5093944293536702,0.014390683141324023
train:678,10.713759147400518,2.3548654396956046
train:679,-5.726365451325796,-0.6330563043558919
train:680,-2.2403605440158465,-9.760966208538658
train:681,1.1260611032204053,2.15078487115743
train:682,1.9816069194681556,0.1704541909259905
train:683,3.276654556809848,0.9347111006870334
train:684,3.4147654360062103,2.2233013581349232
train:685,0.25484504453914525,-0.05287488740227106
train:686,-1.980538249556297,-0.27790535638326785
train:687,1.3470263756144436,0.1368997977692914
train:688,1.3985925870491567,-0.09931098105929037
train:689,0.7052133585318253,0.8311854320641614
train:690,5.139862445018548,0.24919867822511477
train:691,10.038283852547261,0.9602926091549158
train:692,2.9175674796821562,1.7143349514217108
train:693,-1.1071642810307942,-0.12181187199589882
train:694,-1.9469461741742138,0.1473057625727639
train:695,-13.5859282572935,-9.240913915601483
train:696,0.7452352288392305,0.14009497193100034
train:697,-2.9490792268908117,-10.726482016509365
train:698,-3.0199125071104267,-6.481757411373941
train:699,-0.5421192030413797,-0.23613455653507143
train:700,17.246330369567822,4.417436028895136
train:701,22.2665710529832,6.363467002400601
train:702,0.5664760043779888,0.1590681463577754
train:703,-0.26039283351952963,0.25933758199225565
train:704,0.5770270514447075,1.668277764876068
train:705,-7.2274013091004425,-2.7451518077402923
train:706,-7.835160588735841,-2.901289784467782
train:707,-1.6105605038728812,-1.7385217249690386
train:708,-6.166791991299453,-8.194626980864706
train:709,-0.25583118924197884,-0.4391280497009988
train:710,7.4128939783302,6.811494988154803
train:711,13.611101916886348,19.697761775681652
train:712,-8.075906430167494,-4.527179914062625
train:713,1.3045987949786886,0.33180684824163703
train:714,7.360758244206874,3.278823868389883
train:715,-0.3720429912282057,0.05051182959165476
train:716,0.57262638449853,-0.04667870044127162
train:717,-1.8698906842378205,0.9654973034863721
train:718,-1.9313837923641803,-0.7026756356037793
train:719,-12.150603694872794,-6.422010493500103
train:720,-2.267950780092909,0.1268969924148964
train:721,13.90649311160307,12.171903023089662
train:722,1.0610820513232526,-0.1718007904653126
train:723,-9.65702136220947,-2.237752387364188
train:724,-2.3708897977064467,0.11875048952030215
train:725,0.3786086011472618,3.906674378548806
train:726,-10.30059222850486,-1.687711936198849
train:727,-11.58885719931253,-3.8412196614854954
train:728,-6.589170473500081,-0.2721264522915366
train:729,-0.3612339155148092,-0.010917059232156509
train:730,3.606964931002241,9.402715181345723
train:731,-9.70746944950858,-11.009273404395502
train:732,-0.6376669784479209,-0.12314646387350686
train:733,-7.183603387138413,-4.076593449341771
train:734,-4.1611562419147035,0.03663977774827153
train:735,-0.854129767186552,0.16164460058648744
train:736,2.0060164294438736,-0.000529355012364785
train:737,-15.147471135339366,-11.293141025432327
train:738,3.9076810466283742,12.511118473262973
train:739,1.0723669690544413,0.24983565874179245
train:740,-1.365489544423132,-2.0967343165852057
train:741,-15.203566098210635,-5.5519359087100275
train:742,0.8402360300064629,2.1891780336679196
train:743,0.40601008113324066,-0.004701042418566198
train:744,3.7550368782515666,-0.17387878782386296
train:745,-11.651689731819213,-9.052621048263456
train:746,1.2258503116785526,-0.19224936298917183
train:747,-1.0188217812390499,0.0896819228734381
train:748,-1.742841562862007,-3.6061100814493514
train:749,5.390405006527308,-0.013906373845026493
train:750,-40.99907206793512,-14.172058997087117
train:751,-0.5996135645189548,-2.549149264907909
train:752,-0.4371584961123852,0.03685947539568108
train:753,-5.348803058179494,-0.1582308942175225
train:754,25.612861351697298,8.796729152249972
train:755,3.454367021815243,0.06047668717058809
train:756,3.318420328835611,0.2774343910631626
train:757,-7.192629275690849,-4.501586850069132
train:758,-0.8223478441212975,0.05649502396331495
train:759,0.09490238479320035,-0.05951275223104971
train:760,-2.5568794032724322,0.01605924397515658
train:761,-0.27089773762555863,0.03806110739836334
train:762,-4.123100968319815,-0.23046008015626468
train:763,4.083647517791249,8.864659094185766
train:764,-1.0252446024171644,-2.12948752663291
train:765,-1.3275174908782534,0.24398014579508784
train:766,0.12343849344984065,-0.10609464523589535
train:767,1.5816627495758393,0.175271489827875
train:768,0.4396374901678419,-0.020222823868861164
train:769,1.3644990992428538,6.810393646701555
train:770,-22.041953802253403,-15.480928560007795
train:771,-0.44502465050421347,0.11370058216770255
train:772,-10.316466336815068,-2.696204313183924
train:773,3.6749889533884317,-0.36478265113922576
train:774,1.1615797924976827,7.30562638255709
train:775,-0.22678925145455403,-0.004846841766392537
train:776,-10.105265937719222,-4.116726503091097
train:777,4.797525843766809,2.3197032592101356
train:778,-12.496617785485292,-1.3409939540273117
train:779,-3.304632008933739,-1.854092103119924
train:780,-25.246775594948964,-6.989100908712523
train:781,-0.6538297998925208,0.1758556145144454
train:782,-0.45252235858524503,-0.13674417897924815
train:783,-8.088238804729249,-13.629928517193383
train:784,-3.352282228853196,-1.1691812634612004
train:785,-1.6595269023486354,-4.91844601673156
train:786,-1.0288728106309901,0.10865466931778314
train:787,8.673639612824086,1.6988076061998256
train:788,-4.492287426153419,-7.0507743181646845
train:789,1.7645092872754011,4.282940838332068
train:790,-8.822667368975893,-2.180292607596369
train:791,14.498086315378503,8.386440657174811
train:792,7.834512787001691,0.5356969467658521
train:793,0.0954749294389367,0.04689908723905766
train:794,0.13082159961842885,0.24021332976768403
train:795,-0.9528629178592424,0.042064597709567435
train:796,-1.61994158861642,-1.6274976615114305
train:797,-12.058092753916881,-6.187287238937456
train:798,-15.621992790327008,-8.80158823925766
train:799,10.811767260821869,0.6551599677785669
train:800,4.084152417089073,5.3806059225061
train:801,-5.084728637589287,-4.978348149566685
train:802,-4.9128136810957335,0.24001303399043533
train:803,7.61179919618273,11.43848722270721
train:804,7.27846244816052,3.957011389394635
train:805,4.083437375542063,0.22480639026944405
train:806,1.2138763877232623,0.044069695394204626
train:807,-6.433998089302311,-0.4587698753442729
train:808,9.09625706209569,5.906410299302725
train:809,-8.340420661748254,-12.05418737149678
train:810,7.133290417458316,0.3404947489102048
train:811,-2.511074436864081,-0.1033915082078978
train:812,-0.12014949865623192,0.11092911061171204
train:813,-1.7088505891396544,0.9385063062156285
train:814,8.022907173063066,3.6089338497037384
train:815,-14.820770605159819,-7.240059534097116
train:816,-6.331432864539096,-0.4933060601954347
train:817,-2.807973355727065,-0.15133210276724252
train:818,-1.418801052325644,0.17694754035423288
train:819,4.914581585394264,4.3733073311791575
train:820,2.3057899269057924,0.3317693284486054
train:821,-4.2454920914774945,-5.125482231931443
train:822,8.422786487106352,9.050483358867446
train:823,-0.4393742880584506,-0.020354642457306907
train:824,-9.888347065913221,-15.757846887667597
train:825,-0.5366111050386501,-6.548935816162622
train:826,2.1332533770778093,0.3855042344671621
train:827,-0.9695173884819716,0.14062010637263317
train:828,-1.8421161087762403,0.01935784722412001
train:829,10.569237999771016,4.535948643591589
train:830,0.5435911880000723,-0.12316914694229783
train:831,3.0531808275452694,0.07299745582159256
train:832,-0.46840715997450566,0.04155843715566542
train:833,0.30234625872660226,0.573154539684321
train:834,-0.7001568675084738,-0.11336235754085139
train:835,1.0801215434909495,-0.0722870291414352
train:836,1.4918671533242907,-0.331697041404207
train:837,-0.2751591620858262,-0.16573927530895904
train:838,5.480913087285224,0.6542850290307989
train:839,3.4639178010741647,-0.6482439741891521
train:840,5.878009411276234,0.26882053135498807
train:841,31.596371789391274,13.464360886427226
train:842,2.3206886404399114,-0.3666756174271981
train:843,-6.882118997028252,-8.327821960805379
train:844,-1.7411197446764732,0.0968569056518901
train:845,2.5561053767138273,-0.4133214224749265
train:846,1.0423426627437191,0.3239546545980856
train:847,-0.5893579718755942,0.27051705370758183
train:848,-3.543556772511271,-1.2790390747970077
train:849,-3.958421971928771,-0.01700810517618137
train:850,-0.610445653598136,0.29461617369868975
train:851,1.17533434657329,-0.1825348751317994
train:852,-0.18224048937651544,-0.11894881219988432
train:853,-0.12165873378105668,0.1192965951010059
train:854,0.01947340516383793,-0.609031082664367
train:855,2.2418195113130857,0.3203618847588893
train:856,-16.299112029855316,-12.554988444088478
train:857,2.054828708106342,0.642858896774972
train:858,-1.65210915990225,-0.033762190703309936
train:859,8.830717224758946,16.347600909981967
train:860,-15.721222704259112,-7.884008175378758
train:861,-0.4944242349106741,-0.04491284493501482
train:862,8.319740538702298,17.627347124504738
train:863,1.8969651548611952,0.1488004198791989
train:864,4.482439857103126,0.4841985342657626
train:865,-12.525905664090901,-4.505488623222802
train:866,-4.296254462317422,-0.3493393331344342
train:867,0.8701464317794626,0.0280291992387271
train:868,0.3761853402217731,-0.2173526902545147
train:869,-7.605251020631694,-2.044753425225675
train:870,-0.3307728201706566,-0.04996303760923443
train:871,-1.4478583323569252,0.25823081942822756
train:872,0.10788378276173535,-0.07389895363369531
train:873,0.2108646428585185,-0.2625813028156415
train:874,-2.572468982696575,-2.0254648277479763
train:875,8.693186561330249,1.4381841389197423
train:876,0.2460041927459477,-0.27758993333234416
train:877,0.12057693251236005,0.04942760743560762
train:878,-5.975994916866852,-8.781879933676922
train:879,-4.197608483484825,0.04319875114911675
train:880,6.992674568265017,1.3800024954532921
train:881,9.854435419832221,18.786482183815863
train:882,-6.6902851588441345,-1.714249700076203
train:883,-4.411597451630714,-13.117332248830373
train:884,-0.7962448758653565,0.060355140160462804
train:885,-0.5914789208596375,-0.07674660606222913
train:886,1.0554091404281856,-0.05914040751693353
train:887,1.3824741651284445,-0.03889997711487336
train:888,-2.064586780734139,-2.617992236027743
train:889,-0.20043418223706166,0.0021064461133098317
train:890,-0.19253106698503364,0.08230464706639729
train:891,0.8466931387750142,0.8400739851620029
train:892,-14.996795423340997,-5.927639428937005
train:893,-3.0033066202599095,-2.142187619922092
train:894,-1.3304678508635095,0.14090514267102555
train:895,3.2860512162554842,6.3861261041755055
train:896,-20.46157436808358,-5.958239031396856
train:897,-1.6623842790377914,-0.16614371870532663
train:898,0.4718217984469697,0.23485570304790104
train:899,1.2646561929312088,5.002410973893174
train:900,0.39720549282552214,0.6563889193263654
train:901,0.7853240471198278,0.3332277499092988
train:902,4.826157260301952,1.1111735350336769
train:903,-0.6228138267288909,-0.0122806112541958
train:904,-3.008205910131424,0.12284086026480003
train:905,0.5481113384817385,0.16377466914069005
train:906,-0.4911736551081347,0.1161737499699701
train:907,-0.870138468817866,-2.1307607743622152
train:908,-0.11342273832899025,-0.15550364751263393
train:909,-16.025259485847222,-7.051136105978861
train:910,0.7758367289604943,0.04896395980308745
train:911,0.46365740013290035,4.379754458504958
train:912,0.9654180467965865,-0.11962630838660379
train:913,0.23057175509221403,-0.0010609091904479062
train:914,-1.1891351004572792,0.05283720079475588
train:915,6.967075337015698,6.707236185629309
train:916,1.8893798100235895,3.7650330226909063
train:917,5.506800566752452,12.482653647164057
train:918,-10.819245615487532,-8.368091112967448
train:919,-0.3500212922963384,0.1302155681772607
train:920,-0.4675238186615547,0.04033497804905222
train:921,0.998829269667755,-0.024440162734264567
train:922,1.3954402208531231,-0.5356316679337452
train:923,-0.03963410027195374,0.07341117217061055
train:924,-1.2569538622173289,-0.056022412853437925
train:925,-0.66697298879627,-0.12065203961054838
train:926,-1.4085054768649603,0.15912464003853785
train:927,31.216914396670454,17.54462097399834
train:928,3.8207739764701754,0.9123042232242189
train:929,-1.1274634644024069,-1.7938783990757456
train:930,13.38784344395224,3.109288329673091
train:931,-1.475948818567006,-2.6636354209027475
train:932,1.9410938648991016,2.575274679225469
train:933,0.2989281927619626,-0.032321031200627265
train:934,-0.10918525706746846,-0.2341378758382246
train:935,-0.4385929959129695,-0.18673538002162204
train:936,24.947071196965826,7.455857345785463
train:937,0.7904932210082727,-0.04011715914584629
train:938,0.30441188264946595,0.56623620370307
train:939,-2.9150747705905244,-0.167026789119265
train:940,31.319530762246522,10.574412380942755
train:941,0.20022607526434566,-0.28638582823408665
train:942,-0.3949651171536823,0.005640867681213524
train:943,6.614257658627555,0.14445311701587984
train:944,0.0312690336488564,0.04223079755322466
train:945,5.494924740174548,4.2895363329002745
train:946,0.5495624590465007,0.39471489784139635
train:947,-10.43954646619685,-5.183884143688542
train:948,-3.584168156915951,-0.07578492954197733
train:949,0.7266959868045523,-0.06494670248418602
train:950,-3.952154897771624,-0.17627406282386715
train:951,-6.149111217546019,-4.522424173300259
train:952,-0.9405014860174546,0.2904733037761096
train:953,-0.03978275731659378,-0.5350380563033095
train:954,-0.3289755692861618,-0.022180700825386312
train:955,28.883303316116624,17.832819777226952
train:956,-1.185266065506554,-0.39706636446119964
train:957,6.82005014922222,12.139206306722722
train:958,6.1522301691368835,2.8140922990352943
train:959,-0.5884671918989552,-0.7529083613974936
train:960,6.419027140636902,0.2957797152651004
train:961,5.142118219781937,9.257482482256728
train:962,-4.24942714456845,7.495617882148642e-05
train:963,0.43637842563953344,-2.7157397138629333
train:964,-0.22557128650476282,0.0037727243741822875
train:965,-26.23764093184415,-9.908527702690195
train:966,13.6992463622574,4.992757402201674
train:967,0.6431797849968837,0.3702027213075167
train:968,-2.803850476377987,0.04018860805798585
train:969,0.9480180825973746,0.009142477262815793
train:970,-25.705190683386146,-17.27890100909966
train:971,1.3307856806593596,-0.08233534329422215
train:972,-0.22782334193630727,-0.7544328348132199
train:973,-0.5380274730964948,0.029914176521339063
train:974,-6.74503930258564,-1.4439160247630474
train:975,-6.964956885690871,-0.2493512246172862
train:976,-30.676925700557945,-8.77788486035351
train:977,7.090910490761812,6.885620974390786
train:978,-3.7966533527056603,0.048902330333164774
train:979,-0.44254711057962626,-0.13640578753791344
train:980,-1.3018736276468066,0.1496054548300639
train:981,-3.4633159073087287,-5.607279743343834
train:982,-7.486216594463228,-9.74372136982511
train:983,-0.3493980717542275,-3.27378372179124
train:984,0.8822770325886817,0.44906766782808993
train:985,-0.9832433501940282,-2.055858713319798
train:986,1.8615694359930104,0.05908289105682748
train:987,7.25138478250321,13.101830094752982
train:988,1.1951091041548985,-0.23011427035280968
train:989,1.353896213988559,3.53860577955174
train:990,-4.604351824446222,-11.467497643562469
train:991,-0.6785336020003955,0.01199769071427996
train:992,-10.992467917124253,-0.4513777628129914
train:993,1.7838544620290269,-0.02451120781764765
train:994,-0.37214248335503275,0.11771505736127713
train:995,0.6391376848862922,0.6545465262955403
train:996,0.20160931802295476,-0.2390856380508598
train:997,1.1672164399072709,0.3925144261774557
train:998,-4.2718444874252235,-0.3572741273869793
train:999,0.22112767416556708,0.031982187623188996
train:1000,-18.007445777788487,-11.112174076009737
train:1001,-0.1848678486369439,-1.7504896829812688
train:1002,4.02926135544406,0.11653582310576585
train:1003,14.385673229725326,4.1624917458005894
train:1004,5.686484277635169,0.07648665391272429
train:1005,-5.503055837578834,-7.290342904478383
train:1006,-0.3151525562588008,0.1887424508039258
train:1007,-9.548274607921519,-4.497351535941668
train:1008,-0.1488063693686822,-0.2873185446099072
train:1009,-3.342462262952065,-6.214485807686758
train:1010,-9.57056084433079,-4.15130520086364
train:1011,-1.4318470736849687,0.2275207975014321
train:1012,1.8679678490558986,8.995453378015654
train:1013,10.794460279918756,1.6163891750606116
train:1014,-2.6674463055815423,-6.148450401307847
train:1015,0.5396191740489164,-0.14381844322583578
train:1016,-19.50729795820378,-7.365084044127113
train:1017,-2.336175181482195,-4.723151356838427
train:1018,4.285724395873753,2.667155088588345
train:1019,1.5533449192067939,3.1662847471300095
train:1020,-0.9156210156469898,0.12934904641728304
train:1021,5.12597724941192,0.5417811449909966
train:1022,-4.846702557568562,-1.8815292007435571
train:1023,2.73872085092258,4.793359246769524
train:1024,-1.5818302925856318,-2.472701901971505
train:1025,1.7895894392742409,3.2995718859539456
train:1026,4.793943197368072,-0.05864879836565215
train:1027,-0.20404402624990786,-0.11382457856527148
train:1028,1.3150073451441338,0.3581116470162509
train:1029,-9.708450423282434,-4.0855374261643
train:1030,2.241096333727667,6.289472264109823
train:1031,1.485088206122113,3.1280202646701456
train:1032,4.037362990033262,1.7792891315215853
train:1033,-2.38826302920803,0.2551424982132132
train:1034,-1.6986033649929428,-0.9815361475310056
train:1035,8.096235660033527,8.835258983816447
train:1036,0.9590077783634455,-0.23252980318783467
train:1037,7.375371499021966,7.2745799664403
train:1038,-5.193286635786154,-1.1844511059210243
train:1039,-6.826329949201153,-11.686212643312698
train:1040,4.58761419315491,0.23068130508630952
train:1041,-0.6688896069871333,0.17363096184320864
train:1042,11.814726005207834,10.687825442324726
train:1043,7.586250175913306,6.66586169751131
train:1044,-0.6330203706835587,0.05067275098534176
train:1045,0.9657802167348963,1.7065750593222333
train:1046,-4.864847317969535,0.055302664913283096
train:1047,1.7895833953599944,2.8990291214535477
train:1048,-1.9412658246154586,0.19970393680156245
train:1049,0.26086071510946135,0.9153138670025149
train:1050,31.339140939394035,17.485094895058392
train:1051,0.6414661028497588,-0.04476119649397822
train:1052,-1.245277019893078,-0.13858921123505838
train:1053,1.8671533153820619,0.11146451663166532
train:1054,0.06460831069466752,0.16957668428364236
train:1055,-0.9195300334150381,0.2010158456103795
train:1056,-3.2191933774792005,1.241561520876667
train:1057,-3.5513524920563038,-3.9277294619948777
train:1058,-15.847380580741806,-5.3681243027359145
train:1059,-0.12037358839983314,0.0008484630906751278
train:1060,-0.6061098425009883,0.17771648212016633
train:1061,3.2167361208029437,4.324651149996821
train:1062,-0.010243126436793148,0.10986243573529565
train:1063,-0.9845323311362159,-0.01730969012853449
train:1064,4.509832736134215,0.08715083478230803
train:1065,-8.200696522364556,-4.139819579050041
train:1066,-1.6677873059159278,-0.339009263881885
train:1067,-2.3748069515129036,0.07943231431773239
train:1068,-4.289364400076405,0.012964645684502007
train:1069,-9.21497691288367,-7.357515032191424
train:1070,-0.001969472749806217,0.06296783023491642
train:1071,1.1035112591666896,-0.13714163199592544
train:1072,3.974905180209864,12.546175370070658
train:1073,-0.5372568740300653,-0.0982588575854946
train:1074,-0.7964210792114662,-0.6580574686486689
train:1075,9.283320857189873,2.8033097096934054
train:1076,-0.5695144066548719,0.17778866849002944
train:1077,11.455620796337403,6.59779023605199
train:1078,-0.8354698793251839,-2.6426443093184346
train:1079,0.26500742142816547,2.3297074911726305
train:1080,6.7257092969990575,0.1800341496395271
train:1081,0.02163712646408726,-0.17956724496205034
train:1082,4.614466839235658,-0.08348747199583226
train:1083,1.3191599791479645,1.2834209130878773
train:1084,4.266259272668158,9.315070656753552
train:1085,0.28806867361043187,-0.8499789136892049
train:1086,1.1302895186105575,-0.1414477058851527
train:1087,-0.7207689396714636,0.03615216309967033
train:1088,6.447764558129599,6.772503506207148
train:1089,0.5468244496637131,1.8747667332087672
train:1090,1.7026574960843353,-1.1679138648251053
train:1091,-0.09536573091371114,0.08770464404675211
train:1092,3.313697242310206,0.05392113762918302
train:1093,-2.2514494994505045,0.15494325169725603
train:1094,0.06592321073064306,0.10245948098245374
train:1095,6.325082397255127,-0.04455704887485937
train:1096,-0.23019790286046354,-0.2794402440381246
train:1097,-2.656316669954841,-1.2309331363588658
train:1098,-0.6981660951389707,-0.07465534124834819
train:1099,10.338198684619252,4.509310731825611
train:1100,-3.4059833367663677,-0.06628486088204419
train:1101,-0.015615701285456945,0.04175473843023396
train:1102,24.252182849552792,11.304352963993457
train:1103,-1.0932867565460942,0.06659683591985423
train:1104,3.6867597088417434,0.16104656647094143
train:1105,0.14181501471634372,2.220094057804364
train:1106,-4.75225012539008,0.17755869926429946
train:1107,-0.930124085256203,0.2578596160005914
train:1108,1.1712640027865082,-0.07139111925459624
train:1109,1.9178320012554995,-0.018464957367964732
train:1110,15.317446752115938,3.116870181081681
train:1111,-9.898587316312724,-16.004910302295777
train:1112,-9.55034627575863,-7.359191582030617
train:1113,-14.936320947223413,-6.399802199884817
train:1114,-0.5721132897808696,2.549655650964555
train:1115,-0.8547462464396957,-3.061849105018984
train:1116,-0.2968716915581607,-0.2440252685973246
train:1117,0.8419213522482771,-0.2525473974046652
train:1118,-3.566622208941862,0.1681816042225917
train:1119,3.9530643337889115,0.20445254452342895
train:1120,-0.08421900960635126,-0.04258190996032346
train:1121,-2.583116964849478,-0.5391317082464375
train:1122,-0.7093761613167988,-0.011501112588321899
train:1123,-3.548169673830797,0.0549049265749858
train:1124,2.322150337854605,-0.2206912385302799
train:1125,20.340760533467424,5.6014186068066625
train:1126,17.132414673849667,2.879693160586927
train:1127,-0.046879707391433934,-1.4341909800057344
train:1128,0.40537779471975993,0.7446616507953989
train:1129,-8.564527142342794,0.08695966929689972
train:1130,-0.16021414127984313,-0.011656327549608644
train:1131,3.3490281053293613,0.10762294633981827
train:1132,1.2749975626652215,-0.04659881038766814
train:1133,1.3608987860178576,0.02017301109249546
train:1134,-1.533351126581442,-0.11968651124842639
train:1135,-0.45858603178217283,-2.2093912756741445
train:1136,13.972289951589422,3.292110725590621
train:1137,4.772989411591914,10.505419330650795
train:1138,8.114397157427797,0.7273814322009675
train:1139,-0.01697186265907691,0.05488010359404472
train:1140,-2.225484611389272,-1.0117591254524398
train:1141,1.2237209941978602,-0.0957246309565444
train:1142,1.8296959243810975,0.6164037335066117
train:1143,0.11828071001516807,-0.01836495214015038
train:1144,-4.2100747539929655,0.06851419720633761
train:1145,3.013502065600474,3.199964396477894
train:1146,5.713852051176311,0.15659241066092772
train:1147,-12.404568971510997,-20.22888574858066
train:1148,2.945262554425571,1.9967929409948635
train:1149,0.3082765008936264,0.15238106354954462
train:1150,5.092298699564464,0.12297467610458584
train:1151,-6.973703824355007,-2.5703654952504116
train:1152,-9.4702123413466,-4.602553041099683
train:1153,3.3201958448746423,0.6403857289727044
train:1154,0.4871547439738762,-0.1268797546105592
train:1155,-2.4452236665659903,-7.700030512221798
train:1156,2.9427343386046094,0.5111792599581859
train:1157,0.6792461458881905,-0.1034559908940206
train:1158,5.138982823037441,0.09551446742973173
train:1159,0.7146851019890621,-0.12910711783718606
train:1160,-9.373201008859445,-2.70807511918454
train:1161,-2.330702649590224,-0.7569529380219795
train:1162,-0.7077880066194091,0.2022644130195538
train:1163,3.9821706625088855,4.648677789050391
train:1164,-22.928326370657217,-10.36025573921272
train:1165,0.2401306703895446,-0.09558739125731844
train:1166,18.5027392631316,21.408967920127743
train:1167,-1.8085075288590993,0.21537779467532403
train:1168,0.13065492706016943,0.08652854832906097
train:1169,12.600064783735204,5.418661549540115
train:1170,-0.3819640764638461,-0.7848552525470429
train:1171,-5.287038903745002,0.13217972220942614
train:1172,-1.2698036888218822,-0.8147549610730032
train:1173,-1.9826808171566839,-0.5013952134444064
train:1174,-1.4426191885381652,0.07037535013367854
train:1175,-4.427993196232044,0.029515011574941713
train:1176,-0.598848311992051,-1.0353158490439043
train:1177,2.0489254310951868,5.897382723245532
train:1178,3.4831890541073913,-0.15622850708827543
train:1179,6.8310677399771205,5.228750908616616
train:1180,-16.728925456412107,-7.994946357028743
train:1181,-1.2376133366285078,0.06186220895736834
train:1182,8.724728355033324,1.3720114928416047
train:1183,-1.1507971576422467,0.14130202504446282
train:1184,1.8528427211957759,-0.18839481056361423
train:1185,7.003262576191935,10.578850844063668
train:1186,-0.053999438373818626,-0.3557941641439749
train:1187,-2.407067738553074,-0.1390104886070067
train:1188,0.8525395797464281,-0.022530790453141533
train:1189,-2.287502610222117,-6.431629255953961
train:1190,9.647683341621804,5.450703738110748
train:1191,3.9519431876961844,0.06703109542551311
train:1192,0.4553416715044281,2.03673126273853
train:1193,4.5762990558524885,-0.11918006537290438
train:1194,2.0842707065252375,0.08237027103900015
train:1195,2.314621015452899,6.978964513021086
train:1196,0.554979084731692,-0.029690508524922873
train:1197,-6.208501508431075,-0.2874770407698241
train:1198,-2.910400500295572,0.20278712222741652
train:1199,3.486751244180986,7.727616487912201
train:1200,-1.0402781417306284,1.6952243946348997
train:1201,1.4181648735035073,0.007629987355130027
train:1202,0.8683848632348462,-0.08846348104884866
train:1203,16.177896507400007,22.81100868742023
train:1204,-28.136724332728914,-12.86915037345174
train:1205,-6.815845152732906,-6.558176812791584
train:1206,0.5812254797218672,1.1497749823267756
train:1207,0.6325062324375531,-0.0261358291219983
train:1208,12.075579484421134,1.1604791082231611
train:1209,-1.9576838852078535,-8.476008879947981
train:1210,-3.2718935202098547,0.1392066230670917
train:1211,13.599757024929174,4.428742754052988
train:1212,0.04219945256366345,0.10680863843630287
train:1213,-5.0041772081777705,-0.004275057239887678
train:1214,3.9033229195401624,0.7335595012390961
train:1215,-0.7746095225287852,0.03955690599127838
train:1216,-8.066421204132322,-1.9350495449038645
train:1217,-1.632705405672081,-0.19663061912527235
train:1218,-6.377883599938862,-0.5358224054367235
train:1219,4.0245545409954735,0.006023626634460169
train:1220,7.420701785703726,6.428728616546038
train:1221,1.7976293562006562,5.407839871136284
train:1222,-13.475014992206416,-5.5634457828613275
train:1223,-0.9919026521015902,0.127876501536399
train:1224,1.717782623944458,1.7953751364754549
train:1225,-1.994992502935058,0.134935929058746
train:1226,1.8039079370406954,0.305544562388405
train:1227,-1.443081780436263,0.003022613835169677
train:1228,-8.966518107040514,0.05248368730756051
train:1229,0.1361360599070301,2.44306520016032
train:1230,-6.224118982844048,-13.731919583483018
train:1231,-0.6515400862260559,0.04532496786144921
train:1232,4.710785446166869,7.559925553468789
train:1233,0.02166711357707954,-0.02566019798143762
train:1234,2.6656687567997768,-0.42998420508365115
train:1235,0.9750692480152964,2.4767870771079665
train:1236,0.30493909793835355,-0.0427461125526406
train:1237,3.8047164586084086,2.112133492580829
train:1238,0.4821736288017938,0.07217772680729692
train:1239,-0.1289002728813325,-0.2230693942330833
train:1240,12.698026405508504,10.276282102764752
train:1241,0.9596442490252507,-0.09868883726685329
train:1242,-0.08074654841349299,0.09096615548511394
train:1243,0.5050563530555481,0.22963160684628386
train:1244,-0.22266486112691392,-0.11429778447206207
train:1245,-4.680579530589084,-0.017355056266116456
train:1246,7.704043275078835,3.13271294935449
train:1247,2.133723872556076,-0.2644896764710945
train:1248,-0.5923799289988475,-0.15295829334050323
train:1249,-0.8069958370186904,0.18903804400225865
train:1250,0.740267828703323,-0.9070971634778686
train:1251,-4.9779959014948645,-1.785863714769597
train:1252,-2.8792292450274553,0.015557648567174759
train:1253,-3.1772332703645887,-0.03381754309759233
train:1254,-7.521790143885204,-6.957042171487929
train:1255,0.2424631563722156,1.3448260488868224
train:1256,0.476870675196085,0.20627118452938803
train:1257,-0.52057822775035,-0.16941307648823878
train:1258,3.1330950889202605,0.06570820173432558
train:1259,7.397698648081522,0.7546821460902347
train:1260,-1.0623430778951821,-0.1019727464523861
train:1261,-14.034274184596002,-3.517478058730317
train:1262,-3.9025957307832315,0.14150660064601173
train:1263,0.9423221583365228,-0.31122464452507675
train:1264,-16.00046456010917,-5.310220562527356
train:1265,-4.334000101536296,-5.302315441723293
train:1266,-2.3012671600020553,-0.5347067979024751
train:1267,-9.643678259219104,-8.184091765367368
train:1268,8.541070538075289,5.351751347074245
train:1269,-0.1203413929335585,-0.7313233528611249
train:1270,-17.565962947571133,-11.452098265087159
train:1271,-1.8967844754270926,0.021566236563016053
train:1272,-14.047886009312096,-9.249208785738485
train:1273,1.0067128584276022,-0.17940375567378325
train:1274,-0.9393345456513985,0.10642431021414614
train:1275,-31.37359746759018,-11.589517146290495
train:1276,0.1650774595055467,-0.4925988905602339
train:1277,6.05941145347088,1.1115956683704853
train:1278,1.5090913790938734,-0.20562566851778352
train:1279,7.4056291934058995,3.3475107685835703
train:1280,14.521373052053812,10.939270255749822
train:1281,6.234558509336874,0.388239042194981
train:1282,7.561750937056852,2.018126153201571
train:1283,-16.77283588816242,-8.933873613873732
train:1284,-1.2358657155783064,0.03808379046715432
train:1285,-4.4776323288550826,-10.648772961369266
train:1286,7.9525969238840135,2.978920031021882
train:1287,-2.273137155891132,0.04959994169409511
train:1288,4.045732648973472,-0.09466523178143835
train:1289,5.226917126159306,1.238778351134256
train:1290,-0.3629868831045364,0.04902430532572008
train:1291,0.13074116906730227,-0.25576439867030504
train:1292,-0.013248346566748392,-0.033885164321535294
train:1293,2.1411946154812385,-0.1399734490745486
train:1294,-2.0818314628288634,0.15355059686997546
train:1295,0.6098850237040805,2.562571019416037
train:1296,-8.393590370124214,-16.747103736996294
train:1297,11.804686598727907,15.680715263667526
train:1298,3.4336949754262687,4.01946772137211
train:1299,-8.27860722616683,-16.63136587505446
train:1300,14.067274248221596,6.9902820804004975
train:1301,0.5408274919817371,-0.07997915735615971
train:1302,1.4417070817848514,2.1877708274380185
train:1303,2.076370148313852,0.32902210923031594
train:1304,-1.0580853727667585,-1.322073564100239
train:1305,-2.203057040369928,-3.1153317867254495
train:1306,-3.062054396568914,-9.777259214327847
train:1307,2.980623869474199,0.9894200947163123
train:1308,-4.200598826287405,0.035479660041301084
train:1309,-32.90039434754936,-13.788137072917303
train:1310,-0.27091854263806103,-0.7544204233227494
train:1311,1.6798263775599165,3.999613901765167
train:1312,1.49794175205851,7.140252259668179
train:1313,9.494825311663966,1.0131538603729946
train:1314,0.11803523411346381,0.08920201190857723
train:1315,-5.109218578116131,-4.389696264851547
train:1316,0.03800265149418543,0.013587217459369083
train:1317,19.53697014966195,7.89569603040207
train:1318,-0.13607416663369548,0.10862271329634174
train:1319,11.42757424473473,14.154677144177086
train:1320,-4.172632240319378,-1.3513853674281637
train:1321,9.71518270575975,13.383293025176341
train:1322,4.9632927447222235,0.3221522779244672
train:1323,0.6578746326543032,0.07845679969890997
train:1324,3.482025135698458,2.0344144511840296
train:1325,32.14720111615643,10.667087125695746
train:1326,2.1292797359189715,-0.26156627115244735
train:1327,-3.360412688264189,-0.2569382118150361
train:1328,-0.22868994625596017,-0.17819399200493063
train:1329,-0.6133060522444154,-0.02414086035487155
train:1330,-6.1395423065443575,-0.18466594231167205
train:1331,1.0501588386138934,0.6459255335468654
train:1332,11.84186411000761,1.3588527450482524
train:1333,2.6506765950530773,-0.1061437205545375
train:1334,-12.3864939485821,-5.339930532176008
train:1335,1.9321049372068648,0.0028673988738829176
train:1336,2.684084563508882,6.405846963907523
train:1337,1.524894587640806,0.5595732305717303
train:1338,-0.5282632971730233,-1.2345173465494617
train:1339,-0.5193866468108272,0.05418448948445447
train:1340,-4.117994325697998,-2.9542586019366053
train:1341,-2.6323627781300134,0.3067431985140771
train:1342,-0.5593132092397298,-0.09643080196607512
train:1343,1.294596581817201,-0.5606619350317636
train:1344,1.8610173476724161,6.674413357106322
train:1345,7.513101146704318,0.9125931113644816
train:1346,1.0443841110095966,-0.1727868619840755
train:1347,-1.4821440631279152,-0.24926306023670236
train:1348,-1.2444708547158903,-1.433923633647783
train:1349,-4.577519634690615,-0.2019067865225418
train:1350,-5.836451165077587,-0.33407548242863044
train:1351,-5.700859203372577,0.09684349553574952
train:1352,-0.6924871403296571,-0.0939560648948975
train:1353,8.590442808638521,0.30812329919007714
train:1354,-0.8217918040106189,-3.0858914460077096
train:1355,5.411442477269955,0.22443019371345768
train:1356,0.16741308367446112,0.04689281016341739
train:1357,-4.426734202402849,-3.92458122323966
train:1358,0.04914112053401644,7.206751028357991
train:1359,6.778321105598416,10.127751656391652
train:1360,-1.2348921804681385,-0.27559082740172725
train:1361,-4.882557846377722,-1.696455331922509
train:1362,0.5840154435213507,0.20848627892635435
train:1363,0.6736327443026275,-0.07333629939903083
train:1364,-9.067419860636498,-18.819094504802155
train:1365,-1.695939626017915,-2.600552237326104
train:1366,-2.337802389163947,-7.666667284550507
train:1367,10.14086953363562,10.496904192223145
train:1368,20.850156503490368,6.006744217623328
train:1369,-3.099298855821809,-1.1512176995868393
train:1370,7.062392513847911,3.5723718813504886
train:1371,1.6039208585380411,0.13269444241192851
train:1372,2.507483713808364,0.08840368201578251
train:1373,-31.213502547696873,-12.637864103123762
train:1374,-0.05928983923455397,-0.04173008226377642
train:1375,2.7188705444128907,3.5861717468240086
train:1376,-1.8556254194083834,0.10888178532731302
train:1377,-4.453853710543404,0.15964364006534043
train:1378,-0.2437641657614682,-0.1542563640507497
train:1379,5.856282934309484,0.16491295974372955
train:1380,-2.5895304876979823,0.08983799379958488
train:1381,2.871348272689679,11.147244608436305
train:1382,-9.878603346314891,-6.85818621915899
train:1383,-0.4584409778402567,-0.18614704684115646
train:1384,2.0189559849291636,0.06965534102557723
train:1385,40.0850921209259,13.451950537243167
train:1386,12.653225193781553,14.532886929514252
train:1387,7.577233585690479,0.4437129656549121
train:1388,-22.242544807264224,-10.138918063131335
train:1389,-0.2652096007157551,-0.01478345250494463
train:1390,1.0602382279111442,-0.17769325256180885
train:1391,-3.3316943323471926,0.029025970318240446
train:1392,-3.6153538245949637,-9.163274478936668
train:1393,5.427287760758373,0.5086612966615764
train:1394,-2.8634020932817768,-0.15816983539083984
train:1395,4.005302814454428,1.9397327541558722
train:1396,-1.4274187442082011,0.28404729025019015
train:1397,-9.924295338018482,-6.022875791194466
train:1398,-0.9725672405940547,0.12170727746849073
train:1399,5.932168461922698,1.207714102416215
train:1400,20.662943935122428,13.55388339792232
train:1401,-1.4702280212744472,-1.0899402452128495
train:1402,10.429900670899093,1.3946854313407506
train:1403,2.894621526787054,0.4320638545530455
train:1404,9.330940392621617,7.871362661360932
train:1405,0.1472022344341433,-0.1889460519334782
train:1406,-1.6699340577646389,-8.344263333836972
train:1407,-0.5039840800409657,-0.22559748644720323
train:1408,-11.98408548888489,-12.576421804183811
train:1409,-0.14317390620741866,-0.033376721194673165
train:1410,2.451668863116597,0.2810288728320789
train:1411,-3.333111397779758,0.2357831409737514
train:1412,1.0102406446816399,-0.07179813054554396
train:1413,-12.336915255101525,-3.7617769921822006
train:1414,-0.2551915803939303,-0.4075864579126771
train:1415,-2.1781370520986205,-8.041524540852528
train:1416,-0.2679483074732634,-0.04625314324502311
train:1417,0.5606354910917013,0.09265454617153736
train:1418,3.519823078021389,1.7940101578453154
train:1419,4.606198764546437,10.997697275809482
train:1420,1.4449879973877433,8.243274827901185
train:1421,-3.9158309731501197,-0.1449132222818234
train:1422,25.381861089529895,7.945408757543312
train:1423,-1.075582504510395,0.21034614790640524
train:1424,3.7250897480766074,-0.08608475470280522
train:1425,2.0308327413400296,-0.10917611873202934
train:1426,3.446044086981323,0.08053907688176051
train:1427,2.3055858285708526,4.457194455357385
train:1428,2.3950213470082535,-0.06967847623047177
train:1429,0.03160528449337839,0.009689724129999591
train:1430,-3.8026033538231054,-3.946819475625047
train:1431,1.42534783312724,0.022478124460575705
train:1432,6.83471826418201,3.6960003126937644
train:1433,5.206451502687674,-0.022040322588340197
train:1434,-1.7491163081410819,0.1119378651992659
train:1435,4.484246522546351,5.242994163887636
train:1436,27.268709748313807,8.278134282147821
train:1437,-0.6885802146857711,-2.4155519814830195
train:1438,-0.6310261114404517,-6.609720163446825
train:1439,-0.6610613432884659,-0.012884922445382072
train:1440,-3.6107334846117496,-1.7104888758028194
train:1441,1.2996348817163845,0.02294091612823583
train:1442,-1.6945262799171936,0.19410050550613878
train:1443,-0.6926168520277167,-0.7507745836622308
train:1444,8.170428891657718,7.619345492766093
train:1445,-9.429902222821285,-5.018756538679321
train:1446,-4.061849151846835,-4.737374068952805
train:1447,-10.18220403624429,0.10915655004738496
train:1448,12.057732270567682,18.928155781016823
train:1449,4.429790855185327,1.3061358665699
train:1450,0.5414156113295703,0.04894869509641679
train:1451,0.02822452807629887,-0.36923409639384935
train:1452,-7.281184707230663,-5.11345478436144
train:1453,1.3810889464747933,-0.25722610132962864
train:1454,1.43670853224475,0.16717613083366797
train:1455,-5.58836243275291,-0.028554785816463493
train:1456,-5.756455775776749,-0.620115827601849
train:1457,-8.39195200444693,-0.017700295426331475
train:1458,-0.4848977475378585,0.07158254590795103
train:1459,0.5606106180599946,4.489145341009614
train:1460,25.902833479917305,10.965745819514012
train:1461,3.4648597218636588,0.8381396472391289
train:1462,34.778115127994795,11.368041314726147
train:1463,25.85441521797206,9.50862542540785
train:1464,1.48834587590098,0.029391752635096344
train:1465,2.6121271152394168,-0.4786636399780179
train:1466,-3.7448609594031836,0.01901517595848512
train:1467,-5.10908747166863,-0.5349644433253462
train:1468,0.019370077476046688,0.022608373780111365
train:1469,12.266208259087794,0.8342592018765551
train:1470,-0.45251120058971306,0.16469982449358028
train:1471,6.881289877866707,14.531561895910913
train:1472,-0.8122287044649638,-2.345075258766995
train:1473,0.9086391917825016,0.003363145188654479
train:1474,-11.378056628389915,-7.088256448742475
train:1475,3.105912119680117,0.08532791495204876
train:1476,-0.46573853937643284,-0.19596467846416338
train:1477,8.05504313002822,0.2431236102918106
train:1478,0.5062149249249552,-0.7719160597402901
train:1479,2.744022061091487,3.36797203791952
train:1480,7.245044251542144,5.122097116412738
train:1481,-1.3221272492033305,-0.04059707011070715
train:1482,1.8760006760059862,1.3320653247533876
train:1483,1.4159709326320251,-0.18590580741143597
train:1484,-2.499321813153509,0.20641641323397436
train:1485,0.269475966180496,0.05023578092429276
train:1486,9.297667249945157,4.2882018836834765
train:1487,9.198179772282854,2.0235636699749575
train:1488,5.603052225710471,11.397972693951928
train:1489,1.297275663036085,1.20092644373693
train:1490,1.6781656958915687,0.09299678945474224
train:1491,-1.7070120769175152,-0.079548892353181
train:1492,1.0724952860030594,-0.007034973270267683
train:1493,-0.45941137476418137,-0.07271158771201366
train:1494,7.845982276575638,2.5191684652229895
train:1495,-4.281392012268782,-2.2333826867536977
train:1496,0.30922469805560715,-2.5288143930496245
train:1497,-1.2239991873300116,0.15669883562519238
train:1498,-6.075520517680555,-4.533986546629641
train:1499,-2.5607456487242746,-2.1158618500084074
train:1500,-0.7057470232700118,0.05669389313246359
train:1501,6.415739251286802,8.159116362862324
train:1502,-2.9494200106710187,0.16814108855254994
train:1503,0.046479822370511445,0.21529119956365028
train:1504,-22.243649448821895,-4.354965490655537
train:1505,0.6075043026365575,2.4656809330489833
train:1506,-8.040001860211401,-1.6725319700493289
train:1507,-1.4755076128270108,-3.122506769503902
train:1508,3.4419704887791776,-0.03406035179622291
train:1509,21.132520738423466,6.409505357719322
train:1510,-9.663507876945411,-7.360922342977612
train:1511,-3.0822401403192847,0.2961138268821349
train:1512,-6.540257540419584,-0.7197387244453812
train:1513,0.11548423738495756,-0.023615868574048723
train:1514,13.250223516559288,4.041654330544275
train:1515,13.416625493427066,4.99358882940239
train:1516,-5.989988902929917,-0.09219577316023095
train:1517,-21.377312921061726,-12.57412895964539
train:1518,-0.4611730595379179,-6.723094421088476
train:1519,0.4740308491040678,-0.5629296712676224
train:1520,0.3003712935174361,-0.1635969379250959
train:1521,-5.538621948337122,0.02136765271548742
train:1522,-1.3639343987958576,-3.4936374401269408
train:1523,-3.190218387664968,-0.9784598098240318
train:1524,3.7994243143108717,0.0602079142045364
train:1525,-0.2894814954132448,-0.16163463848346055
train:1526,-0.06440961574694562,0.09143151504735418
train:1527,-1.3320318299039133,-0.0483613846952948
train:1528,-10.9332301188448,-8.433925082282633
train:1529,-13.657042811983818,-5.895837481170422
train:1530,11.180760313399585,3.567414988846013
train:1531,-0.25744700646995833,0.042226803050544486
train:1532,-2.6073507363955666,0.29023848408283937
train:1533,-4.774789276364745,-1.4685438457160382
train:1534,-1.9073411014915775,-0.01841902058714273
train:1535,2.253651170825343,0.13281862864703892
train:1536,-2.7284484619044935,-1.5264494405151263
train:1537,-1.134239622105702,-0.384978856690184
train:1538,9.145855282068444,0.9668435935504007
train:1539,1.8080505753401952,0.1222492458857043
train:1540,-7.655366227730765,-0.4520930641143625
train:1541,18.37989717098783,4.154836852057277
train:1542,2.090167009789185,1.2321694464499084
train:1543,-2.5626359991339895,-0.13705204100724155
train:1544,-0.2812889696521052,-0.07380964796663142
train:1545,14.752237558608908,9.730577113615501
train:1546,25.14078515739709,10.882457014772951
train:1547,-3.587911664416941,-0.10432422458371837
train:1548,3.2675935670631335,3.038780792222105
train:1549,7.371790712289151,0.04424559617294227
train:1550,-0.6006061612048234,0.13519328915999718
train:1551,10.915377617833249,4.868069001040052
train:1552,0.22381163700749648,0.28992933810755595
train:1553,-2.611967357046937,0.19572056166456925
train:1554,1.357391456088962,0.16322328511001608
train:1555,-13.0342537123668,-3.224271575748867
train:1556,5.550917421420106,0.0619418136893518
train:1557,-9.478053622706723,-16.9624622132087
train:1558,1.7470393531458739,-0.13359594022403126
train:1559,7.657375888599155,7.463295109775947
train:1560,9.376109818201124,2.5332721982218227
train:1561,4.172796182760181,-0.12784656691997123
train:1562,-1.4385971960653552,-0.2858742465694044
train:1563,-1.4763479493655156,-0.11714144239791571
train:1564,-4.654749700765437,-2.7366463702477226
train:1565,18.425538951711527,8.60558021549562
train:1566,15.720316408961803,10.076205452520211
train:1567,12.748499598297562,3.235349698470213
train:1568,9.148597359470436,3.0548044544020017
train:1569,5.814050851053779,3.1221272319304094
train:1570,6.354526487798184,3.402107631216184
train:1571,-1.6598781467496533,0.09086971677754975
train:1572,0.3966277178693801,0.10903357642915962
train:1573,0.507596889163243,0.014126760642812541
train:1574,0.07617229454327662,-0.05036191723401179
train:1575,8.453736907046231,9.641175578487292
train:1576,2.2204703140702624,-0.14392672278063048
train:1577,0.4831639009052599,-0.13627111573326758
train:1578,3.856934018032303,0.22844866340971243
train:1579,-2.3623523039167758,0.2949962220965463
train:1580,9.188373753876139,1.5020642257810801
train:1581,-2.3180127542549624,-2.6359033007240216
train:1582,3.4113817738611276,4.4693973757236956
train:1583,-2.0635586179375123,-0.053255934425797624
train:1584,1.6471864511298984,0.08514759168820092
train:1585,-0.0994886102627896,-0.008193236386708061
train:1586,-0.19578222793317368,0.05062795549099981
train:1587,-2.164611004473179,0.17174127675386647
train:1588,1.3705267414125428,0.08606347408844074
train:1589,4.553531165969418,0.19270414149779808
train:1590,-1.7540358218794982,0.1142672309050472
train:1591,-4.810461388080587,-8.427057961532173
train:1592,-1.9154701661531286,1.2540918478019418
train:1593,-9.753621708527863,0.13401491086934594
train:1594,-1.047993198266294,-0.20179123126643678
train:1595,4.751628358978838,2.3629560195526764
train:1596,-0.3336385653564617,0.10192107908549032
train:1597,-2.506981312169755,0.041312204597594715
train:1598,-16.71080487166812,-7.04353114351905
train:1599,6.8139244096751455,1.0304238073891054
train:1600,-1.9626782504996303,0.22601401402614657
train:1601,-0.12054119079105358,-0.14719308468653253
train:1602,-8.837457292053575,-11.563139733163588
train:1603,-3.2636765863334887,0.27235566622694174
train:1604,0.14960585263833087,-0.13656043185596017
train:1605,-3.732955378170527,-0.6206325450556915
train:1606,-22.576042416388688,-5.5257599326468485
train:1607,-0.8530753366087769,-6.638127354578501
train:1608,-7.736337941640654,-2.0535929743352797
train:1609,0.0857405081702172,-0.059876251974945505
train:1610,22.973404034613253,8.454633665644256
train:1611,0.9817793875783601,-0.059945014485368514
train:1612,3.641400597338192,-0.25411295713367327
train:1613,-0.5262441648982096,-2.058321752204555
train:1614,-1.474402041436381,-0.13358909250515097
train:1615,-2.5615220592467103,-1.2205810973415756
train:1616,0.6711003442333413,-0.0264118777893603
train:1617,8.59938687189039,10.905695890079722
train:1618,-9.77657184567129,-0.4611922558981782
train:1619,-0.5150052738985905,-1.2724973633541732
train:1620,3.7544543379014996,5.670645050183793
train:1621,3.75823550363741,0.11995911190267472
train:1622,-1.5802379536399176,0.07196402091390762
train:1623,-1.0446225537826654,0.20096848222145747
train:1624,0.8340061491677561,-0.23725701178820024
train:1625,3.169632177748074,-0.04328023462530384
train:1626,-4.964472410910066,-3.7447224629891993
train:1627,1.899224648956428,0.08851296019624726
train:1628,1.4347940061780489,0.1523282790498423
train:1629,3.187069335265726,-0.10653889099825467
train:1630,-3.9202374515523037,-0.15493200564693907
train:1631,-4.49154448961758,-1.322164153714593
train:1632,1.258252665787035,1.8533838750401774
train:1633,2.486840724699421,-0.003882169369130592
train:1634,-0.16384269818102942,0.09503227389191075
train:1635,-1.159199128277852,0.10651047734338989
train:1636,0.5450370782544289,0.0718230720336215
train:1637,-11.355033034442569,-4.1525303718999735
train:1638,11.115680374626164,15.268803288574492
train:1639,0.6022931700357474,1.0574665905338814
train:1640,-1.1651728401358028,0.21976946505055503
train:1641,-3.718761013104366,-0.3531634988074605
train:1642,1.322756573041116,-0.40952764355443155
train:1643,0.4530745062872674,-0.023494606885543445
train:1644,-0.1445988752201527,-6.360177874583974
train:1645,20.39513530536084,12.786930894323607
train:1646,-1.7831595849674908,-0.022844644235155184
train:1647,-1.172919975908623,-0.03870652905650493
train:1648,1.681779491694499,6.236143941399783
train:1649,-2.2172311815691867,-4.5612958201675085
train:1650,-1.097394061193076,0.016074366021017236
train:1651,-3.098084493974742,0.018500883738412757
train:1652,-0.8159419923947213,0.19999268228101502
train:1653,-1.2080348852225855,-0.06965236930224064
train:1654,5.371644696706151,5.803579246163773
train:1655,-0.6298652149886419,0.11243375417484747
train:1656,9.878114546017072,5.639041686264738
train:1657,-2.0239858569502704,0.19225105076521837
train:1658,-5.715382264390452,-7.12080194465081
train:1659,-7.365189536259337,-4.224742420708913
train:1660,-0.5338801856321901,-0.13073730291312693
train:1661,-4.819534698114035,-5.066990729185659
train:1662,-7.449834090365181,-1.3793331907516189
train:1663,-1.945857339776882,-3.261566250022309
train:1664,0.29110085889625614,1.0419496595511266
train:1665,-2.5558161392815277,0.03334802221818839
train:1666,-0.10270246166336944,-0.08846119847588854
train:1667,-0.5847036929893037,0.09804641148572182
train:1668,13.504418461938858,6.951861241692867
train:1669,0.2065786940539045,-0.19803796801598356
train:1670,0.052224214174455524,0.06319808478226643
train:1671,-5.424283178621711,-3.4885156317260977
train:1672,-2.260404488239665,-0.36374037126132047
train:1673,3.13454353621526,-0.14348347564394123
train:1674,1.9338330317648853,5.2376369651502825
train:1675,-0.30195497212683303,0.17389474168091013
train:1676,-0.5036510836118072,0.13132061881156878
train:1677,0.2605293458879846,-0.06220276446452669
train:1678,-3.1564849776728123,-0.49146002931395444
train:1679,0.5528025782282289,0.16221752639947234
train:1680,-1.7334193330099437,-3.386970808450162
train:1681,29.45150006292735,10.838427323659117
train:1682,2.7174995057118947,0.07265621116405772
train:1683,11.070750845950595,4.577444964041334
train:1684,-0.5227149838947303,0.10037549186988311
train:1685,-14.938433527710808,-4.416938487808711
train:1686,-4.719253143103037,-4.956667130305181
train:1687,-17.66591999087874,-3.141536009629009
train:1688,5.92132103059966,9.422504518266544
train:1689,3.2503474902189677,-0.22250060558358858
train:1690,-0.036076326904923656,-0.2516415012611258
train:1691,3.6472515712452913,-0.18728719203472605
train:1692,0.30178882386648215,-0.08114184295771026
train:1693,5.71330251989636,0.654863518615374
train:1694,8.854096014897394,7.809554580104124
train:1695,0.6759828971115576,0.20328500845433817
train:1696,0.38137043749967503,-5.820749961074997
train:1697,-4.259306619779086,-1.2317297543219403
train:1698,4.322156181118734,-0.16750727072736593
train:1699,-14.228712484903884,-2.890822190194387
train:1700,-0.001114956258646299,0.04351674209462058
train:1701,-0.8835520066550263,0.2363626291839966
train:1702,11.89914925906896,5.073760780766436
train:1703,-0.32947337860765774,-0.2777276010140001
train:1704,-8.35833575340786,-1.6346204304334202
train:1705,0.4549667163629045,0.006409381464716951
train:1706,1.1363778323809517,3.379259931850451
train:1707,-0.2981444004235308,-0.006599001834888735
train:1708,0.4062797326919309,-0.15774955664456158
train:1709,-3.8964755702339233,-0.23182990925394426
train:1710,28.86734924217177,11.90321565352398
train:1711,0.5721343866330404,0.41784642088863727
train:1712,-0.04291792160284891,-0.2093711032562876
train:1713,-4.136321333359327,-0.32197927234820445
train:1714,2.5442093262690206,1.3531979558612266
train:1715,2.133805697856644,-0.29910047292588954
train:1716,-12.474159529978236,-9.27458757319535
train:1717,0.16152910069724674,0.1436102769503632
train:1718,-2.227356365139767,-4.992474993616739
train:1719,15.112741236252685,8.525899017317995
train:1720,2.9579703490453313,9.558662848552665
train:1721,-1.0299249166263627,-0.36942697380897777
train:1722,4.286710018812414,3.1764544656321116
train:1723,1.9363554361298405,0.04074106204473488
train:1724,0.9474297307913013,0.14776926754447406
train:1725,-1.8182649634936032,-0.09417390795177696
train:1726,-1.788311092029677,-2.4054330502292793
train:1727,-0.15112514031517849,-0.23869303550172272
train:1728,-0.5685868982762733,0.14707522270379386
train:1729,-6.601621866680845,0.06944748422539819
train:1730,7.606082583138496,8.730512281320733
train:1731,-1.1449894209678346,-3.767370437220924
train:1732,-0.41936079586410524,-0.048401187061286516
train:1733,0.20549160309337422,0.30005668634908633
train:1734,-0.0573124332138652,0.24268300238010643
train:1735,2.054749904762897,0.3597128719477605
train:1736,-11.626689312996778,-9.863883999450094
train:1737,26.43949959102049,7.35023641784603
train:1738,-1.049827758698349,0.13076167375796446
train:1739,0.043857577191368485,2.2371527241608558
train:1740,-3.9834158819204775,-0.9167658572152291
train:1741,-0.6530622227832145,-0.0058263508878951265
train:1742,34.684004874345966,16.019691043680027
train:1743,-0.3961170639632424,-0.1442441430828943
train:1744,0.5765019282799821,-0.17670432782684586
train:1745,-9.572797092601999,-4.049987493597234
train:1746,-0.6826499725187469,0.0468540064230957
train:1747,-4.403269867631988,-3.299010147503017
train:1748,-1.1614995350233683,0.10699210023797084
train:1749,-0.3284231322782071,0.19782081410948057
train:1750,-2.532109118107846,-0.1431836026213082
train:1751,7.838644034847418,5.565289471350971
train:1752,-4.844426326480032,-5.276817389829263
train:1753,6.8410950586285555,1.5832948630161825
train:1754,0.44806317154395253,0.1088792174327329
train:1755,-8.971791189762351,-3.072376331510962
train:1756,42.05508830274844,17.696204361705572
train:1757,-4.33692907536345,-1.474121883387281
train:1758,-0.012162069210058968,-0.3150094358145414
train:1759,-1.6405332044542678,0.1554068993297762
train:1760,-4.784364696197133,-9.018724839805982
train:1761,1.1463044966143583,-0.030524360959409136
train:1762,4.75495623114626,6.9723941267554395
train:1763,9.292843276543485,4.380555070970712
train:1764,0.3098795329183921,-0.15130100271066116
train:1765,8.320508580728085,11.468216594226023
train:1766,1.4009025245825235,0.08630913600327143
train:1767,-1.2422164747019435,-2.3579700840618356
train:1768,0.4496996775553143,-0.07208088427097625
train:1769,0.9343056034632526,-0.01850090789208629
train:1770,0.032733985478913485,0.20605733597518874
train:1771,0.20705639573761875,1.1772678603271212
train:1772,1.0592853815843584,-0.10992451734132189
train:1773,0.48522394583035766,-0.02575435411604171
train:1774,-12.921641642459967,-4.824982072377615
train:1775,-1.8038867239594047,-0.015011424479334554
train:1776,-5.4185721445752435,-0.11555533951226676
train:1777,-0.10714892288287625,-0.09183940645683544
train:1778,-11.619945234530638,0.04148853335876238
train:1779,-1.4146075056715293,0.33749459207577437
train:1780,0.23323316948483913,-0.041141749083310836
train:1781,-0.21105194481873213,-0.7428266646151651
train:1782,-3.656210684901348,-0.044872614586593085
train:1783,-4.929950502566982,-1.085467971479965
train:1784,0.8563532896359737,0.1377807282710797
train:1785,-0.587300251532899,-0.10812185534608351
train:1786,-0.5045255915116287,-0.4070273701982628
train:1787,-0.010616570599755182,-0.03247382092814391
train:1788,1.5544821049180984,-1.0371173697526626
train:1789,0.8820975748272085,0.07683246371617933
train:1790,-0.13539736446720685,-0.1143238914002932
train:1791,-0.7157975877454718,-0.007464096986766353
train:1792,-4.7000641802868595,-0.3814328795966698
train:1793,-0.07153539064357681,0.0038471933170055317
train:1794,3.0725873712743215,6.321475648940134
train:1795,-2.58353678443137,-10.959958415592558
train:1796,-2.281361528431186,-1.124468512389056
train:1797,2.2416012330254906,-0.07539318295770028
train:1798,-5.330074362679012,-2.5179111126624707
train:1799,-6.601871061914394,-14.1739478262116
train:1800,-2.7050427066101763,0.2829439515456022
train:1801,-0.788085824090813,-6.433415369295239
train:1802,0.5899905501287432,0.30868837865851173
train:1803,-10.797399190068813,-1.6909674558831906
train:1804,-13.417042696586888,-3.2484942400014405
train:1805,1.5027108653154846,-0.0987302089017551
train:1806,-7.8578987239641584,-7.160898191911154
train:1807,2.004902024640114,0.06140198518428833
train:1808,2.5331475684484723,0.21303730142636226
train:1809,1.3135939990434125,5.290856295001477
train:1810,0.2196164631457002,-0.5999434464061619
train:1811,0.049346613618397664,0.08664809808784617
train:1812,11.358674552157517,7.471314929871255
train:1813,-0.9674261941526804,0.11207767279307199
train:1814,1.0514722276713073,-0.17837802444983863
train:1815,-1.879982858738285,2.1630251686559623
train:1816,-0.43298749790757496,-0.3025528645280397
train:1817,2.418455927124362,0.14243575050158214
train:1818,7.09921296927059,1.1794903730862079
train:1819,0.018465001317632346,-0.035852314230710836
train:1820,-0.9492275034399688,0.15652450411536478
train:1821,-8.194732573752695,-4.507128651894633
train:1822,8.388649529609122,7.650608753314092
train:1823,6.0437233117528715,8.208178556709939
train:1824,0.6619424194004424,-0.8968775136922642
train:1825,-12.120002892126251,-4.659163703726344
train:1826,-1.9755696871291883,0.11657947731362775
train:1827,11.657184406625435,12.235032143447128
train:1828,-8.675370669957802,-8.547319883080924
train:1829,-3.7616395627262063,0.11958819379665858
train:1830,-1.264750046678842,-2.2121306485478835
train:1831,-1.6242002235778048,-0.050329105247710365
train:1832,2.3856902407863685,3.5273669609394513
train:1833,18.86305139518541,10.97444470506495
train:1834,-0.29226901840120567,-2.6168375394315526
train:1835,-0.15478380055847718,-0.22162338426286043
train:1836,-0.29005450497546165,-0.021833749735451227
train:1837,-2.3538647886487585,-0.3304202271546515
train:1838,21.68345420648025,8.334770623720283
train:1839,-1.0518633955082204,-1.0090186112922206
train:1840,-0.6926596243439227,-0.09985323479812394
train:1841,-14.242050008896483,-4.150335392677218
train:1842,-12.780502297309626,-4.658980812567917
train:1843,3.292201363917785,-0.09886388208073091
train:1844,-0.02457626907238336,-0.19511142415951627
train:1845,-0.5581037290157077,-0.0625638389746524
train:1846,-16.506751168710526,-9.499094601831832
train:1847,8.105874308507262,0.038902378194969923
train:1848,-0.4543322784438335,-0.8178442809136874
train:1849,0.6782772599428275,-0.20778500037063863
train:1850,-0.15985673673545842,-0.01986973836409582
train:1851,0.941830974074874,-0.17139620440813502
train:1852,1.8201093465531768,-0.0708955156006347
train:1853,-3.01095170686526,-2.560944746000842
train:1854,1.3090519974871624,3.219134014840048
train:1855,7.030868386971094,3.9735914287335556
train:1856,39.24803045410989,16.01380086415649
train:1857,0.850391898064756,0.004758510571325161
train:1858,-0.8288903812931407,0.08777140930583502
train:1859,-0.8859444668636819,0.1871925837640184
train:1860,-0.7102990205305922,-0.12114307811858974
train:1861,-8.855384471541674,-1.940282343414892
train:1862,40.41186889740825,17.043503765051668
train:1863,-2.1279813972657458,0.09416689341841313
train:1864,-0.5934336622019019,0.5039241018045104
train:1865,-0.5782020684677445,-0.10421523172487362
train:1866,5.096364859102922,4.566462364243817
train:1867,3.5321052416032512,0.2587880525521118
train:1868,-31.261396383852112,-9.508999827192183
train:1869,-5.490005631971185,-0.13957086026871107
train:1870,1.0976384341850072,-0.012943698699104639
train:1871,0.8691761510846581,1.9750582812687985
train:1872,2.407528297708438,0.24891991900236263
train:1873,-6.690257263855305,-3.7383874670600634
train:1874,-4.827229065866318,-5.334483742449971
train:1875,0.922404903853641,0.060686683882917224
train:1876,7.767943255824746,5.0681707595871535
train:1877,-29.098684882198423,-14.694385873979032
train:1878,-0.0015445390866287712,-0.44358006559886237
train:1879,0.056572694245696845,0.13336566152300772
train:1880,-2.276578467679797,0.05858814336772596
train:1881,1.6016264957067712,-0.06415236709407146
train:1882,-2.6105660987747084,0.3527030903872957
train:1883,0.24619364621175163,0.32667790680029396
train:1884,-0.7763199502605466,0.24720913056876825
train:1885,-0.6755539522768678,-0.05194545222508065
train:1886,5.5620633291236246,12.729982981542092
train:1887,18.226565856052847,6.212679091369963
train:1888,-6.7578412427927015,-12.173588763039573
train:1889,8.320241718668278,0.3686733974242502
train:1890,1.9478246932455479,-3.431953473774838
train:1891,-0.26791006809274226,-0.5666853597518455
train:1892,-0.23278190865908538,-0.11886849416385081
train:1893,6.374807074510577,1.8469711289695885
train:1894,0.22927580040281886,-0.27001064981833456
train:1895,1.8762470817406514,1.9699063714370444
train:1896,-12.318282332396027,-10.72662239474641
train:1897,-0.21210172623170226,-0.18948017400614142
train:1898,-0.8982619640980621,0.989987742079327
train:1899,0.037501239069965636,0.0036608782991374295
train:1900,12.940943406904095,5.934644585532673
train:1901,-12.71236320809451,-15.031210328976638
train:1902,-18.135253177943998,-7.6697196552414
train:1903,-0.30754838230373455,0.3067320709708966
train:1904,0.8711736647431285,3.5459288442509784
train:1905,-3.5955948741736923,-0.1873625169424093
train:1906,5.9568704043646505,2.7243646412954123
train:1907,-2.456321222955537,-0.2423149081461602
train:1908,-3.4188624531091927,-0.1471858089852222
train:1909,9.066886428356552,2.9047458254321166
train:1910,2.3827633590833774,1.7102671210851939
train:1911,-0.19996647625767816,-0.10033200447650475
train:1912,-0.6176841707412886,-0.04857380664139402
train:1913,0.46322851467963866,-0.05633740792193162
train:1914,-0.5464068952827956,-0.0331312019406525
train:1915,0.36132602835937644,0.21875314944007082
train:1916,-7.389333578924689,-11.539874608267775
train:1917,-9.798916661557106,-7.4677690125966185
train:1918,0.18653230901856374,-0.06659985595053788
train:1919,-3.421233527159745,-0.04740341735610312
train:1920,0.9222383475245017,5.684276575901505
train:1921,4.565905383014419,4.771096171403195
train:1922,-1.8155733295297458,-0.08044366095353991
train:1923,-20.931736966150048,-10.702884777247858
train:1924,1.30578898116877,0.047188118040130234
train:1925,1.7829225369438637,-0.06529508018222116
train:1926,11.192937405856854,1.0441377910550018
train:1927,-0.265813294765685,-2.226807878002942
train:1928,-34.07158219057147,-12.581957043612052
train:1929,4.049066100138661,0.8670778932360523
train:1930,-3.3715544117193836,0.403215270875211
train:1931,1.6386770847872976,-0.548225978232308
train:1932,-10.314694075191401,-12.084218042646327
train:1933,2.0371723424681343,0.023139499975764463
train:1934,-8.312301583174623,-3.216865767779825
train:1935,6.413068771022807,5.18652159692506
train:1936,-1.3945305523775957,0.7183430139222144
train:1937,-0.9257031944431239,0.1647092401070407
train:1938,-1.0538244132229715,0.11207424893363184
train:1939,-7.159845225151876,-4.969676654891267
train:1940,-0.8914523324081712,-0.06375562738144422
train:1941,6.85560882131682,13.920202119423848
train:1942,-3.9846255946027402,-3.029813764167231
train:1943,-1.4423816162166294,0.03114876317113275
train:1944,13.515095733830034,5.782749626616387
train:1945,-4.946777689662217,-0.2562728417971672
train:1946,-6.587226192778628,-1.0091955106966284
train:1947,0.5987486467884117,-0.04623759321673243
train:1948,3.2168979117381578,0.0006447434539862684
train:1949,0.027625483191173972,0.021336267337286052
train:1950,0.4764263312698466,0.26541578846338
train:1951,1.4226215628855847,-0.19531300388405504
train:1952,0.7872415951436521,-0.13392406008704552
train:1953,-2.8776513184926364,0.046831466015114724
train:1954,0.73332616073297,0.04257703533910971
train:1955,-3.0452620782097166,-0.04128526585817707
train:1956,-4.39551506073724,-5.702519529460735
train:1957,-1.2505859011839133,-1.7329151551357946
train:1958,11.02114239781527,0.2904524752978487
train:1959,2.1897881509396315,1.7455362971781676
train:1960,-4.60497295286417,-0.15422383738606826
train:1961,13.505437558864116,16.273020121083682
train:1962,-0.17144687213609566,0.07084042437429876
train:1963,-0.8793917015292675,2.201930911456804
train:1964,1.1525139211279227,5.661014874865134
train:1965,0.11132509455040007,2.364148663924328
train:1966,-15.14062012608271,-5.972510818829876
train:1967,0.39451885671382986,0.2409366914048205
train:1968,-14.790681210541827,-4.307564724601255
train:1969,0.23046831117530267,0.07226532054464073
train:1970,0.5795085431593789,-0.09978504293094098
train:1971,0.7891291560544842,-0.16789844666840292
train:1972,-2.9407972047071755,-0.14893711308885837
train:1973,-0.4048254145594973,-0.06361054133766791
train:1974,0.30028900330038755,-0.22357412817888528
train:1975,-8.539717339277365,-1.8617273096714562
train:1976,1.0542517308499795,0.6946449847984391
train:1977,0.07424463458600142,0.12304201200690877
train:1978,1.3675382582758853,0.10485504130407791
train:1979,-0.8934305520327009,-0.19224237260948152
train:1980,-0.3275299114900455,0.054193049133054845
train:1981,1.2962247193319136,-0.13118896703760657
train:1982,-17.06079771752074,-6.413051965274954
train:1983,5.492789843696089,0.021327137045445657
train:1984,0.8947990930744822,0.018308719627334394
train:1985,1.538077526903638,0.012332943617794537
train:1986,-0.38419776769441083,-0.049470287171473004
train:1987,0.16321907210386608,1.0318979215388995
train:1988,-8.052954433358146,-4.691005025876489
train:1989,-0.04741110692864603,0.031524674405499095
train:1990,-2.053571747019881,-2.1383175174682436
train:1991,-0.26170831470110584,0.005917059009385536
train:1992,-6.857659740989121,-1.3138242027616303
train:1993,-0.2600871509336006,0.01942746569940304
train:1994,7.088426906922979,0.7935172717901235
train:1995,1.1498662217714726,0.23213273616731264
train:1996,10.385203600463775,18.37737891475023
train:1997,14.362489704508688,16.473345571780875
train:1998,0.9638289622662357,-0.02524847888375971
train:1999,1.6526178379133456,0.919136249415416
train:2000,-4.608147402593027,-8.16941938637985
train:2001,-4.27681072526993,-2.6281779325405656
train:2002,0.20611366134428388,0.14543975917788277
train:2003,-24.720527332340836,-12.021916354986898
train:2004,2.0947006428487858,7.499356909329315
train:2005,-0.07130060782092407,-5.221657302318745
train:2006,13.647020434336856,16.712583185015358
train:2007,-1.1303120076784334,0.2615899108606336
train:2008,16.62119809088908,4.524583712823255
train:2009,0.3600874908553231,-0.24332237878642404
train:2010,15.766668582067703,6.20777213014899
train:2011,-6.319278088072891,-4.093439123108924
train:2012,14.407580094286509,2.5304166994487387
train:2013,-1.067156358217804,-5.066861763813414
train:2014,-0.524586505186985,-1.0432843112476107
train:2015,0.6527726391972908,-0.11220965819600126
train:2016,0.8020997447148476,2.143445828447471
train:2017,-3.319692978319553,-0.06848354928585981
train:2018,5.533399368434847,4.758263546221517
train:2019,-4.82079369194323,-1.7332869292066708
train:2020,-0.15252012221492023,-0.7315419092220545
train:2021,-3.3591987913336023,-0.10795836605781639
train:2022,-0.033555665976770066,-0.13206176587322455
train:2023,2.049904545203121,-0.5294223561782252
train:2024,-0.252138938782964,-0.0779764849052926
train:2025,-2.974097777455985,-4.8848625207696195
train:2026,-1.7894334004136052,0.10290087352861294
train:2027,0.4127615982630689,0.4118405434481861
train:2028,8.632958490947331,0.16643172672705558
train:2029,-3.1204530206010626,-0.5465813130841515
train:2030,-0.16445243614520583,-0.2564206383963336
train:2031,-0.8765243291357806,0.05367376378463226
train:2032,-31.658278846262093,-13.831727368736319
train:2033,3.551017579113531,0.046231149326608614
train:2034,1.0960598102754677,0.24742511903511763
train:2035,1.1539344734340924,1.6179209241776482
train:2036,-0.33865757122170487,-0.0831430888004773
train:2037,-3.3634755580377265,0.012032214630301463
train:2038,-1.1016396784930067,0.014870023462944859
train:2039,-0.048340010056686034,0.10447699015756147
train:2040,-2.4853891960658703,0.010004148555253264
train:2041,4.102819743614129,0.28255391689104525
train:2042,-2.1990752631726815,-0.4211479371726769
train:2043,5.2454003457580844,0.1871305263116657
train:2044,2.7559650681008243,0.9466774180999487
train:2045,0.608053717687389,-0.08461777359351141
train:2046,-2.515035990194426,-0.35428909259840946
train:2047,-10.742032286406008,-12.310443848721764
train:2048,-1.2761365486610199,0.19872371437600983
train:2049,0.717626861019429,4.169540901744616
train:2050,-4.304098533176426,-3.196420476454596
train:2051,15.706763163722254,8.849663160481153
train:2052,-2.380756952630349,-9.093691954177762
train:2053,2.646473285152872,0.12388542271566545
train:2054,-0.9766615275795826,-0.2747691011360915
train:2055,-0.09482770631665194,-0.14114326771659946
train:2056,-1.8559608566490646,-0.30722215283954274
train:2057,-4.039747022363841,-0.786215523370452
train:2058,-18.25643086908757,-7.040830859707253
train:2059,3.409663442549198,0.10694445152742876
train:2060,-0.13002792780478645,0.026030378629730178
train:2061,-0.1894282143941733,-0.3037406584321513
train:2062,27.65244065332339,12.25116993427503
train:2063,6.94885154081304,0.600109158448513
train:2064,2.3488384035012557,7.975395489163375
train:2065,-0.79796646159265,0.13395784654534346
train:2066,4.5119741414434005,6.71644351430711
train:2067,6.650271948873047,4.537085650247339
train:2068,-4.565258857266857,-0.1347278110906205
train:2069,0.5771579254339684,2.0012087210469853
train:2070,12.88032945584236,10.7345531346774
train:2071,8.845061757848308,0.2746308208249207
train:2072,-8.598983032545647,-0.6135351697578828
train:2073,-11.491077824799588,-3.8604320780906507
train:2074,-2.0358826047697978,-2.831815681924481
train:2075,3.0273900507059848,5.811751998647408
train:2076,4.639577908180451,0.25368450473494986
train:2077,-4.081645295586546,0.13308847156916565
train:2078,-2.7191213074726925,-0.12891095922342752
train:2079,5.094725563592676,2.110290172254739
train:2080,-0.9437275414756477,-0.5215186619822616
train:2081,0.10900806704070569,-0.006982474092185401
train:2082,2.600470729240308,-0.18884419211513376
train:2083,-3.0069022843201005,-0.9064001227601783
train:2084,-8.99596126775061,-1.5410991364338535
train:2085,2.8640376934920493,1.0987894354386585
train:2086,2.991723517987908,0.34743063217108644
train:2087,-2.3511143427501175,-0.1879654015254955
train:2088,0.7002287564861392,-0.24316231335759708
train:2089,8.48903429607879,17.875039387983428
train:2090,-3.1500719197407885,-0.3578182357163429
train:2091,19.089672144106494,15.928155302834126
train:2092,8.373260794104555,2.587271882703751
train:2093,2.7222165483230527,2.6902832591065504
train:2094,-5.745435395522965,-3.544654943036499
train:2095,-1.5661626071927648,-0.1881645560162642
train:2096,-3.250709600775849,-0.5197142880573031
train:2097,-1.1125614964529245,-3.0985831223091016
train:2098,-1.0865847530214396,-2.653780982790759
train:2099,0.48470044987331407,0.08920629173287742
train:2100,2.886763043517154,1.4958567686160902
train:2101,-2.5388457579102983,-3.235881027145552
train:2102,-11.270976134768079,-13.565779086722753
train:2103,3.1482827480470106,-0.09301150767184643
train:2104,-0.5017086625562761,0.03354746203057706
train:2105,0.7952972030012844,-0.07250059237401449
train:2106,7.877849511815064,3.9020521683046048
train:2107,1.5626967142120618,-2.6769459597979464
train:2108,14.410633665730437,21.668800047894724
train:2109,1.1965194282984966,4.779424138848118
train:2110,-10.104209647475527,-9.457817693707877
train:2111,-4.017678366867443,0.06723367377572192
train:2112,-0.8770420136368181,-1.6547735524197567
train:2113,2.0119929308007074,-0.15744340654628827
train:2114,-1.4342148933201577,0.2145321013936073
train:2115,2.9970144999942443,2.844323265962089
train:2116,-2.0585503051513205,-4.525012611037011
train:2117,1.5409732592024352,4.09421199955866
train:2118,0.2633016428612091,0.618481017561112
train:2119,0.24423495307940302,1.3114641051628217
train:2120,-3.908773540976122,-0.26619005066555845
train:2121,-0.4192901285590692,0.0011081057648864162
train:2122,0.47301756363481695,-0.17948963748140695
train:2123,0.0762383126835077,0.04020858057138672
train:2124,1.2552395420769114,2.684665847051746
train:2125,-1.2670957827812068,0.11951429549707537
train:2126,15.079667077829878,6.1698369088386205
train:2127,-1.9064756594631258,0.07553967145590311
train:2128,-6.440473446042723,-3.422548131892749
train:2129,-3.3025635955119923,0.07399294295381585
train:2130,-14.698518027113328,-6.6778058909871465
train:2131,0.3562960969568415,0.20976066794213977
train:2132,-7.930589345523373,-1.5783718409425542
train:2133,-1.9218650923424132,-4.0300283903125065
train:2134,2.301853246607154,-0.10990882465222121
train:2135,-30.562987688848725,-13.323870863124954
train:2136,4.6381292284272115,2.1504972669644573
train:2137,1.4797593334226162,0.06526267202467621
train:2138,4.42894889143914,11.45826457611999
train:2139,3.4581453980522707,0.06304886157499995
train:2140,0.7066355380456764,-0.22419555866727225
train:2141,1.1590204272725275,-0.06275543244249071
train:2142,-0.2547701336043566,0.01656654581553864
train:2143,-3.1201247895658293,0.14089943623862533
train:2144,0.6220337562560391,0.6566142520757703
train:2145,-12.193955297013543,-4.409608290068973
train:2146,10.086086565072323,14.449173566202612
train:2147,0.1571698113178338,-0.03906032786532032
train:2148,-3.3542200007439225,-12.573704401074812
train:2149,1.6088894209651499,0.13013867400066736
train:2150,-0.24137774946705914,-2.1159428813484906
train:2151,0.765903788354601,-0.23470595118366933
train:2152,-3.422247045087236,-0.11181306114418402
train:2153,-1.0064071164602448,-5.742788110979567
train:2154,-8.509246713145362,-1.742903123765949
train:2155,1.0408386579292999,-0.16969654351772112
train:2156,-0.04457348918991122,0.03834971021700589
train:2157,2.110175387902245,-0.8244949852153667
train:2158,10.539753926410635,0.8149834438717569
train:2159,-1.4717936275225325,0.12009777821000074
train:2160,-9.93989979477,-5.074267571782456
train:2161,-0.2572690596870468,-1.8771264028251458
train:2162,0.3043033246512691,-0.0331313446014625
train:2163,23.696274775154652,7.118958136523413
train:2164,2.5959312847247014,0.0929865178764218
train:2165,-0.8303734648659373,-0.016298510307210523
train:2166,-10.024382557940628,-9.271967179437155
train:2167,-0.5289562551872092,-1.4235132463592002
train:2168,1.3736540021186294,0.829817172235392
train:2169,-0.4640966868255453,-0.1649248247446336
train:2170,-2.1687813053032685,-4.610264428523758
train:2171,-1.4085105909462459,-0.10420239225197306
train:2172,0.6818561870097204,-0.17457040743077307
train:2173,-0.49876725221326956,-0.12435993672341963
train:2174,-1.7527961220842436,0.03299821791205317
train:2175,-8.540001868163431,-2.9121713804118152
train:2176,-21.485645899682034,-10.460654710862686
train:2177,-0.6557001588935744,-0.2082132681222773
train:2178,14.67519717845813,9.231974729427618
train:2179,5.602095427593601,0.5938343653812002
train:2180,-15.641320298254374,-9.948961200105394
train:2181,14.360368755524645,2.937345817769874
train:2182,-0.5589384865564464,-0.3225036934857873
train:2183,-0.4867353299270367,-0.17982089588224137
train:2184,13.653284718995119,9.552477075830796
train:2185,-0.738317212227955,0.21111651628043876
train:2186,-5.058492470761682,-1.1481436444528255
train:2187,1.8930417246822517,-0.17677679951832898
train:2188,1.5639078216437654,0.11918731692054116
train:2189,2.9007565646637383,0.10678381545536178
train:2190,-5.772193198641691,-0.3957939726967543
train:2191,-0.9151323884259838,0.1884554172541933
train:2192,3.977871347355457,-0.3016486803142204
train:2193,-14.982156133202997,-4.5740790847089245
train:2194,-2.335369946137968,-2.523601281730378
train:2195,0.21859527409628085,-0.1914578808152574
train:2196,9.257363640250569,4.997940554750819
train:2197,0.1187660828208106,0.034497583025218374
train:2198,1.0213944559653274,-0.054396364940987235
train:2199,-3.6753392085750605,-2.0051168310951715
train:2200,-6.612281471745761,-1.537156562288522
train:2201,-1.0184561244271362,-1.9658716982273248
train:2202,3.4835379739260066,0.0940168142462866
train:2203,0.18504829561280614,0.20684425300318296
train:2204,11.125064248868584,7.666850401211678
train:2205,-1.9772736060302227,0.08042009776621534
train:2206,-4.621677402008554,-0.19979084138852976
train:2207,-1.5868330263740575,-0.36104550856030326
train:2208,3.8466626182286054,-0.2911283015411229
train:2209,-2.2271411088092954,-3.628704415216514
train:2210,-34.837184334668635,-12.690575560491334
train:2211,0.02358140718554036,0.0013375043473763948
train:2212,-5.609693730711234,-3.877497734826833
train:2213,-1.8246894118793997,0.06486179514855878
train:2214,-8.58118788933801,-7.824900377933748
train:2215,7.281219402889888,0.24711525975578416
train:2216,-1.0499237639515724,-1.7089531321831026
train:2217,2.705182705852235,10.37122800761304
train:2218,1.098667759272835,0.1832213347958757
train:2219,-0.3021662766672205,-3.571649792149113
train:2220,-0.8997689908696046,-0.19202124835397189
train:2221,-15.787454706071214,-6.147256045006475
train:2222,-0.18152114735206104,-1.2409824491373227
train:2223,-0.5117099458848029,0.1646772840855993
train:2224,-17.278832388879945,-8.41317535278885
train:2225,24.961489186859108,8.444973816877116
train:2226,1.1430700726595162,0.03475094862378939
train:2227,1.3386004617800928,-3.528458375954875
train:2228,-0.45588509948870515,-0.07688570035198519
train:2229,0.14130011971418943,-0.04854812769559291
train:2230,8.018209656944089,14.273360666523926
train:2231,13.358966551515394,9.34559436366248
train:2232,-1.268819693090903,0.08484115626830759
train:2233,6.246433406081818,8.775857875746064
train:2234,-1.065668160563722,0.09097985092287454
train:2235,-0.7789509126236989,0.05799581568458021
train:2236,-3.245933048855187,0.059863531009181424
train:2237,-0.14330710477908204,0.0715911055565514
train:2238,-1.516188734703766,0.25476844156937695
train:2239,0.8689990179055874,-0.08408522078975825
train:2240,-1.151161419704719,-4.558037447266967
train:2241,3.680845971209777,3.257316609994968
train:2242,3.009394528495252,-0.1568228320227613
train:2243,0.2877190564170955,0.23707964241508775
train:2244,-0.5785591243247689,-0.10846053210903822
train:2245,-1.398675515259498,0.22877963648892682
train:2246,4.987988178333449,8.144024561093389
train:2247,-13.365702899478178,-7.2492400425426355
train:2248,-1.0471779672177366,0.11619115458879087
train:2249,1.2047454280462322,-0.178731537937034
train:2250,6.875901495857706,3.9886073349515687
train:2251,-1.8128949456855823,-0.07169341751099939
train:2252,-10.852891621181353,-3.895667586232463
train:2253,5.223664570461724,3.144793752067435
train:2254,-2.4025622329405434,-0.9461268785226058
train:2255,-3.6436412029345364,-0.9708537060777411
train:2256,-0.4812913903986161,0.10347465530645789
train:2257,-3.5954646975591524,0.09985192669716034
train:2258,-6.827664259500189,-0.36247040473064523
train:2259,2.394385341262929,-0.12391269508405017
train:2260,2.497309481549091,0.16109392985986348
train:2261,30.03016672887895,10.222737506266743
train:2262,1.9011219731133506,-3.0750863162578397
train:2263,12.738097556962842,7.027687174140884
train:2264,2.3691134112158827,0.0935500280759463
train:2265,10.175747568002766,2.214578790889524
train:2266,1.4994950380198624,0.11624201316755807
train:2267,10.494332516098696,4.3079164663398535
train:2268,3.72693174717235,1.2961434754546355
train:2269,0.0618641411685133,0.3052108787538005
train:2270,-2.1667768178975906,0.06862347538680236
train:2271,-1.4682972231309286,-0.11702274860399056
train:2272,-1.7823234326773107,0.12178317301941403
train:2273,0.5561980957435643,-0.5112838901507966
train:2274,2.075964973601096,0.1132255216703819
train:2275,1.6623855007104207,-0.02677181101300595
train:2276,-1.7074279447093228,-7.049886397283206
train:2277,-0.12769032774082995,0.05369173904669304
train:2278,4.048293408948069,2.7306876537165072
train:2279,0.29584637764184485,-0.2010077380978827
train:2280,6.177649012791768,9.899437296057723
train:2281,0.7504543812493292,-0.1452832844229795
train:2282,-1.1445961016253312,-0.02148451607255604
train:2283,1.8523280586518616,-0.07672848813935834
train:2284,-0.034786299900654905,-0.011045739282782102
train:2285,10.798445543989606,11.172525245255885
train:2286,0.34461251334362364,0.2594937955792125
train:2287,-2.6390013205550797,-4.596585539417124
train:2288,-18.005634463180456,-16.766974675900435
train:2289,-10.002698853290084,-9.018042350490912
train:2290,3.0284649376089017,-0.009649089952821363
train:2291,-1.648057645232928,-3.3065377878038045
train:2292,-2.738622229247286,-9.169630303344064
train:2293,1.7846297102602615,-0.26298332097823895
train:2294,-0.09471670750693245,-0.08636422722960735
train:2295,17.03341535849189,4.71924467339834
train:2296,-4.224484375389599,0.0764019133915806
train:2297,1.2623013909574738,-0.2757439024508639
train:2298,-2.9116134673931984,0.0017198353181930165
train:2299,-0.3156537362247803,0.09141068656909328
train:2300,0.31210136877870404,-0.1841258284849886
train:2301,-1.0394650028062329,0.17308200304630478
train:2302,-7.304874061578086,-3.729838375359632
train:2303,6.291671639300438,0.16427983106892202
train:2304,-0.4259163506974025,2.0899931055111063
train:2305,-0.06596871316430405,0.778535889488132
train:2306,-0.8042200531718622,0.1657372539039454
train:2307,1.7569244073542758,0.9320734449708286
train:2308,-9.797955214275431,-7.942396962341338
train:2309,0.12594113886437483,-0.04637112373489824
train:2310,-0.9039320854942462,0.05299441300738272
train:2311,-18.251800300941785,-11.60643785964371
train:2312,0.778242206830604,-0.057928646596740824
train:2313,-23.376360803917784,-9.054264500794728
train:2314,2.3044481779430677,0.07777987415543053
train:2315,0.836258669515781,0.005941168686276588
train:2316,-6.8047373681807874,-13.802879070380104
train:2317,-0.05447899972345491,0.16875795389501674
train:2318,1.5552980333413768,0.5244703969832238
train:2319,-16.64593972430869,-4.499318257868413
train:2320,5.399236559990895,4.177261990103772
train:2321,0.4627259399642176,0.042701435565435125
train:2322,-8.282057836285103,-1.982244023426877
train:2323,-1.9491938128991935,-6.927421222184721
train:2324,0.20957426716688937,-0.14360388136758645
train:2325,-0.9154150576461281,0.08652911897230099
train:2326,-0.8802008886635787,0.05277243278701307
train:2327,-0.03455012232856064,0.038354846006166114
train:2328,-22.450195104114968,-7.205319914930885
train:2329,0.5492071466262782,2.5053871456547703
train:2330,-0.6521728375560171,-0.11706326427403232
train:2331,-0.14367927042172268,-0.41475487829386887
train:2332,-1.8757846629193655,-9.007678898608821
train:2333,-6.082664424319926,-10.998319336759986
train:2334,-2.8554933990319826,-10.25289720260741
train:2335,0.2659586405472695,-0.09643622307685534
train:2336,-3.987659639554486,-2.862212991355743
train:2337,-0.19575270573666187,0.055808397484755086
train:2338,-0.3049099812768942,-0.43662920295293
train:2339,6.531442085956001,4.775319502022619
train:2340,15.158173804560155,5.889218530410497
train:2341,-1.5251042055920836,-6.120342797877185
train:2342,7.5277515948378495,6.8860940376367665
train:2343,-8.04179457816021,-2.1576737361698854
train:2344,2.032730065496952,0.009542926156503206
train:2345,-1.0782567041062339,-7.318453361125245
train:2346,6.825947149860888,5.369185068700244
train:2347,-0.8562781462429448,0.044861034907309034
train:2348,-0.07599486952453763,0.036571300559468556
train:2349,-1.677368769662563,0.008901951137145342
train:2350,-31.294531911250346,-11.602790308053471
train:2351,-0.34344841932414244,-0.030390402458813318
train:2352,0.8425127260114738,-0.2186386347959106
train:2353,0.24133247949163839,0.09367357233741168
train:2354,-7.563102622342479,-1.72453212061821
train:2355,-0.7259797235849133,0.05368403536295271
train:2356,1.783855159403748,0.24874130766823488
train:2357,1.1377430596259415,-0.1379339701346999
train:2358,0.7918434546967662,2.7396981104764992
train:2359,2.720696968806537,3.0228070613257105
train:2360,4.536523591279749,8.345869634738765
train:2361,-3.716889259353871,0.08853863914204838
train:2362,0.1627899541923641,0.016503775059135903
train:2363,0.01826834164638061,0.145445750931903
train:2364,0.9880948130494789,-0.07943989949433625
train:2365,-9.194728870324912,-0.9466498730520885
train:2366,0.49876324357549323,0.32867287556742075
train:2367,21.47925544958074,9.291262279493237
train:2368,-2.0520610009164946,-2.0298873128581687
train:2369,-3.193061816859709,0.06006668000263026
train:2370,-33.562446573777606,-12.92660615871688
train:2371,-0.355402003183411,0.11426038318616691
train:2372,0.04345309985333305,0.008316899155309893
train:2373,-6.507962582018097,-0.215449880370652
train:2374,9.109469058638554,5.723373056205325
train:2375,0.1950424889650053,-0.12553089665195055
train:2376,3.5418910361430664,3.3094973691493172
train:2377,-13.409099133601057,-13.256812293416678
train:2378,0.24640797270926237,0.09709571984784049
train:2379,2.0119861895117404,0.5708622657891412
train:2380,-1.2300103249646428,0.17474086294505692
train:2381,-9.848492565538796,-0.09155180226386295
train:2382,-3.241733458286826,-0.9429954737429695
train:2383,10.24167458460366,16.84877290067968
train:2384,-0.30652138179830896,0.1738346814798975
train:2385,0.028632724746178312,-0.731229767369761
train:2386,-2.57117279554894,0.253550688895164
train:2387,0.21964714763341325,0.013799068762228292
train:2388,5.928291058475324,0.5539478295115656
train:2389,-9.821271705605492,-6.558948893095337
train:2390,3.6229740975500357,-0.18601208971489058
train:2391,11.48618812509735,8.84060020454308
train:2392,-0.6380496047113727,-0.120826941763616
train:2393,-9.254881624237989,-10.887875902799102
train:2394,9.726474597238147,3.3599970133185533
train:2395,-2.3937885615787784,-5.098455997440627
train:2396,6.580408949348236,7.592483603528405
train:2397,1.765980515477945,-0.09216609971174966
train:2398,-14.093347402441358,-9.786404342892485
train:2399,0.7163032437994441,-0.015745699668436475
train:2400,9.700686609897744,10.35974552433726
train:2401,-2.3150974954639842,-0.2357060034618128
train:2402,-0.19113655000177238,-0.0012580664298764699
train:2403,2.5495028653159992,-0.17763119510945613
train:2404,-23.089907163622208,-14.05690090867715
train:2405,-6.614023978714677,-0.9808702068698967
train:2406,5.445770050524191,0.8084552852058731
train:2407,0.5419474757832629,-0.07571844960451443
train:2408,0.359096288918896,-0.007809621468601369
train:2409,30.78720139207345,11.058318989770278
train:2410,-0.20525141434976762,-0.03595474469229529
train:2411,5.466656888327156,6.38601140488426
train:2412,-0.32904612036207775,-0.22300063172266033
train:2413,-0.4020798502839016,-2.672795386191626
train:2414,0.22680569914191973,0.16150422234944134
train:2415,-1.6597124040243552,-4.007402100523902
train:2416,8.803138379135657,8.813182508789607
train:2417,0.42077489872097557,0.033205646729802196
train:2418,6.9160516831137295,2.3665162627271914
train:2419,-14.03781126917965,-6.645104609474284
train:2420,3.420093378872746,0.6230985199985828
train:2421,-0.11369424955360258,0.06938899329329565
train:2422,3.172961444664938,3.303750421079027
train:2423,0.29724937935087525,-0.035442449723563
train:2424,-2.0939797304643415,-2.6567140890444865
train:2425,0.5773796905951671,0.18297082241350482
train:2426,0.5221164633075139,0.15600208022912204
train:2427,-0.9523240796583422,0.017925247370037714
train:2428,-9.499252884384585,-3.4259799803382585
train:2429,-1.6373306272783403,-3.8992184137935175
train:2430,-2.5533116342010715,0.2450672211673351
train:2431,4.261127524556394,2.822665072430187
train:2432,8.92093426780007,17.9566972943445
train:2433,2.610191203014613,-0.7197527052047619
train:2434,0.2638428056445117,0.029016269383160015
train:2435,-0.448330206680572,-0.010458547388796563
train:2436,-13.866482107451528,-4.301219457093799
train:2437,-3.8557777113638703,-2.9640337206382306
train:2438,-0.8146014057231981,0.07657053846900794
train:2439,4.37508134342595,1.437744030320873
train:2440,-1.1927563349238977,-5.772188791992125
train:2441,-7.230885393205313,-0.27330796912000793
train:2442,17.139695265934304,5.8695079422568
train:2443,-12.777626323961249,-11.960491175344146
train:2444,2.3097407871570854,-0.06471559197197596
train:2445,0.659722908122533,0.06065872236415601
train:2446,-14.793007652610251,-22.707303468656434
train:2447,-16.650300640895782,-12.139334190627363
train:2448,0.9073447480716681,3.3058010275620564
train:2449,-0.37737442096834517,-0.05123414542638971
train:2450,-0.700536006898322,0.04544408963780439
train:2451,-1.356902769486528,-0.003033052227973662
train:2452,1.4074271624698675,-0.08659405379452736
train:2453,-1.5356722221103407,-0.006245060365263344
train:2454,-11.648736582335072,-13.124353443255638
train:2455,2.903820829186717,-0.7863564722507381
train:2456,-1.8049660275688866,-0.6788649757705039
train:2457,10.914314818758825,1.0756538465583323
train:2458,16.266708572837057,13.49088666679654
train:2459,3.601367569035255,2.39729476184279
train:2460,17.016404994303336,9.697358829327175
train:2461,-34.21858506237388,-12.604937988174331
train:2462,-0.0510077008217979,0.08998693168523136
train:2463,11.4438212160623,12.069463431213368
train:2464,-11.640056591644129,-14.292432764710911
train:2465,-2.51769624229585,-0.11211921124245733
train:2466,-11.421341282557472,-5.282741807947201
train:2467,-0.16559915264436031,-0.13413405679937465
train:2468,-7.074347084387833,-5.932109848079359
train:2469,-4.826710219074079,-5.3241031712706794
train:2470,-0.764241885013624,-1.5678215033993554
train:2471,3.2324521575097824,-0.06783472792195161
train:2472,0.7290731047693514,-5.55566848614303
train:2473,7.328990501094275,0.07925113508902451
train:2474,-1.029665028313763,0.06338240254879444
train:2475,-13.506302941511139,-3.1057338527498524
train:2476,-16.88503139290272,-7.106494777336908
train:2477,4.369951454980107,2.454532846711859
train:2478,-1.5693447280435504,-0.5333157123441046
train:2479,2.7413255455045844,1.8157438189457107
train:2480,0.9088514261558501,0.9286185568045033
train:2481,-4.8720274880943855,0.14201076394857365
train:2482,0.5587393292259799,0.1450221909869946
train:2483,-9.513616014133166,-1.4078465215259388
train:2484,0.3603850374028434,-0.029186487883170964
train:2485,3.26352159606867,0.0017352426856736825
train:2486,-2.4279827038031097,-1.1587658830442675
train:2487,1.8261774364566694,0.09008308507117554
train:2488,10.216216687964414,4.319275120032548
train:2489,-3.6743043044894663,0.5282737341779893
train:2490,-9.034457282169013,-16.915749357580268
train:2491,3.6668610510180817,-0.07647569318402736
train:2492,3.8585616906305353,2.969118092087976
train:2493,-0.2838074222269764,-0.04271529781767927
train:2494,5.817911517507856,1.3825561239524031
train:2495,-5.747225323972892,-8.70890892935875
train:2496,11.331272374796816,1.7091463777617852
train:2497,-3.215426159237705,-2.3636311503245016
train:2498,-13.499587687866791,-10.127022434149778
train:2499,1.7928082885269863,4.0308586164078655
train:2500,0.9754969711773568,-0.1750312018470931
train:2501,-3.508128277031211,-8.046474300316504
train:2502,-2.3408259734948818,0.058334492447534934
train:2503,6.170319139560197,0.5509085836151935
train:2504,1.8549669245951828,-0.02530097806184199
train:2505,-6.517835548398006,-6.689240440230764
train:2506,-10.345750496088835,-13.510214413155056
train:2507,-2.430243825106024,-3.3463073418092337
train:2508,3.3781527982503152,2.2272514933031853
train:2509,-1.6191124100734475,0.12322518848695674
train:2510,-4.656186292690183,-4.716016033765157
train:2511,1.8791997663083104,-0.002571259185983582
train:2512,3.5012147958893567,7.789152942986757
train:2513,-4.422922817095706,-2.318863902822935
train:2514,-0.03907957113983679,-0.1613742825051992
train:2515,1.7674603446353783,0.01791611707819732
train:2516,-0.571279462073092,-0.24650328686713235
train:2517,4.874391415320917,0.84541014142988
train:2518,-1.906226929146058,0.04823253783018565
train:2519,-2.587884683357011,-0.00036558040247766654
train:2520,4.903845734026547,10.058294102502312
train:2521,2.906511300859374,1.9521291225805513
train:2522,-4.991807640297574,0.10934657424631322
train:2523,-1.3900217923497018,-5.357853865701947
train:2524,-0.5855056739181671,0.07573197822779147
train:2525,-7.692543739010468,-3.194888014033509
train:2526,2.49517202802999,0.14949717527526918
train:2527,1.781738162209789,2.451669644255034
train:2528,1.174766916008839,0.17789808933130422
train:2529,-1.3611883696037816,-2.7619201593484215
train:2530,-1.0887103511702878,0.04839032068605251
train:2531,-5.795069878981199,-9.980433316079242
train:2532,0.6096053764410594,0.08480178188474588
train:2533,0.608345452778903,5.719736917479887
train:2534,1.008128529110726,2.808794161873284
train:2535,-9.6517371214921,-15.962155428180163
train:2536,2.3258478186240255,6.057808227956948
train:2537,-0.03853596754501157,-0.021894237918893847
train:2538,0.04885415083642751,0.16834594947571885
train:2539,-0.2999056202807868,0.03244412332598908
train:2540,-5.285683207287863,-12.083415718250851
train:2541,0.868903012652364,0.13971149967370367
train:2542,3.0772514134067026,8.938171638938723
train:2543,-1.051372676163052,-0.011744491930192488
train:2544,16.82582457095065,16.645825914937816
train:2545,-0.6243740864374505,-0.11578987388391696
train:2546,-17.65781370712473,-11.15135558215632
train:2547,-4.817019499954527,0.03670682832897445
train:2548,-2.643990804223811,-0.10009975267781465
train:2549,-26.228169653303397,-8.062468289047919
train:2550,-10.433218952897239,-2.641753249899136
train:2551,1.777379802663337,-0.3289719346114685
train:2552,-1.6883661365505618,0.574648769008326
train:2553,0.9021003739425023,0.13580944119841398
train:2554,5.034616511828767,-0.11507314597444579
train:2555,-6.967611558794529,-0.2708778848823623
train:2556,-0.48101778704984155,-0.002774550840242418
train:2557,-0.8982080337863242,-0.12734511417279942
train:2558,0.9774342781516024,-0.14002480696615083
train:2559,-1.814166027343271,-2.007426366948362
train:2560,0.13437425890417345,-0.24403853605265519
train:2561,-5.036746467302752,-4.44106984914288
train:2562,-0.9720116653998568,-0.1462081544542497
train:2563,0.8045532252115688,-0.18597642451238905
train:2564,1.5500237883283385,3.412010859325195
train:2565,0.6023722058374326,-0.13697158031039805
train:2566,-1.5195596116456347,-3.8705918103360526
train:2567,-4.734898512504841,-5.1738893273395075
train:2568,0.10238254227709304,-0.30876845335919995
train:2569,-0.3104703823836802,-0.04224280521493873
train:2570,0.9295897231432958,-0.11366251588510445
train:2571,2.0216766761730525,0.14728864327556315
train:2572,-1.222886642192174,-0.1299866217308743
train:2573,1.8627510212282026,0.3474167940725158
train:2574,7.696202923551675,10.330569676761272
train:2575,0.17282145709212343,0.030603513555289043
train:2576,-1.195607435240567,0.9178304750214292
train:2577,0.3054221461615936,0.14729691760254351
train:2578,25.004289398053984,12.458297452393317
train:2579,0.6558371361785098,-0.2504990734945961
train:2580,0.03448067669615387,0.041906957514510575
train:2581,1.6630073265030902,0.06356729095856249
train:2582,-0.9475810017242762,0.08236399396335987
train:2583,-0.11503762572400877,-0.12504342466415935
train:2584,-2.047252834675158,0.17450062214100648
train:2585,2.653996563640331,-0.13418227615315675
train:2586,-15.551368257607137,-11.061959753460513
train:2587,10.372191518007527,7.743510043433372
train:2588,0.16924717919003557,0.11462987468408298
train:2589,-0.6772253270242671,0.003102789210393156
train:2590,-0.45722359403606616,2.8053437675224737
train:2591,-32.602308496911654,-14.37174076220956
train:2592,-0.3506605524570266,-0.09689858676208546
train:2593,-4.389100143139294,-1.0699015371961382
train:2594,3.5864298025167742,0.15196791784376662
train:2595,-3.092767709103738,-2.293617076615327
train:2596,-0.7595299564837514,0.12174037477641217
train:2597,-4.668329911160857,-4.204316531253845
train:2598,1.9120382120755024,0.03441740764999489
train:2599,1.3173733051134007,4.127293044147759
train:2600,-0.013872613170940434,-0.19397199226999673
train:2601,-21.237620395998704,-7.8187260180766796
train:2602,12.789122140697772,3.966626727989053
train:2603,0.21342865724847876,0.03280733774826487
train:2604,-16.785652705696855,-7.835391083258364
train:2605,-1.7714976199706163,-0.46314870624660326
train:2606,5.02625917317529,0.45373260498488777
train:2607,0.5773927082566211,0.1343404628377801
train:2608,1.2035591936462353,0.021702192314951962
train:2609,-1.0590170653936815,-1.4353304118952541
train:2610,-0.13109049442097032,-0.19288006643020927
train:2611,-1.1682115342523542,-0.007294615944478985
train:2612,-1.473488248093957,-7.412191214234401
train:2613,14.323805863832163,15.978578480809198
train:2614,-0.7775742949249369,0.2590402768642027
train:2615,0.33882918478443763,-0.02815704747816619
train:2616,-12.68985567144052,-6.834232327872469
train:2617,4.615349250715648,-0.12304417607273241
train:2618,1.5318197510761014,8.247853098615904
train:2619,1.8666951401905285,6.198621295151952
train:2620,-7.9414869878263055,-4.356143583624568
train:2621,-4.5011710502628235,-1.5377605881580882
train:2622,-6.526324923331945,-4.849898638810059
train:2623,-0.16686767726140594,0.007295875738095495
train:2624,2.502983322277119,0.3528638691201727
train:2625,-4.054784281009149,-0.1834296437321583
train:2626,10.008405530011416,0.844673441007008
train:2627,-0.8427016551793692,-0.04953120333734565
train:2628,0.8561232722072462,1.8168333195517279
train:2629,-0.9128310518475063,0.07807190083351323
train:2630,0.5438666510147689,-0.12759648252003036
train:2631,1.377929606531552,0.9464209852939627
train:2632,-2.372103927095274,-4.712329678434596
train:2633,1.1756625776085232,-0.008025609934950773
train:2634,-0.20650761868008,0.004207554523081192
train:2635,-14.87001269910851,-11.080200935271147
train:2636,0.11360736955317703,0.17522933355851816
train:2637,4.4998361019704936,1.785283738758046
train:2638,-1.9877714201599241,0.07265963502349787
train:2639,-5.325420548709202,-12.922367420729975
train:2640,3.2609803625862543,-0.07342161056341454
train:2641,-4.467909995414856,-0.5884753718721931
train:2642,5.956972685990361,0.5371532283143954
train:2643,24.080236278738564,9.345507625889995
train:2644,-0.2307167496527021,0.018586908206846497
train:2645,2.7409001469249263,0.24275611604523462
train:2646,-1.8108611685416331,-3.695578952479882
train:2647,-0.2424451977062883,0.04327322009193999
train:2648,-1.497279186692369,-0.010358970143412236
train:2649,-4.239029752398537,-1.8536946501032467
train:2650,-3.7445703866028706,-0.2093194600430654
train:2651,-0.5992172232193281,-0.14191648930683307
train:2652,-12.420079515133455,-6.040887003779369
train:2653,0.18320536668410214,0.010341398710107932
train:2654,-0.500804748689063,-1.4868452303884943
train:2655,-0.858254041285072,-0.2565267780389782
train:2656,1.1884057058808017,-0.14485872585240103
train:2657,0.0748537914045772,-0.09440573176803704
train:2658,33.99619999442983,13.258323296897386
train:2659,-23.126094402798444,-12.987234720396556
train:2660,-0.7314915409194869,-3.2685286681938517
train:2661,2.8163853814484296,9.468554857093306
train:2662,0.2661762214601437,0.007127821303908183
train:2663,-0.517514660602092,-0.0002628646192732037
train:2664,2.2959964612440493,-0.2923426303558957
train:2665,-11.279694248610424,-7.41079199700986
train:2666,-0.9457838670689015,-5.401405928423881
train:2667,-0.9230894339897499,0.06550747797464686
train:2668,-3.4103423936875403,-2.188846835085961
train:2669,-0.3328928393217389,0.16825008141139466
train:2670,13.11618530573211,5.73290108638402
train:2671,13.851192226080494,1.077252788916882
train:2672,0.9386992966622226,0.002341265806580048
train:2673,0.4434967618724766,0.05839440998773754
train:2674,1.50316183430157,-0.36495441475447327
train:2675,11.204607739350378,2.4422269252407234
train:2676,0.9893440436325838,0.07035423633379762
train:2677,-0.8773730341709344,0.2286595160869016
train:2678,-1.1004432159304387,0.07200881640824958
train:2679,10.262420087796553,0.025384125160402074
train:2680,-12.393067867616375,-1.5677978217048945
train:2681,-0.03446225311374604,0.04152876370718413
train:2682,3.932254672121709,0.26790750217094833
train:2683,18.261336029796517,5.761376754704498
train:2684,38.08955900666242,20.933683730656995
train:2685,1.2866660364928233,-0.16060705266898584
train:2686,0.07713188215902966,-0.1283816876183045
train:2687,-0.8641659192511163,0.060770853760820885
train:2688,-3.177632633621339,0.08082097464233277
train:2689,2.237584354633966,0.17328771993433373
train:2690,-0.685475734887229,0.39572129852558513
train:2691,-1.2964041177119587,0.06785795748030907
train:2692,-13.573400617809934,-5.282241353825699
train:2693,0.07109075741140614,0.005516895437318134
train:2694,-0.12982592159400896,-0.021698079305135315
train:2695,0.7316803563919981,-0.13116585598638558
train:2696,-2.012166052808266,-8.935562717864206
train:2697,1.9150531954515477,0.4919825360421311
train:2698,-5.7890101575743556,-0.4269884707343308
train:2699,-2.203940381682879,-0.07390494538771555
train:2700,0.16101467061157296,0.09142409668523385
train:2701,-0.6649887252574939,-0.06419316808573325
train:2702,0.5010152408924776,0.4037329156243185
train:2703,-0.7220274685841784,-0.4416602790786089
train:2704,0.0821355457804163,0.13193006579191527
train:2705,-12.386016944273106,-8.740516858423724
train:2706,37.6771037018216,13.02130092072068
train:2707,27.442173806520387,15.667296017235103
train:2708,0.5319984955587924,-0.004912323078185385
train:2709,-0.4470005455463406,-0.10783995758551124
train:2710,-0.5446316117020045,-0.1708466749679911
train:2711,1.7432545843072398,5.012037725352393
train:2712,-15.72600390534458,-7.302531273442073
train:2713,2.007492074352982,0.15860735194145537
train:2714,-1.5372269028211343,0.1570081242612858
train:2715,-13.51676170265648,-13.983282224281549
train:2716,4.922101144549879,4.830102394351481
train:2717,5.062963399477843,6.193863842459865
train:2718,-0.18209671395492066,-0.023025395481433036
train:2719,5.863102329245466,0.5039954322095135
train:2720,-0.2088553306774874,-0.06853105533559187
train:2721,10.7170498262495,5.071724725686028
train:2722,3.358299004867022,2.255666530779411
train:2723,-5.491773244430047,-2.3531378771053055
train:2724,-12.551631352622916,-12.079224914296109
train:2725,-4.549882209590782,-5.226584236053119
train:2726,0.6469465383218987,-0.0867421357153138
train:2727,-0.09504563591688656,-0.05624895821972778
train:2728,-9.084807737007218,-10.601333106253042
train:2729,8.403736999234324,7.2299853385188415
train:2730,1.0145555345371648,0.1219777623642625
train:2731,0.41104745119946356,-0.0017536700838380326
train:2732,-0.42529696571625575,0.008335017078180684
train:2733,0.9351092115997978,-0.2489286632980478
train:2734,11.764844186181975,4.810851744649244
train:2735,-4.027531806755171,-8.57325105319413
train:2736,-2.6357813090111333,0.3008005198124587
train:2737,-0.505489130917466,-0.1490598013854637
train:2738,-4.378895226392308,0.06717689477333945
train:2739,-0.5977948112472369,-3.3859168303858365
train:2740,-6.878881318658046,-0.13180868559627354
train:2741,5.416136274057088,4.470858507739779
train:2742,12.474671229946454,9.056379244823383
train:2743,-0.42710444476332154,0.07587549500265772
train:2744,1.2749287550261075,-0.1721291956499469
train:2745,-9.201900671953114,-2.4923848139280604
train:2746,-0.09718924957935424,0.078756672721543
train:2747,4.228040348472134,0.08009397515454116
train:2748,-5.271835204999675,-8.588543150740316
train:2749,-0.957766159520841,0.09249947387106061
train:2750,-17.10107436205946,-13.869172978146747
train:2751,1.0404016364376294,0.530727785431716
train:2752,-0.4552873331239017,-1.0470096129793027
train:2753,0.45001070668076915,0.018674501944190305
train:2754,6.021890833828568,0.5801141046396636
train:2755,-1.9948453568689795,-0.3455425583369291
train:2756,5.962654895215038,2.881395389371921
train:2757,-2.05973909659196,-9.93830729081413
train:2758,2.923458436406578,4.161678008540314
train:2759,-1.0103775032037192,0.1497021788592481
train:2760,1.6885472809011448,4.179541709847671
train:2761,-0.48729404330747816,-0.09719417996041832
train:2762,2.917073970838105,-0.21330996822055892
train:2763,-1.754944966057117,0.5380576978498347
train:2764,-9.720554058935784,-9.370868212582055
train:2765,0.3064668134932782,-0.08274877432162014
train:2766,0.9164335165780926,0.030179810949570618
train:2767,-0.11659742051608796,0.03494382603891778
train:2768,-14.027996882276286,-3.934035355118772
train:2769,0.04444778866336388,-0.41791795377332636
train:2770,-3.393116308252036,0.17835360529765404
train:2771,0.40648848019167566,-0.026119851111277598
train:2772,0.7791018374030494,0.830552874032594
train:2773,8.7968620066489,9.798022579440513
train:2774,7.395138817939887,9.773888935533384
train:2775,-13.336152807977566,-2.877172403892993
train:2776,-3.490059298016559,0.100212002581616
train:2777,-0.8254895172382796,0.2248233669058348
train:2778,-0.9785802378946081,-0.06916318538472938
train:2779,-2.951599074215124,-1.468006014462315
train:2780,-0.5230497237606907,-0.05610059097732134
train:2781,4.156110330275018,0.41333919525730123
train:2782,-0.027289289194344063,-0.0874092176629028
train:2783,-10.70929844684693,-0.3538314367199096
train:2784,-0.03401942016606932,-0.4061411612465043
train:2785,-1.9823449149995223,-6.794447081177938
train:2786,0.5637367164748799,-0.1774025098310162
train:2787,-2.03899661535619,-0.020660221912340196
train:2788,-3.5528569617872034,0.12034001626539127
train:2789,-0.5828765712209367,-0.10444948077490382
train:2790,-0.5591144574443159,-0.10878494279099235
train:2791,4.805260194336415,7.078714663307143
train:2792,-0.8689998883571203,-0.2670104929839041
train:2793,2.3819134917570226,0.012237075553470367
train:2794,1.0846082199860196,-0.15332878346408935
train:2795,-0.28661830726808246,0.1846289690082069
train:2796,-6.951677011341854,-1.6398723454929887
train:2797,-3.1890560964637165,0.07190495933856506
train:2798,-14.50601284953137,-14.071193239266812
train:2799,-5.688262756249896,-5.121674900233997
train:2800,-1.1391489076815469,0.09959741981210928
train:2801,7.239854853786797,4.614731934631036
train:2802,-11.906647140226804,-9.603784810646784
train:2803,9.234795664454113,0.7067589561497107
train:2804,1.097816497197039,-0.1387753835921165
train:2805,10.560136794748738,14.649957814064782
train:2806,0.32753775822252196,-0.015595477835499943
train:2807,1.5658130493808566,-0.087620926304952
train:2808,2.3337211792213015,0.14662926501171447
train:2809,0.014729397396810812,0.07602785674774434
train:2810,-0.4009398750737143,-0.029676955747972286
train:2811,6.27507412094657,3.2219327346107494
train:2812,-5.665566463504823,0.052858885237876824
train:2813,-0.11864351794677064,0.07586693535405734
train:2814,39.98646659841844,13.231342143222534
train:2815,-0.06803828887725202,0.06947944024683958
train:2816,-24.18697058265924,-6.103565315977215
train:2817,-7.775005045323881,-2.0917610180875794
train:2818,-0.905751536140685,-4.666628573270729
train:2819,-9.674553362689142,-4.607695963300406
train:2820,3.4611138897802665,0.09422481370727565
train:2821,4.0656338638377765,-0.3138635841885715
train:2822,0.7153515597638596,0.09306098681924503
train:2823,-4.21592154365174,-0.04736347232930138
train:2824,13.205066178808273,10.17691713666571
train:2825,-11.230824087846132,-7.433281047099238
train:2826,3.754958539824602,0.7707755694062246
train:2827,-1.2420486398524826,0.06836297674773104
train:2828,-15.711600792778674,-5.6362644254344145
train:2829,-12.388229016887328,-6.506864002005313
train:2830,-5.610732354128672,-2.631338154803823
train:2831,7.341493964920856,9.301109869886345
train:2832,0.3287084179204222,0.11499594232255889
train:2833,-3.7343631452734822,0.06478333170305536
train:2834,-1.9111815440787518,-0.0368291127968233
train:2835,-0.05622708569013679,-0.15998362492925872
train:2836,6.587190221132817,2.2993980608003324
train:2837,0.22759001324452405,-0.1224943613109685
train:2838,0.6107527903149346,-0.08613097680524723
train:2839,-1.0209978228260326,0.059668656342712956
train:2840,-25.46879553037902,-10.978371931661679
train:2841,-5.574077408973051,-2.6004709206644008
train:2842,-0.2675564991093216,0.016665980400112954
train:2843,-0.22969858256040604,0.1395424466138463
train:2844,0.5405927091590844,-0.0670897531720992
train:2845,2.0548475372238024,0.06704678811461379
train:2846,5.445234466738654,6.52214348558134
train:2847,3.6859709780325742,9.80854295821361
train:2848,-5.453988552226811,-12.047346500335363
train:2849,2.288494568914693,1.7994659352023827
train:2850,-13.14526646958071,-2.719750765197068
train:2851,-1.3961349791518032,-0.4666625846578661
train:2852,0.08901782067038536,-0.06287255696750582
train:2853,-0.21534056689310904,-0.09458919356970502
train:2854,-4.60095979380449,-0.10493795138836504
train:2855,3.9168989456872576,0.03739616536292442
train:2856,6.796053949997667,2.6318733583440905
train:2857,-1.578518227578546,-0.007216723142215595
train:2858,0.3473208843007793,0.09527251469596121
train:2859,-2.917765707179661,-0.4814780524378203
train:2860,-0.5131955864982423,-0.17686952904483305
train:2861,0.8634860382798124,-0.14810340331518212
train:2862,1.542700656385735,-0.040846441206598
train:2863,-0.4423731155867989,-2.4951381675611803
train:2864,-40.182682447508085,-12.772946770902436
train:2865,-3.9619637056772237,-3.488041997836877
train:2866,4.120287585619494,1.753845290735359
train:2867,-5.150708654668957,-6.60452046224372
train:2868,-0.3968070000203051,-0.01967814489625748
train:2869,-0.10844046086570663,0.11584106496103563
train:2870,-0.3110719843094479,0.043505899873060104
train:2871,2.2022565135719345,6.510812793407408
train:2872,7.818793030963008,1.476698420457927
train:2873,-2.346150429487814,-2.3436634873911735
train:2874,2.1956874761607024,0.054976827623228926
train:2875,0.8485054994451252,0.37683131318364493
train:2876,-0.9595333070632234,0.007054778969185008
train:2877,-28.08773887267746,-13.068957680086989
train:2878,5.96031636531812,2.4140545538023184
train:2879,2.9127462957793657,4.624845444773995
train:2880,2.799632580990074,2.5579391082367553
train:2881,-1.6052613858281362,-0.31685346944468157
train:2882,-0.9261987954113372,-0.16309733976845414
train:2883,3.494514419572383,1.5478736104997421
train:2884,-0.03457174094490392,-0.1664875312574416
train:2885,-2.4464947482236785,-7.006619656181285
train:2886,-3.5799346274445134,-0.0631691487915087
train:2887,1.7317907899601783,3.12881345877378
train:2888,0.5192995343521614,0.14118076335595756
train:2889,-0.11249801944927479,-0.24431986316998738
train:2890,0.8734710495315217,-0.13086427103403248
train:2891,-2.336230041626894,1.301329053237551
train:2892,0.5736664026654096,-0.05669249067803708
train:2893,-3.921346742274778,0.03160014197399238
train:2894,2.5363150444301223,-0.09589967577042202
train:2895,2.7758221158994814,-0.19795279951240985
train:2896,-0.540492925192589,0.23675837027095378
train:2897,-2.406997303706278,-0.23738797441178594
train:2898,-6.932104957345744,-1.3235853407038747
train:2899,-1.273522788207646,-0.7902359903180469
train:2900,0.13765029288402023,0.07619847907651175
train:2901,6.491459268632958,5.397483837616314
train:2902,44.552117526198195,16.528002922596933
train:2903,-14.320434927508867,-3.1198127627677446
train:2904,-2.0306581058201734,0.14953127120886067
train:2905,-3.9906397541944947,-7.376470088695328
train:2906,1.075346618777969,-1.1863701791372279
train:2907,-1.4755287665268737,-2.5681573912331355
train:2908,1.1140885740145565,-0.06248437690347894
train:2909,0.7600437485761325,2.7788499431746017
train:2910,-6.870480277855402,-3.703188480085613
train:2911,3.058270500715549,3.769555655689723
train:2912,5.519937246825474,6.960625180573168
train:2913,9.256262718024743,8.633832762309249
train:2914,-0.24625472334750942,-0.0796016768528833
train:2915,2.9382834606785377,0.550069096078712
train:2916,-5.876252664973236,-2.7573909639523446
train:2917,1.9343114308233202,3.3354670576812264
train:2918,2.1358090229711206,0.945857617755248
train:2919,3.05048756637373,-0.09344006074510505
train:2920,-0.10996654921294952,-0.14466670440213267
train:2921,2.4832322754360163,0.18985063997605398
train:2922,-2.976470246255979,-0.2399321872974366
train:2923,0.5651203079208493,0.21605086837693332
train:2924,-2.0421392183061333,0.14210977055071794
train:2925,-14.77021186773835,-12.439987853212758
train:2926,-3.8535860950747907,-0.12417176711502145
train:2927,-27.27736713117402,-8.214880250739666
train:2928,1.844884978257289,0.03321862886351276
train:2929,0.8039576672000477,-0.19634758007822006
train:2930,6.761506936164635,4.61046409383889
train:2931,11.72388318458396,12.106235681600568
train:2932,-4.647787111553462,-2.5672669024570767
train:2933,-1.863369998140561,0.3308346148214447
train:2934,2.191046214935866,0.06316784069054512
train:2935,-1.656235293666692,-0.052163723264390144
train:2936,-0.20613940482752358,-0.07636955354138275
train:2937,20.146436602613747,15.64126213133869
train:2938,13.486375053330635,3.816946720808924
train:2939,-7.389726898267193,-13.868738147997847
train:2940,0.9850840139217577,0.09222356786450862
train:2941,0.08384423007537578,-0.028986477427542262
train:2942,0.037515651480861154,-0.03634435136442221
train:2943,8.391535731120069,15.244182315340382
train:2944,0.8354957415712797,-0.007954850173187686
train:2945,3.020030655277902,-0.10073630521206234
train:2946,-0.07267966633120868,-0.1813228288899867
train:2947,-14.149783614009314,-5.690038420514913
train:2948,-13.955971091284185,-1.7204505948439326
train:2949,-3.99373795762055,-0.1902853516178164
train:2950,-6.010720458628396,-0.22537051309848338
train:2951,-0.3389059528514123,-0.2479654175088859
train:2952,-13.939037903231396,-18.978709125469496
train:2953,5.4283366123383825,10.158024280274969
train:2954,3.334118698716191,8.227082255322241
train:2955,0.7285110207444262,0.14581238921361894
train:2956,0.26981140342117715,-0.04554083782066212
train:2957,-1.6552487408950696,-0.04443978168903426
train:2958,-8.762994408870693,-10.272141575234008
train:2959,0.6035907519328244,0.021213293719060708
train:2960,4.6027500140940845,3.804688448048331
train:2961,-0.25529176989547814,-0.03783886601004721
train:2962,-14.208752690563037,-10.591676681345342
train:2963,0.9261944380862006,0.03422538619972654
train:2964,-11.677188541108743,-6.760075526901524
train:2965,0.6770749859242532,-0.18990644450643995
train:2966,-2.5410220319555212,-1.3392225347494648
train:2967,-1.1462935116956383,-0.12961713023295823
train:2968,12.434832536732365,2.4181024116254344
train:2969,0.22182946559288258,-0.09752386909234265
train:2970,5.008634189399515,0.051043383769737875
train:2971,-4.920354626409452,-12.54855272962748
train:2972,3.5352782965826672,5.381366019301813
train:2973,-0.9323533597802028,0.045983204838817834
train:2974,20.741202396452117,8.921133373078062
train:2975,-12.086090024372622,-6.607241859855398
train:2976,-7.6971213066774755,-7.747640989666788
train:2977,0.3497012566809419,-0.11919119291608485
train:2978,-1.9958844452028979,0.19734860682836003
train:2979,-7.8554142102923645,-8.183064036892084
train:2980,-1.246007868600425,0.049170247334356425
train:2981,-1.9526056024913467,0.0404632301172478
train:2982,-0.4534052349817155,-0.03952112228164037
train:2983,-1.5432780232730887,0.1786683150445277
train:2984,2.8731107710672568,0.2776518061376121
train:2985,0.0810155619788906,-0.12275856913109998
train:2986,0.07465469092180285,0.9967060676049493
train:2987,-0.2634295517410388,0.03871920171492196
train:2988,10.4858468604966,8.80703097466214
train:2989,-15.801673711710842,-6.92373657878388
train:2990,2.1400232584086174,5.751624461732474
train:2991,-7.2602476584478035,-4.04896119173005
train:2992,-0.2812238813448351,-3.8576941318250118
train:2993,-9.033328464954359,-8.553726494736681
train:2994,2.291674132724836,0.07450167140229798
train:2995,-1.9795305430848122,-0.0009539135829432499
train:2996,4.672193658953483,0.10118865848691846
train:2997,16.159907958936483,11.980627974179265
train:2998,-11.264739745098645,-9.25460193499996
train:2999,-22.07079536103773,-18.638313585075814
train:3000,14.22147495697512,2.6570763876830266
train:3001,0.15850179703446773,-0.5259494214194342
train:3002,3.513022744661108,1.7684784380001253
train:3003,-17.52182005758057,-2.3937519831059717
train:3004,-2.5911767569554347,-9.807244234018192
train:3005,-3.5675106643360985,0.01303540544626508
train:3006,-4.162269251969021,0.09582974781984543
train:3007,3.107054884389187,-0.0627591416235509
train:3008,2.076017044246912,-0.7349952994498747
train:3009,-18.775712823151878,-4.3006277000538935
train:3010,1.8569479337185952,0.23138148434181996
train:3011,-43.27179210720484,-17.50634799170875
train:3012,-1.6347556873510882,0.1414578106489896
train:3013,3.294347883308256,-0.05161248189452616
train:3014,3.042655118426738,0.30407715329668117
train:3015,-0.2466210775341438,0.05038314954102917
train:3016,-14.737093077333416,-4.875195253640359
train:3017,0.058595197164994145,0.03091337283462251
train:3018,-6.924785312276744,-6.911742799165039
train:3019,-6.096337618011446,-5.392918180871752
train:3020,-2.869978801814937,0.23335163012800564
train:3021,3.2320555837519156,0.30738117765642486
train:3022,-2.2057867974851866,-0.23152490044215102
train:3023,0.8939641030755033,-0.19859619976553783
train:3024,-7.231410748828279,-7.193576647694415
train:3025,2.5826723316173075,-0.43197460870485765
train:3026,-2.6641426090711056,-8.313212923217502
train:3027,-0.17051971244485753,-0.04046311161011132
train:3028,0.08054553141710459,-0.006351200007907953
train:3029,-5.18687357785413,-4.574013460736322
train:3030,-0.17488911375772137,0.024653416491550298
train:3031,11.583385424176708,3.369302207312018
train:3032,-0.6987346879946228,-2.4650935156522538
train:3033,4.292991970296937,1.4633540709507566
train:3034,-4.959620542519563,-0.14497599303822611
train:3035,0.9171578564547124,-0.05498384215659277
train:3036,9.4965482921407,1.9412152852934568
train:3037,1.277722438157435,-0.6046541063525668
train:3038,-3.700303828828496,0.047774168647635715
train:3039,-4.401476219850218,-2.6520607787437043
train:3040,1.200820603117847,0.2526724689487658
train:3041,3.520960728649174,-0.03497138372892253
train:3042,-2.0385031065121386,-2.1923989465943055
train:3043,0.2084442876610329,-0.023974517850404317
train:3044,-5.708635396425429,-0.7549699527628932
train:3045,5.2987969333765275,0.035079353808423676
train:3046,4.468443081541177,5.030689770295844
train:3047,-0.9908705375148791,-0.3481295694655816
train:3048,-1.4616021933534813,0.12575228207540662
train:3049,-4.953461328985893,-11.925564385195187
train:3050,-0.9797483405518655,0.10017234287643427
train:3051,-2.7112916490245835,-0.3565385682505873
train:3052,10.064315456123445,4.171408902390837
train:3053,1.5317290923624038,4.532376131587414
train:3054,-20.119401417432975,-5.3128164186262286
train:3055,13.526154237235218,7.990741227174123
train:3056,5.557476463127007,8.804864812923006
train:3057,0.6921087576959577,0.2551155353201221
train:3058,6.30740906216538,4.670614741805045
train:3059,-1.9271948948748707,-0.05616464568101412
train:3060,-1.5098819101875365,-0.8854966049132094
train:3061,-1.7581026787926763,0.3043550565545733
train:3062,21.9102832379846,10.701328002670195
train:3063,0.3906094902584213,0.08386535632786515
train:3064,-0.5661363235075552,0.08598386935645728
train:3065,18.3264931447057,6.23996953368091
train:3066,-0.887888747585135,0.09018722746248006
train:3067,3.463715329946907,0.20191517935665862
train:3068,0.3632554317534535,1.6074032559599407
train:3069,-0.2909576052388339,0.06378113951276179
train:3070,-30.619194231675316,-11.253867075080858
train:3071,10.006569109913439,16.240665790660756
train:3072,3.6896273136934705,0.3826100746145662
train:3073,-21.87221465488859,-8.459250229274932
train:3074,-3.5456842303260414,0.18774981688790263
train:3075,-0.12078097146587169,-0.05531966570334737
train:3076,-0.37582927104540176,-0.025820548731884593
train:3077,-0.7283205780642332,0.10405300223022303
train:3078,4.373210519508415,-0.21104651180900047
train:3079,-7.355004146004532,-3.117981853932125
train:3080,0.3206241014701191,-0.5579974590832779
train:3081,-0.3129011982019771,-0.2729458959842122
train:3082,0.07303131880101524,-0.010440572126735784
train:3083,0.06154869533649371,0.0379314287220677
train:3084,5.274734716011744,0.3561038387762236
train:3085,-0.684030309549353,-0.6223362004487856
train:3086,23.424356283705443,7.8448637012238995
train:3087,-4.389380022860555,-4.557148385099008
train:3088,-1.9258180447178685,-0.45544388121978824
train:3089,0.986222129466023,-0.14864993687831587
train:3090,0.22147496677650097,2.286419636270828
train:3091,1.3828970066674597,8.02952670691213
train:3092,-10.547289000886918,-5.330052697691179
train:3093,-0.21268426658176942,0.1425913934452989
train:3094,-16.684790005085233,-6.2239990011412125
train:3095,1.93888155982664,-0.14370060539677065
train:3096,2.633386583601504,7.378140301640004
train:3097,0.2221533961506713,0.0687373187131873
train:3098,0.44854110568590705,2.0964751847353584
train:3099,-1.1123541437026212,0.21876827148593148
train:3100,4.36145464138248,5.161161640695117
train:3101,-1.210210694351328,0.28798501392798137
train:3102,-3.2820519453087904,-3.028549789390576
train:3103,-22.99244021298416,-6.533381793369266
train:3104,21.643861919000827,8.90523182855153
train:3105,7.158878490712103,2.4603220223819102
train:3106,2.393005004232323,-0.09991086976536645
train:3107,-0.02912013029455504,0.06112522321287629
train:3108,-0.6256756201246116,-0.16578763732355112
train:3109,-10.130434656307598,-3.8465123775367256
train:3110,-3.653480695327849,-0.014639650408458382
train:3111,-2.4401621208427815,0.052575275547584496
train:3112,0.48960624857555535,0.027813638754807718
train:3113,17.145465809290275,9.330466611369422
train:3114,0.061182806066339815,0.10782424074273703
train:3115,-1.485257608797827,0.060384956269754105
train:3116,-8.864921768222661,-2.454602810327638
train:3117,-1.5949211783853245,-0.14973629894651314
train:3118,-1.0341707663845336,-0.014209100083859658
train:3119,-0.6473567677345123,-0.24961771501037777
train:3120,3.8144183357234933,7.05727046099025
train:3121,2.653864294901629,-0.43481755332666133
train:3122,2.9750418497510696,2.951789083496522
train:3123,3.448147834055588,-0.0025405871118322487
train:3124,-0.9021765608638764,0.1688190127216994
train:3125,7.276214112060819,9.996719414330673
train:3126,1.1844997100698769,0.06480301889483622
train:3127,-4.480922077871104,0.16421106855849904
train:3128,0.39827270860651104,-0.08273251098927945
train:3129,13.758643161973183,7.902725784475936
train:3130,-0.6429261136753426,-0.10385116133773778
train:3131,0.023041987839039643,0.3198651398184477
train:3132,-6.7208878212566,-7.087488933584641
train:3133,0.6957623038579709,1.2909429182866694
train:3134,0.8843956569903225,0.003356868113014208
train:3135,7.7763535949569995,10.687391753462308
train:3136,-3.8467006819985783,0.014863461065684577
train:3137,-2.4494878805251408,-4.900442793152017
train:3138,0.6156825322159216,-0.059220154909726985
train:3139,0.42716819770257825,0.22689137800768472
train:3140,3.2947876942988095,0.12921437461263718
train:3141,-0.6833175925847457,-0.10010717103993497
train:3142,2.0473856277117695,0.26985339561943295
train:3143,-0.4691152277743079,-0.5546820218587336
train:3144,4.307714015568466,4.590401418806097
train:3145,1.8118612632726174,0.09723524212002656
train:3146,1.986733553498635,-0.09945235792200652
train:3147,9.63542814319581,2.7083187240291546
train:3148,-0.011060333380392917,-0.2099250551815417
train:3149,2.8216679949581165,0.8370724017194724
train:3150,-4.89709299522409,-0.33899214458468424
train:3151,2.2249888373442466,0.31656054481546403
train:3152,-0.4327444628173933,-0.0015841890415506515
train:3153,-1.0332558107509087,0.10108779729424408
train:3154,-0.24017965969680932,0.06101451842431148
train:3155,-3.681874539541456,-5.398672547304162
train:3156,-1.0520577305970695,0.07307335137251586
train:3157,-5.370290568075267,-0.20979081135932587
train:3158,1.0942073505589134,5.706129358778256
train:3159,11.720492083775188,5.298427018866886
train:3160,-2.873001688771151,-6.484418320802177
train:3161,-7.565124079199696,-0.11309986165043998
train:3162,0.17694247677527988,-0.06685792935583912
train:3163,-0.8213145672433851,0.17586075030360562
train:3164,1.4722816167502462,-0.0672506745657862
train:3165,-1.2984253421109346,0.20411529436857428
train:3166,0.2842809990437942,0.18502071559248395
train:3167,-1.258475533858007,-0.33235513572076564
train:3168,-0.9651432217751826,0.176053342397114
train:3169,2.725086942673663,-0.1267005726331914
train:3170,25.144247855343856,7.757626615905106
train:3171,0.47144475118128376,-0.1239888759565935
train:3172,-14.389887870697876,-3.9114375974921685
train:3173,-19.628271086095932,-12.311741491449581
train:3174,0.1880110921139157,-0.18536312569017238
train:3175,-13.356902960335265,-3.792754645788568
train:3176,-0.7225542189565854,0.0955989226292554
train:3177,1.2944134047238833,0.9158779478452794
train:3178,6.420089939711326,11.165680950235027
train:3179,2.7851620555344963,-0.35111574554063146
train:3180,-0.21025066126458952,-0.03550436451510569
train:3181,-5.142673038219987,0.0886747375547943
train:3182,0.6322561073710438,-0.022791574413832866
train:3183,0.8190586194031845,-0.18684751141828693
train:3184,3.9700321581194977,0.22458597931798446
train:3185,-7.9966139945851715,-4.338531821307682
train:3186,-0.07907250039633082,-0.05290413286832232
train:3187,-4.053108722013426,-0.737989607191095
train:3188,-2.255442434643283,0.004843251092468845
train:3189,2.13048572926939,0.036029760124685006
train:3190,2.1723486688395774,-0.039151345462104276
train:3191,0.0478035558196165,-0.024797956045760114
train:3192,-0.2980848911140267,-0.13066126470139364
train:3193,-0.3946023660697717,-0.17800054394656223
train:3194,0.5601512805772599,0.15077070832619457
train:3195,1.5829252302786383,-0.07007764117686913
train:3196,-1.216010062529091,-0.024044706968927368
train:3197,0.4314219510409176,-0.07202895573613399
train:3198,-8.438203755593042,0.010915751131192905
train:3199,-4.152805412091953,-2.6801024728801437
train:3200,-0.03956843081908307,-0.12708832471478826
train:3201,0.5687745514575833,-0.6748733263065303
train:3202,1.660166454348992,0.0010839247575903654
train:3203,1.0868012310245405,-0.25575783627304477
train:3204,3.691579497995092,-0.37660124328337974
train:3205,-0.2325045859784668,0.02299954972114837
train:3206,5.790460988833185,11.517307890878877
train:3207,-1.7804233190215055,-0.002180796548996597
train:3208,-6.445132839010299,0.04166657404965012
train:3209,0.12931550267984748,0.13409993671210962
train:3210,-19.10939453920262,-4.1966650613699725
train:3211,-0.9989159172099403,-0.16170154640335344
train:3212,-0.6023691244988812,-1.483642067221425
train:3213,-13.69793593577568,-7.279379135907786
train:3214,6.108720495392764,-0.21361240913777207
train:3215,6.854522776418371,1.343180028460971
train:3216,3.0007015201428535,0.36757804772502256
train:3217,0.28339696035612255,-0.050894612698574954
train:3218,-1.0602802434712015,-0.07485249848777678
train:3219,0.10778940471619375,-0.09690215328233562
train:3220,-0.23951692125385587,0.5151716227262095
train:3221,-0.5140284843730589,1.0240605646195888
train:3222,-10.067488684179674,-4.2638577322396545
train:3223,0.3010082290957218,4.72521303104576
train:3224,4.40846606605773,0.23211019575933167
train:3225,-0.29223914751733354,-0.18127161365919447
train:3226,-2.6482201494469244,0.01515192122351712
train:3227,0.49647492465846976,-0.08466841818106363
train:3228,-17.01775203042416,-4.854198435623646
train:3229,2.3282732879027965,0.18720314066395885
train:3230,0.17113241551846511,-0.11023623121118545
train:3231,-1.1668056268153206,-0.013744168504049442
train:3232,-2.2538831047676844,-4.462962577046433
train:3233,5.8907434736771425,9.11814224526423
train:3234,-1.3498279029445115,0.01803794940994262
train:3235,-2.2726926957357736,0.2312031583293122
train:3236,-0.38865364347264775,0.05123041209165601
train:3237,0.06780542510194934,0.02353438509786164
train:3238,-17.74129225069748,-6.186246956310891
train:3239,9.557870775918717,19.160586761684293
train:3240,-4.778739206783077,-5.883107571771949
train:3241,2.3983320172658975,0.18387329469760405
train:3242,0.24293039743511863,1.7780910660391531
train:3243,-0.8915918073523214,-2.979477323964642
train:3244,0.3101552283913289,0.0418523184242782
train:3245,-0.8308146706059324,-0.1833447605502046
train:3246,-1.8498427882239183,0.11849569731363108
train:3247,-4.648094886263553,-0.3399933381493078
train:3248,6.755184072029829,12.704713757587312
train:3249,0.6590706303003908,-0.00405621555733815
train:3250,-0.682891496630367,-0.1630297185445112
train:3251,0.8842194536442128,-0.03930627510177101
train:3252,2.61854854166809,0.11473829689968769
train:3253,-1.4793208578000763,0.12957673307005294
train:3254,2.4951373917521926,3.497550566326535
train:3255,0.5155009342482321,0.34225432734082134
train:3256,0.8080705508447954,2.539468527843632
train:3257,0.5381267921465097,0.012810001366455284
train:3258,-2.9372247864710097,0.14973014037800933
train:3259,-0.12274222163886306,-0.07849177575103503
train:3260,0.25591830423438067,-0.1255755494854825
train:3261,-7.20070208545826,-11.367236767576589
train:3262,-3.337442559712101,0.15694849204270322
train:3263,3.8101234372766295,0.21829577888319093
train:3264,0.3971371501028886,-0.2607900536852036
train:3265,-0.9792922574844946,0.03227692485666181
train:3266,-1.4764167570046296,1.4970910699442639
train:3267,0.41082894045362833,0.049643025258716986
train:3268,1.0306765134985199,-0.12745838685594435
train:3269,2.483531914107699,-0.018486213828655645
train:3270,-0.693893512683171,-0.0931307721090116
train:3271,-1.6141006104136522,-3.108341407035146
train:3272,-2.0772483161640896,-0.9404130277602374
train:3273,-11.558594855763792,-2.853201678630891
train:3274,16.637989014498835,5.745225839082075
train:3275,6.626428242254097,0.5135810973554503
train:3276,-1.112201651097017,0.24731584085465289
train:3277,-8.212022817662508,-6.787276378223787
train:3278,-2.3100668666867286,0.15718844752513367
train:3279,-0.35274326206054873,-0.020399580612458862
train:3280,27.334958487119206,8.217911447811801
train:3281,-0.6316167878289276,0.13658794123861784
train:3282,-0.05412054911698902,-0.022477435310199217
train:3283,2.735914382588039,6.113109834990993
train:3284,7.360354696701799,3.010512552719376
train:3285,-5.562328039677842,-5.36709714490387
train:3286,-6.158730339527574,-1.1987254612486251
train:3287,-0.6361704122971897,-0.5009478291442271
train:3288,-0.9433546784582864,0.05326718047611458
train:3289,-4.3674722284664105,-4.672683383369012
train:3290,6.9256838227567386,0.2289533973555144
train:3291,-1.9344106311104787,0.1328550784839955
train:3292,6.3112204474725235,3.513598195522513
train:3293,-0.44457135693572547,0.07136741340646167
train:3294,2.4926691501572154,0.1441503907770467
train:3295,0.036884294900341466,-0.03183313123040604
train:3296,-0.07706603709561077,0.012607137694626458
train:3297,-4.841874864835045,-0.6929321876019756
train:3298,10.217116766270662,14.965578307549547
train:3299,4.1680354379998565,7.610223760574296
train:3300,2.5172516090636794,6.932610591990629
train:3301,-20.96984338055779,-11.831402544158692
train:3302,-0.9932881032134818,0.050584586604757925
train:3303,-0.6471893978015322,0.17322808771575116
train:3304,0.2803333932078645,-0.10505807179039028
train:3305,-1.8533861491800527,-3.753419065967177
train:3306,-0.2412008487462287,-0.06717592030134295
train:3307,-1.3946302769626633,7.695343016157763e-05
train:3308,-0.12462443601016937,-3.358063448518605
train:3309,-2.08158645184364,-6.137684075298298
train:3310,24.831624996193863,8.354660964494588
train:3311,-0.12112396359936095,-0.16781670202426935
train:3312,2.2786150937040577,9.678879118642213
train:3313,-3.1290618790704903,0.18344345767705536
train:3314,0.05885357449903231,-0.02040600034890913
train:3315,0.13058240008921135,-2.18835936309817
train:3316,4.4058411476088235,0.21862903453536542
train:3317,4.425779555791569,9.136951217098687
train:3318,12.342153296010512,5.7256795961815055
train:3319,0.9191021371761654,0.030516490461185257
train:3320,10.362276709144373,5.944789481053834
train:3321,0.20793892344672885,0.3156216940248132
train:3322,0.9874276578999607,0.0688428877125919
train:3323,0.41536884988571576,-0.27453428144282127
train:3324,2.1457740428141685,2.6350050484453464
train:3325,-0.6540622581327711,0.037010981175907676
train:3326,8.690365448126572,2.2805214677419317
train:3327,-0.5633324122136566,-0.28252899323556896
train:3328,1.3611577444974965,-0.2201768036493975
train:3329,-0.3161556135654806,-0.05254405698386666
train:3330,-11.114646108533863,-3.819389989659966
train:3331,1.0142728653170208,2.3433184737337025
train:3332,6.061260891230312,8.691628650945441
train:3333,-0.8079561220091642,-2.418942458293627
train:3334,-10.772819055744751,-8.888298050222671
train:3335,-7.296156877568701,-1.752794083045299
train:3336,2.4845642611526504,-0.8633670600650469
train:3337,-4.151635682227014,-5.478943219948733
train:3338,1.0401463972898346,-0.007545698970089901
train:3339,0.20386021116329794,-0.09406363114564217
train:3340,-1.5793016118481895,-0.684571693492372
train:3341,1.5392821255046147,0.07849510412639663
train:3342,1.9413267880558327,6.113847106057105
train:3343,-12.262841971929303,-3.7819215545199367
train:3344,0.7886642395739837,-0.2428025227947614
train:3345,0.10586209344627892,0.0523661348001154
train:3346,-0.44312488553576823,0.00041734212283638106
train:3347,-9.009944095818144,-3.445951923095887
train:3348,-0.6586523785447526,-6.435356697597803
train:3349,-2.7220419128031965,-0.12914963075856792
train:3350,0.8769325851870882,-0.06083643055669227
train:3351,4.724167602141596,2.1537898784594005
train:3352,4.7906311323609865,0.007591183614808331
train:3353,13.623595152550358,4.244173333856121
train:3354,-1.7346694934260096,-8.289150039072137
train:3355,1.6220123860019973,-0.199221196774175
train:3356,13.538089573122626,10.230354452234593
train:3357,4.301556661700717,0.055296387837642826
train:3358,4.075624919003733,-0.06810977796364356
train:3359,5.88203744766329,-0.038837491680090624
train:3360,-11.541406893479689,-5.9492628132312655
train:3361,-0.2077580115543861,0.05732958970185124
train:3362,-1.1632797002272048,-6.568402169009588
train:3363,2.2882402595998594,-1.1721804216699607
train:3364,-3.0593583458984916,0.055665023370698855
train:3365,-14.987039615914174,-9.26290992993148
train:3366,2.329575054048198,0.027628179701799663
train:3367,-18.609527497364013,-11.005657808826705
train:3368,3.121265986448646,-0.31935730932110046
train:3369,-2.8199365866033044,-0.12200817327046737
train:3370,0.6372095600125365,0.11496227437139742
train:3371,-4.267460325014103,0.1166405361403104
train:3372,0.4236108892520286,-0.21122911764580843
train:3373,-2.1218900615382283,0.00320921417465779
train:3374,1.5542443001383224,1.5682140461296166
train:3375,4.90977527881885,11.60339855392846
train:3376,3.5533082226129573,0.28986471276062314
train:3377,2.93820186783621,5.450615859051784
train:3378,8.352706836501628,5.172834148169825
train:3379,2.4766346456612336,0.10672375525434917
train:3380,1.0260582656394681,-0.13738158747835588
train:3381,-8.509656769481163,-0.575039576785809
train:3382,0.37974532194208555,0.2640643626101912
train:3383,14.230230264135905,7.343031476297477
train:3384,-3.392551899644708,-0.0760947888213108
train:3385,37.71325560734532,12.249882563125533
train:3386,-0.1438027057472956,0.10547105068168469
train:3387,2.68134225364865,0.5186184505567694
train:3388,-3.678405797680442,-0.2473145988936376
train:3389,-16.726260555145878,-7.492814544401307
train:3390,-3.1449034432270646,0.09570763016648012
train:3391,0.6903099958329012,0.02879300521550031
train:3392,16.1818092444999,11.517674243838973
train:3393,-19.061015330241737,-7.774708881114125
train:3394,-0.3017328582782739,-0.1312053730307573
train:3395,1.3670738067118653,0.6169213069253141
train:3396,-0.03129036042553138,-0.40622333387306786
train:3397,1.1661680532437422,-0.09364064184397378
train:3398,-4.547035061064197,-7.211909703066692
train:3399,4.998636625402833,3.4263528358767386
train:3400,2.596671431761658,0.04115613367144793
train:3401,2.261817196347094,0.04987442109254705
train:3402,3.87627082428928,-0.15237423998433783
train:3403,5.148780472947509,9.761952220238545
train:3404,-1.7120238765773106,0.2127939220844917
train:3405,11.896394164005514,2.9185040339491146
train:3406,-10.548839032432907,-2.4741014045176657
train:3407,32.267978979126774,12.877697408081955
train:3408,0.30179556515544936,0.2987919982683813
train:3409,-2.7255032160005226,-4.402126301227387
train:3410,-0.2942773413678477,0.14260195034523934
train:3411,-2.889134755560999,-3.5944538373069848
train:3412,5.385477821666964,0.98545569346705
train:3413,-3.210755608274597,-4.024523109654367
train:3414,-6.212099961990149,-0.03666961801123636
train:3415,-1.871863324864584,0.11367005275436123
train:3416,16.33079637984109,10.570584506088668
train:3417,0.07007584473447354,0.013868544576701308
train:3418,-0.3796285685240518,-0.22513783331736326
train:3419,0.7728022190922675,2.0198639045282567
train:3420,0.2403993921152739,-0.016187520197025698
train:3421,1.89379256479826,-0.22865798880426635
train:3422,-0.9983343066928342,-0.02530868174558233
train:3423,8.717379885142533,1.69729982409887
train:3424,-10.372732388951162,-4.0135867319592915
train:3425,-1.2470915889164718,0.02180990122650664
train:3426,1.0419531789621796,3.5155015760496156
train:3427,-8.260498729251335,-11.145563553270069
train:3428,-1.0979159299424377,0.8276254742112668
train:3429,2.422231281404266,2.315187473930199
train:3430,-9.532778941626438,-3.3128108689413973
train:3431,2.000818430733638,0.0945940198835717
train:3432,1.78016000321673,3.2904441620081286
train:3433,3.5875490889435793,1.0911065801765842
train:3434,1.850836606582416,-0.20550597609818833
train:3435,-20.58334715232219,-8.352749940102623
train:3436,1.1157497205993847,0.13597007727048097
train:3437,0.4264417657017962,-0.08510567356373264
train:3438,0.7408881435174307,0.4901539097794716
train:3439,11.739769380722661,2.1247384311097375
train:3440,1.92774402061977,3.439285323625421
train:3441,0.09396860004211507,0.009176430535597274
train:3442,1.2805031036273085,0.002286484055537663
train:3443,-2.471643940319873,-0.031225396179779624
train:3444,-0.7636456296273821,-3.1170408632293243
train:3445,-2.665833510310686,-0.12618699371716907
train:3446,-0.7564354723895401,-2.5049418184248067
train:3447,-2.933785334348267,0.01815436063090768
train:3448,10.251674008266265,4.996444328175475
train:3449,0.5848629862653032,0.8441184904560839
train:3450,-1.285717315032934,-0.07047794740974653
train:3451,-0.3628055656771412,-0.21743857206213846
train:3452,-4.532463648732351,0.2538745289338781
train:3453,1.2549568728567668,0.042674330011533944
train:3454,2.754743035131829,1.421326624305359
train:3455,0.8873076613659374,0.3567753432089228
train:3456,0.2337613146066877,1.4252432341832695
train:3457,0.46910343178548325,0.4215623070068688
train:3458,-0.8821465641344733,-0.7903939158347237
train:3459,-0.270237672452368,0.01890974961989053
train:3460,3.764675526725303,2.9803229574274828
train:3461,-3.302694237043013,-7.749892177248687
train:3462,5.259252997211077,0.9958028820167999
train:3463,0.5673672492711084,-0.11992475480113676
train:3464,-3.6546406619466976,0.07425543884422726
train:3465,-9.906177542773376,-5.300149279984158
train:3466,-2.1847363090810847,-0.11324109585234612
train:3467,1.17968154812421,-0.0014289740802639062
train:3468,5.302780337781456,3.662641650168394
train:3469,27.098505684468496,11.710552800253842
train:3470,0.8218416094554605,-0.11097706879754765
train:3471,0.22571361032922405,0.5186943461076927
train:3472,1.1847279840618028,-0.04505293785044093
train:3473,4.794163567779829,1.339641041747147
train:3474,-3.361711199994227,-1.2864327565971991
train:3475,-0.5378945069830717,0.1507253421886126
train:3476,2.976924761497097,0.179134815893248
train:3477,-3.803934874623259,-7.578852708272809
train:3478,5.187444787131852,0.004001837635052255
train:3479,17.238318928775836,9.512267270565687
train:3480,-0.3392826514297378,-0.341124353051037
train:3481,0.8393615221066414,0.07694616438175428
train:3482,-0.6136593887695957,0.02808212639923939
train:3483,-0.025023751184865106,0.3352750751936978
train:3484,1.8548200109873445,0.1445897860718658
train:3485,0.8188687010209,0.00035414338400363565
train:3486,-1.519152112350476,0.263462476652775
train:3487,-0.8894297132597538,-5.3849634141058065
train:3488,6.913018567994944,4.537884550783374
train:3489,20.098189429933324,11.378196481825627
train:3490,4.216696386347921,-0.1820569614182786
train:3491,0.7437337810654542,-0.11854950459267696
train:3492,-1.9535972693442543,-7.710403094395729
train:3493,9.44834761110833,12.307582583697403
train:3494,0.9815367011755388,-0.09443412126922829
train:3495,-0.1995544440268346,-0.001022818754176244
train:3496,-4.919534513737848,-4.881167035147218
train:3497,2.3464296712157826,0.3580463083652681
train:3498,0.3132043831286915,0.27839107445506417
train:3499,1.2552272217901779,1.3094501625079642
train:3500,0.6026306994005909,0.19564238354068583
train:3501,0.371114379939834,0.8378595327386817
train:3502,0.6732380302106826,-0.21751018778876158
train:3503,0.48433688518556267,-0.1638212007184256
train:3504,-8.465685898588386,-6.7037324959544335
train:3505,-0.06746214112879179,-0.1255386003356909
train:3506,0.844122731783447,0.3832306491380932
train:3507,-0.08584505499690176,-0.0683357526866934
train:3508,-2.6348626340456645,-3.157239540951252
train:3509,-3.6190926829311487,0.053465764323643215
train:3510,0.272057414938475,-0.012548813577007462
train:3511,3.9133858043023557,5.305088137407696
train:3512,13.341178846971445,1.2490649088397532
train:3513,15.71182238486306,3.7610350961512924
train:3514,1.9529008838378927,0.3121760074807334
train:3515,-7.517151207242771,-7.382128016420174
train:3516,-1.3540414410072876,0.10689509088716662
train:3517,2.8296313168943694,0.042133645541610434
train:3518,1.0277735749942747,3.1703728353015475
train:3519,0.6281497325570231,0.4564403071588055
train:3520,-3.8570580913511683,-4.136727548653966
train:3521,3.833508736245805,6.822445061287639
train:3522,4.604056429404291,4.539066352933466
train:3523,1.535950534005348,0.08642840044043662
train:3524,3.4966493160508416,-0.009189436822981373
train:3525,-0.32383580136510864,-3.6043191176405336
train:3526,2.1127747359447233,-0.05967624151931683
train:3527,4.645006273006775,0.23351454877303274
train:3528,20.709675480076417,8.489215787276239
train:3529,0.23307323821554699,-0.5760931268677048
train:3530,-0.5094297630061883,0.09470301274241644
train:3531,-2.653449530019594,0.06032489606874149
train:3532,2.1917538178191878,0.4174158705640385
train:3533,-5.571527806993986,-11.683219048875529
train:3534,-0.5324438261656838,0.2605392139949379
train:3535,3.440138950304246,1.2361870601813032
train:3536,3.379243027397089,0.5124485131848111
train:3537,0.6070543797125532,0.5855685980494407
train:3538,6.4770961388843755,1.0387988529013297
train:3539,-9.685360811194858,-9.27780942492853
train:3540,-2.879872689436468,-0.015512734565696351
train:3541,2.6145549091005904,-0.17071371509306532
train:3542,-28.38470892376196,-9.495710687418484
train:3543,-0.17121162439696241,-0.18165109141381097
train:3544,-1.2458739726540409,-0.06990630554405167
train:3545,-4.047117808245696,-0.4001679531315445
train:3546,17.040433737681525,14.541496794719746
train:3547,1.2177193873510794,-0.945904898302236
train:3548,-13.199338115928839,-9.452455929824604
train:3549,1.0142412509963465,-0.13608251814243938
train:3550,-1.1974264209705252,-0.000701831931662289
train:3551,1.0684272667986803,-0.1689995028000308
train:3552,-0.7520780426760492,-0.027258284375127104
train:3553,-1.9979228715116526,0.10214933638150024
train:3554,0.9384826455823093,0.26677463267868906
train:3555,4.456938258314712,-0.006557630199986925
train:3556,-0.1720349914839288,-0.026688069117532312
train:3557,-5.629413628148143,-0.5280231389536845
train:3558,-16.812543474929004,-11.059768483418818
train:3559,-8.543922043927012,-3.7111849038080806
train:3560,-1.0212432987277364,-3.367392894849771
train:3561,-1.6403467729455872,-9.575135096138098
train:3562,0.2832963059380942,-0.20153415648680556
train:3563,0.1589378886931772,0.06847382419710585
train:3564,-23.349375191723613,-11.000585931709365
train:3565,-2.0802356370095456,-0.13754450612338295
train:3566,-0.8678396892800314,-1.3623745296229415
train:3567,-1.916457881215952,0.8617359592053699
train:3568,-1.8495529127983263,0.15801359765020953
train:3569,0.16348988595375763,0.014411083637154903
train:3570,-0.9293923067158952,-1.7445208973514192
train:3571,-2.7630577745459117,0.10229570637256662
train:3572,-1.4204907912740232,-0.44411775419177574
train:3573,-2.1830044951912204,0.06663934884123608
train:3574,-2.068605518791585,-2.41050007687908
train:3575,2.4092715020520745,0.0165127626901663
train:3576,-7.8140347838618975,-8.251098406540802
train:3577,-0.6815657872862197,-0.18707805128725696
train:3578,-3.6556630132873185,0.022343452655929852
train:3579,-0.8597831515894382,0.21965933090523024
train:3580,4.972329791270193,0.3456596408756694
train:3581,3.546701759425045,2.05098493224868
train:3582,-9.298312262180424,-2.395928416423426
train:3583,2.549937794683508,0.3456900276282007
train:3584,1.3809155326275668,0.07161764046721256
train:3585,1.072252367141998,0.3640832858623006
train:3586,-2.2345744259577778,0.047178845087479826
train:3587,-4.82982236999455,-4.208468246146646
train:3588,0.5141115313462563,-0.23762108217533612
train:3589,0.4774984286738808,0.020191556997796276
train:3590,17.533271242334965,7.313097243855496
train:3591,10.817013378387836,4.654137418249329
train:3592,1.9352026757164396,9.8942900940327
train:3593,-5.343001830335809,-0.009285875530545565
train:3594,1.5075511107939752,6.858670064807654
train:3595,37.79924655957869,19.11318228644895
train:3596,23.085506556057457,5.608862077229546
train:3597,-9.69821017288293,-3.482628590740382
train:3598,-6.453658477429717,-1.5616462875774269
train:3599,4.751775272586676,1.65636615788379
train:3600,-8.599721319916682,-0.8274795920215063
train:3601,0.08434552627047545,0.12692366998636756
train:3602,-1.1082568347599704,0.127968660419663
train:3603,-1.2397800798858807,-1.030092180824717
train:3604,6.097947450706606,3.5758522344714
train:3605,-0.2994007209829633,-0.10684974890325818
train:3606,2.508495372069933,-0.1319660404697104
train:3607,0.651147291181461,0.42555302917557736
train:3608,1.7082146427757579,4.221071983570197
train:3609,0.9439249579030482,-0.19140324172502504
train:3610,-3.7683585357024,0.09124691195920615
train:3611,-1.5936119735762353,-0.37587481443882814
train:3612,-3.805801049375988,-0.05124669957767025
train:3613,-1.3742178864280485,-0.25874372702647463
train:3614,6.544270991318932,2.699814427823065
train:3615,2.9271105878191497,1.4011227150706607
train:3616,0.8379026141908308,-0.18925191671013147
train:3617,-0.6288516970611508,0.17429604653945757
train:3618,0.6541571604762212,-0.029717186096394038
train:3619,16.520841219408243,6.800637359226851
train:3620,-2.391692718084682,-3.002289643449494
train:3621,0.08569959551993316,-0.16628752080181286
train:3622,11.640049444820109,18.83810143002203
train:3623,1.9340701391699406,3.0145883720612527
train:3624,-6.450610484983555,-3.9652680862534297
train:3625,10.290977117694815,9.414250734442826
train:3626,17.568080469063,4.623749239109908
train:3627,0.7732173895093545,0.16586022752217075
train:3628,0.9857723227711387,1.6684043050145434
train:3629,-1.2394120984915644,0.12838665659298118
train:3630,0.5347965953966847,-0.0629848310249807
train:3631,-0.7775882424193519,-0.10834326492321314
train:3632,-1.0534892084405305,-0.07745120780284978
train:3633,21.622734254460962,10.821638999537585
train:3634,0.37947706513283674,0.08082411318015291
train:3635,9.011369821587026,4.528783932391458
train:3636,-30.33719449126293,-18.882095801073856
train:3637,0.45848102003900776,-0.07568506697497296
train:3638,-1.2391075781968364,0.04676042093173163
train:3639,23.697892684506794,9.24189365022573
train:3640,0.6344746888159922,0.12323089491935699
train:3641,-2.6056579754900646,-0.061684049759344134
train:3642,-1.7300619386460094,0.11678918870433687
train:3643,-4.353124905878166,-0.32296192000752716
train:3644,4.69828291217325,0.1191468012504994
train:3645,0.6248102374775881,3.9387736314434414
train:3646,-1.063546746663198,-1.1181396508747508
train:3647,3.1783833006605353,0.037685481485617005
train:3648,0.7346149092169173,-0.044878891662233356
train:3649,8.29977981452849,4.969007230551841
train:3650,10.126004294088096,10.701105451806585
train:3651,3.2948351157798204,-0.05678450690049108
train:3652,0.1411908643412718,0.05188736512173458
train:3653,-0.27595289074716073,0.026271190077020654
train:3654,-4.427465980943157,-0.07848863721321489
train:3655,2.6548826944521653,0.06330051524385089
train:3656,-0.18254942637780802,-0.047365897563071496
train:3657,-0.7448534730273115,-0.03750461173220268
train:3658,5.267477369751131,0.26188093891304626
train:3659,-14.04472085791285,-7.992231236492705
train:3660,11.615327975885975,8.000720636155677
train:3661,-1.3273185066245992,0.037392456181864264
train:3662,4.7610150227201435,0.5028755448509648
train:3663,-1.1307248535131182,0.25883712787075386
train:3664,0.5693891710448049,-0.03309539407734094
train:3665,-1.3824627152932445,0.1848583675906969
train:3666,6.682328870036517,13.786025633110334
train:3667,-15.118692805196384,-6.148508036275089
train:3668,7.083166841862596,11.619983729056543
train:3669,-0.9676814333004752,0.10705030584845338
train:3670,-1.3130027983570276,0.13502466408256986
train:3671,-3.632286082814792,-2.7718576260518337
train:3672,-6.622510564149732,-0.3071608086912401
train:3673,3.7324800604506434,2.412319227709403
train:3674,4.840852340417611,0.35686393557193663
train:3675,0.002628086325863227,0.1808157882175511
train:3676,6.146871541782635,5.398521837669919
train:3677,7.66126259037614,0.10276163657804688
train:3678,0.08201954911853143,0.0681255891598807
train:3679,0.6872719990910707,0.02760563929381868
train:3680,13.539331829958524,4.259564723326071
train:3681,-17.078507316095966,-8.942197016172734
train:3682,1.3618895230378043,-0.17204844963148336
train:3683,5.513976087712497,5.3254247211957
train:3684,0.5274630028332697,-0.12091995661174004
train:3685,1.1902855956697058,3.742960827488367
train:3686,28.78685174307199,9.16301306451386
train:3687,-1.0997728063655567,-0.06358757294725692
train:3688,-3.1989625368302215,0.05332938058927729
train:3689,9.548425532700868,0.49117165199805585
train:3690,-3.5084248937457705,-0.12578640216267165
train:3691,-3.619555274829247,-1.4782938561151022
train:3692,0.3433900154581475,0.27811973359443243
train:3693,-1.8916541220647698,-1.4691377426680943
train:3694,-2.1475223018576624,0.07975815160778656
train:3695,-0.8852591799714241,-0.7324620714465946
train:3696,20.486061810951206,17.594214436702416
train:3697,0.28339789018908357,-0.1180653138035159
train:3698,-1.0291061987042012,0.02367076883222756
train:3699,-0.6332990881136187,0.09761785841246319
train:3700,-2.637668405005485,0.01046094846889313
train:3701,6.949647477827656,6.910740119173439
train:3702,-0.8358618039182458,-0.07909266308278115
train:3703,1.577004053982984,-0.2404837139889206
train:3704,-10.693852991531742,-4.666223416570311
train:3705,0.29429808953265807,-0.21147734745521923
train:3706,0.5264188004180657,-0.23599360765478533
train:3707,4.986465111943329,1.0769744576765599
train:3708,3.967454428693363,0.012395714374197259
train:3709,-0.9643233415618199,-0.022688715969818404
train:3710,-0.5057369314015727,-0.06358086788918663
train:3711,-1.5951787421155217,-1.9741592926630154
train:3712,-1.1244282571594595,-2.336506194553162
train:3713,-2.9915251717275466,-3.1919226664367204
train:3714,-1.4999970884373748,-4.750457777160094
train:3715,-2.18770410343436,-0.04472752854281678
train:3716,-10.156246819304986,-4.86188785328298
train:3717,-0.27083253308916844,-0.09090811668911494
train:3718,9.345588051256266,10.451317786350522
train:3719,3.971571264128195,-0.1460562206915931
train:3720,-4.07222050869384,0.3612912711496692
train:3721,-0.2973650841730918,-0.07345870237401617
train:3722,0.698225896288143,-0.24952355887577365
train:3723,-3.964253884260169,0.0988530157054969
train:3724,-0.16431970249002298,0.1548787690111332
train:3725,-0.023424903408423875,-0.11045921005722514
train:3726,-9.256724553166693,-5.853495752760581
train:3727,0.21763591893876805,-0.03269166398502338
train:3728,0.1465260134132553,0.022500379546936677
train:3729,10.919783166402471,20.72082695440886
train:3730,4.1319416470362,9.998190532603457
train:3731,0.0684639792965783,0.05995297933705532
train:3732,-0.8219528975711123,-0.13576096067668542
train:3733,7.458161036370613,1.55886348599857
train:3734,3.3403992554512723,-0.020242796382262035
train:3735,-11.369420339848137,-2.526546086170526
train:3736,1.245524647300373,-0.21125479659160956
train:3737,-16.061138020480406,-5.257980456476044
train:3738,2.144327222726851,0.8255140942231749
train:3739,1.0393783552640476,0.040583778501703034
train:3740,1.0193227881282172,0.00598596418061853
train:3741,12.14893028738266,8.995781497878667
train:3742,-8.44552154099612,-11.026164444300237
train:3743,5.9797331372097435,-0.07733051675758454
train:3744,8.354573941087319,2.0323918062197617
train:3745,-7.627567011695717,-6.956356258313419
train:3746,1.0991461583312703,-0.13871660733839394
train:3747,-1.654039493129288,0.14333808012487137
train:3748,-0.9256567027950736,0.037596746461793146
train:3749,6.671682282633055,3.369008896686645
train:3750,8.101506883089442,0.45550958803432506
train:3751,0.2506770682914582,0.7772903179559678
train:3752,-5.2250534490657925,-0.5364663763330915
train:3753,1.1444143786628835,5.3962170096234585
train:3754,-12.058498161087877,-2.4115078328409636
train:3755,3.654993128020345,6.65528368377097
train:3756,8.655461378436515,3.039404505283452
train:3757,-7.870126027401323,-3.264328163304029
train:3758,-13.1086589459061,-4.2083755166201415
train:3759,-0.35892630256384506,0.04018147501748554
train:3760,3.9663930243683803,0.09078383496992601
train:3761,-0.6204629765452401,0.028270153346827573
train:3762,-1.045653970994656,-0.013829051686003138
train:3763,3.593786640904214,1.9141274213327188
train:3764,-0.8358711022478558,-5.688689990538734
train:3765,0.08437760550762999,-0.005406072141616855
train:3766,-0.8901970579108199,0.20255943557464662
train:3767,3.576643775518719,0.3316591943032806
train:3768,6.3277314913610185,5.498696546526555
train:3769,-4.047673848356375,-10.403859730469495
train:3770,-4.9632961722144,-2.0783563230577764
train:3771,0.2761182279374067,3.419212377014308
train:3772,-0.9787069276355446,0.14517983118205147
train:3773,0.6043081180622367,-0.07383361498271246
train:3774,-12.144699255570437,-16.685501657949136
train:3775,8.315022566258179,6.101848190649104
train:3776,-1.4448744983850732,-0.4125891445371647
train:3777,3.203879785367663,-0.17248870089116253
train:3778,4.037071487399988,1.475826049604739
train:3779,0.027192413489587758,-0.1075329515223779
train:3780,-0.3476232530899168,0.15592789660791884
train:3781,-15.432505850536456,-4.995451468756708
train:3782,-1.103178319585223,0.1620645940111457
train:3783,0.6154437976031847,-0.24849126525456877
train:3784,-0.29219195849456275,-0.011195247811668599
train:3785,1.0389190177813132,-0.00790149503024537
train:3786,-30.269398510410426,-13.901244269522621
train:3787,2.8124921708407182,-0.0026918075704388256
train:3788,2.465223270647349,2.9159880679038452
train:3789,-34.60228993206056,-16.66838578460783
train:3790,0.18459686171024015,-0.05445285862174967
train:3791,0.5694024211644992,0.14528839605846616
train:3792,1.0859922763484695,1.333409332244456
train:3793,2.1663280004170957,3.7491634341858164
train:3794,23.205499640008714,9.286772458480721
train:3795,-1.094360946074291,-8.237426365153047
train:3796,-5.163571963851445,-12.089440569579034
train:3797,0.19045852869639046,-0.1056660921626367
train:3798,11.70791702281061,5.539596259468854
train:3799,2.1255362284179817,5.159580958920248
train:3800,23.937001090094125,6.754144201245829
train:3801,-0.11307695669661805,-0.18298653925627906
train:3802,-2.5927537536572927,-0.0499918550928557
train:3803,0.5627701551119193,-0.06382538851753725
train:3804,-3.924785264564559,0.10851400575911702
train:3805,0.9741761434562549,0.14488480862695863
train:3806,4.342297292886976,2.0166237922113956
train:3807,-2.672467868487428,-0.3390937190814087
train:3808,-8.918324864671831,-4.0274182681326325
train:3809,2.4273209545745456,0.26251064372841365
train:3810,-0.8917866073576511,-0.0778107130440654
train:3811,-2.0789982617966936,-9.644316458699267
train:3812,-0.46563114366943714,-0.018324579130918617
train:3813,17.406012443626445,22.88018206097604
train:3814,-4.925531006503344,-0.9247833947375776
train:3815,5.97998977110698,4.861930591707105
train:3816,0.7724307508243476,0.7054267895058728
train:3817,-3.125098001157743,-0.8020290461772097
train:3818,-2.169186480016025,-6.83496902829534
train:3819,-21.019198914127724,-12.134166445445699
train:3820,-0.920606547525637,0.00262944064279258
train:3821,-2.3417943945237645,0.09926502012479482
train:3822,-0.5950578479265304,-0.12270236077195754
train:3823,0.16598764974524657,-0.0506018727164422
train:3824,-0.7383165148532342,0.003880005303306955
train:3825,3.7462778517589372,4.480700962343727
train:3826,0.38299880747262804,0.2173014330374477
train:3827,0.8161375491561998,-0.13437172970884498
train:3828,1.7160108272372705,-0.013638456843834842
train:3829,7.389489152868844,-0.09617230057834386
train:3830,8.579456832204293,11.935721775048753
train:3831,-0.19868260939677607,0.03201071978519023
train:3832,2.795562702119773,0.21175221284982637
train:3833,20.324655826582887,6.417718055229759
train:3834,-11.827553688898137,-9.340597871271699
train:3835,-1.6674439650950785,0.009786448159183794
train:3836,0.2303929947054616,-0.12740103721032187
train:3837,-3.498822508757513,-10.597485829528795
train:3838,-0.2756197780888821,0.10262725009502102
train:3839,2.516444978970011,-0.005161123530836198
train:3840,-11.89792995621742,-4.810576183783189
train:3841,14.953336252416438,6.70609432850602
train:3842,-2.854114456750818,0.23145424135492312
train:3843,0.7062192053373881,0.07204020178645093
train:3844,3.268250494050081,3.5891533577531383
train:3845,0.25518373619518986,0.15663549422554962
train:3846,-0.6313845620469176,0.4635950321022366
train:3847,21.111422828538352,20.044454934872245
train:3848,2.131390689198684,5.749374986080296
train:3849,4.180405935713013,-0.05798742285046338
train:3850,-1.2060999028307426,0.15074731195335356
train:3851,2.21639020703739,-0.09190331849971822
train:3852,-7.806839736409672,-4.713167953354193
train:3853,18.342142233439347,7.172661942485388
train:3854,2.745313134157837,0.024039119043663584
train:3855,0.8828400464465678,-0.05261281949428967
train:3856,0.0007729533395461063,-0.1984596733703619
train:3857,0.6014079690568745,-0.3249888447960953
train:3858,-0.3275170100577116,0.06630352529448147
train:3859,-0.6325482479976103,-0.11946481634967676
train:3860,-0.06127084835796662,-0.051002749592559654
train:3861,0.9468464930665134,-0.08364154567063897
train:3862,0.4403089457948048,-0.19779544463897303
train:3863,-5.075429378146316,-13.150451241194933
train:3864,-0.04394445719179402,-0.12341709143008861
train:3865,-1.5454907932620308,-0.894528746116322
train:3866,9.310659805909223,10.585054877369219
train:3867,-2.4922067313359295,-0.783064146077415
train:3868,-1.023961432930983,-2.5747269215339212
train:3869,0.0384471116495439,0.10966641978234713
train:3870,6.090084783188382,0.02434840767975703
train:3871,-4.676719793967969,-0.6528992817412747
train:3872,-0.935454120246901,-0.08406952810065757
train:3873,16.5681195061433,8.49610744568602
train:3874,-0.9820854756993417,0.0642574839573725
train:3875,-6.266895018381938,-0.05427053810656174
train:3876,0.15185325890507032,2.732039792873746
train:3877,-0.5516039641600705,0.00036512826637410956
train:3878,9.879577173264726,4.04589363917442
train:3879,1.5605118392119497,0.6333851490344851
train:3880,-16.81612519149478,-1.9222620005381486
train:3881,6.997451120185679,3.6561012226728495
train:3882,6.386082228995675,5.412035240236946
train:3883,-8.619620675115064,-3.822749366413992
train:3884,1.8354636782381863,0.10593412767096483
train:3885,-1.4859438255230462,-4.341757667543542
train:3886,-1.249221836230125,-9.59263101787726
train:3887,-7.85288320497252,-3.1560571681579206
train:3888,-0.026677459106005386,0.1191610673315
train:3889,-0.040703059489744536,0.07847791349879088
train:3890,12.565085397575308,1.8708586829794573
train:3891,0.6744319357326078,-0.10739799439611203
train:3892,-2.5913743464596477,-0.07165318716257765
train:3893,-2.1473888708277586,-11.0101544775581
train:3894,21.682939079019853,9.16486879633042
train:3895,-4.891481453304448,-3.414681244185767
train:3896,9.871802839877798,3.7121472338135066
train:3897,-0.1856507679901067,0.11465469766502405
train:3898,0.34251388035064434,-0.0259542219108604
train:3899,20.156969750395966,6.3729550875524925
train:3900,-10.013650425904755,-11.174005553639386
train:3901,2.1052649400351986,4.08040842490408
train:3902,0.6536899194133182,-0.10388468662808925
train:3903,-2.9266414277088963,-0.360716818054049
train:3904,8.727343045319659,2.5248457948179963
train:3905,0.9635621002064284,6.4686987516503365
train:3906,0.30535124639831723,-0.08625865823020276
train:3907,3.3124410379798936,0.06327398033318973
train:3908,-0.735249925747853,-0.5163393612749863
train:3909,-0.7129118511510051,0.11411886366264075
train:3910,1.0193199986293342,-0.29833880686126646
train:3911,2.396228270191633,1.2656077137072625
train:3912,4.674018921055929,-0.18249065028069744
train:3913,-1.2834503822740135,0.07261312759943585
train:3914,0.23843047082035426,-0.08981733213580753
train:3915,-7.934825664493694,-3.9419050960419537
train:3916,3.104534572148394,-0.016457719771177437
train:3917,6.904742124809074,0.09133536166141
train:3918,8.249203410280762,15.141911633863135
train:3919,0.9202202613117691,0.9990739517294323
train:3920,-3.106055487032923,-2.337544765250007
train:3921,1.1269565323618493,-0.10143962300539291
train:3922,2.048957045415861,1.3831461690625888
train:3923,13.546731440662171,5.20769074920026
train:3924,-10.163202899686235,-9.556130393672312
train:3925,5.035365957195333,0.09415063008607241
train:3926,1.3898956269066742,1.9412469559932781
train:3927,0.7922943074537315,-0.12337286657898669
train:3928,-3.7699011285847,-2.740771835551482
train:3929,-19.641381730846046,-8.273033932687355
train:3930,3.888956070459736,-0.28760029970966944
train:3931,0.15980402809634964,-0.24846501566552764
train:3932,-12.866644812315641,-1.4443357328660857
train:3933,0.4653840999414792,0.0009254999280784715
train:3934,1.3744859701604848,2.1311798520031373
train:3935,-0.6283495872622104,-0.06885247014053586
train:3936,7.011193121516313,2.83446198013122
train:3937,-4.39596045072556,-1.744512908346059
train:3938,-3.130897369335506,0.006514665142501527
train:3939,-1.8102697947784363,-0.2533990824404022
train:3940,-1.0470480230614365,0.0028644029968727946
train:3941,-5.313207192766454,0.02304249062496025
train:3942,-24.140237178039328,-6.992752454805442
train:3943,-0.8044897047305525,0.09972838243569497
train:3944,0.963541178964806,-0.239182932723284
train:3945,-3.120238229187071,-0.8160741455831304
train:3946,-0.651435247559703,0.1653258201278875
train:3947,-5.886569161675541,-1.1420580196195809
train:3948,-4.465468254059267,-0.05452418902675277
train:3949,-0.4561240665596824,0.04249500537335615
train:3950,-0.13829391036984512,-3.7908877864288266
train:3951,0.5267757400459698,0.8827289253802129
train:3952,0.8389328691116199,-0.11864052218946092
train:3953,1.618160785419291,-0.040021576403142134
train:3954,-19.000834681339832,-10.491999002750768
train:3955,-1.7446665925062117,-8.767956809263557
train:3956,11.333492815907688,0.39668511495798703
train:3957,1.6164178135338947,-0.15848754101472368
train:3958,1.5281924726952365,-0.2454214899448553
train:3959,-6.440498551532669,-5.032955283777619
train:3960,2.019818405000492,0.18891906488671348
train:3961,-0.42347949096485915,-0.10512369576299313
train:3962,3.417929657572497,9.443015718885995
train:3963,11.58896163244383,4.8444717617785455
train:3964,-0.7819282377648241,-0.025273587186320806
train:3965,0.21241095507266317,-0.20700436041828468
train:3966,3.7581181122260836,-0.02289942598619757
train:3967,4.783472348394239,1.9680948644715857
train:3968,-1.0445058597460597,-0.574030108894205
train:3969,-4.908647099597488,-0.21517197711275987
train:3970,0.07766700102808574,0.005212457268764903
train:3971,0.7587780134579699,-0.033089402323320666
train:3972,0.2060402045403648,0.1365552719131264
train:3973,-0.322548680088843,-0.12066059925914877
train:3974,-4.951959648753876,-3.3350120295161827
train:3975,7.280751696910504,-0.09163055103098636
train:3976,0.5758629005775342,1.905480892299053
train:3977,9.174572243236,0.08014733029748347
train:3978,-14.596346121692617,-7.928138870346077
train:3979,-10.520028158136292,-11.06392390749268
train:3980,-1.3624101701145368,0.021393331661288525
train:3981,-2.744945558298573,0.22080261463661993
train:3982,-6.803496041177851,-6.784640577098112
train:3983,2.4416826895736863,2.079938086300249
train:3984,2.268681223265203,-0.9045072991330161
train:3985,-0.9350959020986754,-1.0889624480210671
train:3986,-0.4061050971720749,0.05393483306694361
train:3987,-31.55376562144558,-8.254924569465167
train:3988,-2.7296660781669244,-11.335459928112567
train:3989,-9.160548210678515,-0.4664062231822849
train:3990,2.3395981884513084,0.050674748236681846
train:3991,-3.0895063199930273,-0.28836353504320267
train:3992,0.19365947866463643,-0.0708377379725822
train:3993,18.184299368977584,10.466358800871097
train:3994,10.273877489542008,2.163635471601169
train:3995,-1.0927323436430973,-0.33565545089944915
train:3996,-0.6300297954227392,0.04275422006513742
train:3997,6.32265181389507,14.03155858256877
train:3998,8.374124608925325,4.331663499451866
train:3999,1.5553840428902692,0.5505998656223401
train:4000,6.562906703523314,0.7965523805230055
train:4001,-2.923354468191758,-1.161053877115147
train:4002,-4.742088910792261,-3.41980733241091
train:4003,-4.10570751295133,-6.527756962952341
train:4004,1.2882402436957978,4.305432741637645
train:4005,1.4122511358715406,0.09324530458577306
train:4006,3.97945299322212,0.18192383472886928
train:4007,1.5313850541668335,2.506794922527911
train:4008,4.173584681111111,-0.06238308772837453
train:4009,0.28029503759822316,0.10551013974362639
train:4010,4.379366013710242,0.020525383293210783
train:4011,7.025023456978242,3.692749358155343
train:4012,6.768311453773241,0.5926982146903108
train:4013,-1.4330646899473996,0.14629144421361978
train:4014,-1.7248179132042036,-0.24713327700411974
train:4015,0.2027081481246177,0.39129226885073376
train:4016,-0.9857731932226715,-0.11528228672191487
train:4017,-2.8855130561779,-9.357555105792276
train:4018,-1.4698386537220283,-0.4834775863508673
train:4019,-0.5543732391761718,-0.09226995678143418
train:4020,0.2648535340731198,1.2765445193847682
train:4021,-0.24714922265599237,-0.2326847328275014
train:4022,-0.4049102618171886,2.5856914862505023
train:4023,5.104446037366981,-0.08524505317510869
train:4024,0.5769631254286387,0.14497953540480274
train:4025,32.83990435611111,11.55164805977709
train:4026,4.110077089874742,6.494397099321613
train:4027,22.784605171213844,7.245432651026313
train:4028,3.5261780213933505,-0.09354220588506951
train:4029,8.463317905876385,5.20399469293462
train:4030,0.8479183099302531,-0.5505826634832054
train:4031,-1.4867553372397597,-0.16927512348496276
train:4032,-5.979582212430394,-0.3834700759635584
train:4033,0.0044929825582708804,-0.021987966071067927
train:4034,0.5605276304682252,0.8278189936000402
train:4035,-3.13562882435756,-1.5761945516602396
train:4036,1.6178999672737304,0.34667381657400353
train:4037,-11.50461433304584,-1.3918188648433618
train:4038,14.940829999090974,12.32890752157713
train:4039,0.29457610958799735,-0.05374868486355905
train:4040,0.36277494057085624,-0.08725357471918604
train:4041,2.070187688956157,0.7453733855765199
train:4042,2.052680096591709,0.19188327119702236
train:4043,1.2926880996647463,-0.7807289312784234
train:4044,0.6540820764646204,0.10831442328591834
train:4045,-2.1027352700833672,-1.3192413190391858
train:4046,0.2500412950043738,0.2914431119625318
train:4047,-4.800889687580042,-4.031230450297619
train:4048,0.058460952531249624,-0.010276512195228654
train:4049,0.8766715345832872,0.06201628263217504
train:4050,-0.5942054235595328,-1.9675214278342366
train:4051,0.18226518933141,-0.07811614983828868
train:4052,-2.1688812623465763,0.09244126826057808
train:4053,-0.8558401949183133,0.1455881264202892
train:4054,0.6239212009377509,2.223862015118248
train:4055,-0.22357609742869494,-0.2549074351845978
train:4056,-0.6480997042703521,-1.3611579182352087
train:4057,5.110144053751995,8.406120430593546
train:4058,-7.081956837340666,-2.343890318079083
train:4059,-5.65164872374456,0.014793271947161526
train:4060,1.9144078913766132,0.44983411302984827
train:4061,-2.708534229378735,-7.256079201774333
train:4062,-2.580919769562633,-0.0007111048843126966
train:4063,-2.352827559980762,-4.562576914241364
train:4064,3.4330705925929568,1.6223622405147613
train:4065,0.3873149758484746,-0.1541373849352045
train:4066,-2.562602060230913,1.9134243888610083
train:4067,-2.821580531278354,0.10376111821295034
train:4068,2.0467914644496896,0.10164117857625815
train:4069,4.31278904386961,0.01560387066961677
train:4070,-1.1149390793342042,0.07285436702915635
train:4071,-2.5010499077115296,-0.0609059777015703
train:4072,0.12366932448240914,-0.00024973982475262613
train:4073,5.179563987870888,2.0359571851834364
train:4074,12.183267158966505,2.028510290901113
train:4075,-1.183521931329956,1.577973472142141
train:4076,-8.629881381839711,-4.10439147881472
train:4077,4.091486009652487,1.4910383997581307
train:4078,0.5193834517768918,-0.19611304570656984
train:4079,6.853965806474731,2.649910535196415
train:4080,-5.520230782201483,-1.5234668309603268
train:4081,1.2936937140120688,-0.029285209163695244
train:4082,8.423858584510386,0.4742064284721181
train:4083,0.8453440673777218,-0.40232412861397826
train:4084,1.0161683298080213,0.00839436397514326
train:4085,0.6499987150163845,0.020207107026086954
train:4086,14.662221359487361,6.004466209809149
train:4087,-4.618055702625454,-0.23078420551659878
train:4088,0.8933634309826967,-0.037311876977884295
train:4089,-7.468517224050574,-3.607395455347507
train:4090,3.2465781798533095,-0.02625024309162327
train:4091,1.4776797620053372,0.016627604642221294
train:4092,10.580914842095266,7.945054958734496
train:4093,10.292468569764262,2.5216713064737384
train:4094,6.910872513520954,3.474771629471224
train:4095,11.004943777801671,1.9008970578127435
train:4096,23.891839103178306,15.377137625120245
train:4097,0.6544903893636199,-0.29566862448038034
train:4098,-0.05219347030531443,-0.04825595835670021
train:4099,-3.6235196176584745,-11.322557684455605
train:4100,2.8498203150601036,0.10779185673886561
train:4101,0.24182761554337143,-0.04275538550529101
train:4102,0.6056352221558254,0.1082905989306473
train:4103,-0.5444075219584033,-0.03254600729800705
train:4104,1.7616642308729782,0.3003197528827378
train:4105,2.349644103761963,0.007416852104980762
train:4106,0.2490824047633415,0.12352420554472975
train:4107,-0.8060227668250028,0.012113245970384975
train:4108,-0.5952826350448523,-0.23786560280368674
train:4109,-2.0355053250458717,-2.141584735339006
train:4110,1.1250122516403962,-0.10732067223708866
train:4111,-0.15665369464305018,0.10865723721236324
train:4112,14.092532230774227,5.039684819688355
train:4113,-0.8403333706276996,0.21564000524411545
train:4114,11.261203882187626,10.448927932461299
train:4115,2.0635345016619544,2.8416520849555327
train:4116,-3.949505803665732,-3.218015899230095
train:4117,2.60031451730286,-0.19791099989507804
train:4118,7.600353882265769,5.655844847110509
train:4119,1.91989483567948,2.5472546695321507
train:4120,2.1378820855576723,0.04081146515447294
train:4121,7.500337329648657,7.681668864868643
train:4122,-4.841233280091954,-0.2499113109573705
train:4123,-5.814226297643741,-12.510134744136048
train:4124,-1.4167403100258253,0.05986096311460132
train:4125,-4.107720601311898,-5.235690560877435
train:4126,-28.369210467967996,-10.35266846669335
train:4127,0.03625503044398404,0.06513285068757056
train:4128,2.67053945430774,8.197760323076805
train:4129,-4.9416543100471015,-0.056226132490126784
train:4130,-7.014669475117828,-2.609922769970552
train:4131,-0.27927553260417765,-1.992694783724691
train:4132,-2.0496915540736236,-0.22488175716340214
train:4133,-14.85095112340799,-3.512366236586175
train:4134,-1.6866508271957552,0.2278774495264476
train:4135,-9.394800098710537,-2.3240034011642186
train:4136,2.0213014885732887,0.37546547858864554
train:4137,-13.572891999180266,-0.8426398709792455
train:4138,-6.030978729349724,-1.7044263620207958
train:4139,-3.1070564522154407,0.0032853950472011006
train:4140,-0.2159325218019063,-0.25948299534392677
train:4141,-5.051177474857488,-12.124838711044253
train:4142,0.007849795776604634,-0.02049972850108321
train:4143,0.26265866336867694,0.18434906849897476
train:4144,2.887681718482623,3.221324428916883
train:4145,2.953675683056708,8.682205048479672
train:4146,6.578274982702739,5.873178890219879
train:4147,-2.5885058117749593,0.1074440496840705
train:4148,4.2838005714774425,-0.1288411980873345
train:4149,0.2944257091065554,0.23038999171227686
train:4150,0.24264145184248753,0.06456748589751599
train:4151,-1.7564831422328528,-0.26384213905447634
train:4152,-2.1698471263348162,-3.2412265276964844
train:4153,-0.9670835507065515,-4.846906756302609
train:4154,3.9480385866347008,8.063171832343993
train:4155,-5.725704340090524,-14.775153576885664
train:4156,0.057303194265683255,-0.087919372719485
train:4157,-0.974074034907357,0.011272403156208421
train:4158,6.952254729450304,6.691518958869306
train:4159,6.533864300819409,0.05445725695318633
train:4160,13.869185423708826,7.127435041853982
train:4161,-0.3579545108904788,-0.0789561366876052
train:4162,2.467257745166019,-0.17578216835096577
train:4163,-11.96478215661451,-6.86738270561523
train:4164,-3.5331189326075547,0.09739559287047353
train:4165,-0.6920426801742986,0.03478233400199076
train:4166,7.139897810479189,0.5575444511926321
train:4167,-2.4965588145098945,0.1547475210659275
train:4168,9.538119264161134,0.9408961601048522
train:4169,-1.6600173892355632,-0.07638153704942327
train:4170,-3.028098291582599,-3.2610275628037253
train:4171,4.808206834989827,6.276586569106822
train:4172,0.764406292370909,0.18393948931344695
train:4173,2.783819841655291,-0.8154872390107648
train:4174,-0.21347601934806176,-0.049253870722693605
train:4175,-5.848388360630918,-2.7202512193185693
train:4176,-0.05989829867840901,-0.029724176476084344
train:4177,-3.0906676813613174,-2.901449849896609
train:4178,5.268473220852363,6.282400853079435
train:4179,-0.9261276631898206,0.047947073549363235
train:4180,6.569156110854202,0.1877629416824232
train:4181,6.755645269178485,2.1167385835278294
train:4182,-6.637106152138566,-10.520507197735927
train:4183,4.1534091655233105,1.5513623806084438
train:4184,0.8554625096593348,0.17824361381313925
train:4185,1.112338163465472,0.7496119095722091
train:4186,4.201951560168848,8.211925400223942
train:4187,0.6797264046125476,-0.003992018192835359
train:4188,-0.17448161446256266,1.1152400814229038
train:4189,-1.4848791667827,-0.23409664686413284
train:4190,0.5722137711220858,0.013689647920953535
train:4191,19.0100858813085,8.648107973601709
train:4192,6.676290534787777,2.710190433856436
train:4193,-6.263612708029604,-5.243072401830396
train:4194,1.4206819313289367,-0.06718390930670329
train:4195,1.5981219552767585,-0.02305178773128419
train:4196,2.758595333089256,0.014557310967411266
train:4197,21.30839306399904,4.489620401506935
train:4198,-0.9948855562404814,0.12805568351376678
train:4199,-1.438840347384657,0.09956831700686801
train:4200,-7.324176464015506,-3.7998711376349172
train:4201,-16.66544576016457,-4.307805821370166
train:4202,-0.9270165835005376,0.23649558905892237
train:4203,-0.6196000915574311,0.5529054069728503
train:4204,2.1897267819642057,0.21873802739421017
train:4205,-0.36630545694234895,-0.582101286881116
train:4206,-4.048530224513456,-2.0311545688334536
train:4207,8.47976479129057,3.0694751214597997
train:4208,-7.461191999983808,-5.279324796225932
train:4209,-0.34283089400891764,-0.0010091233164156582
train:4210,3.3325644829218777,0.1562948202112548
train:4211,-0.4077992528270188,0.02514531096445169
train:4212,-44.20466376232239,-17.075539736365535
train:4213,8.213287682329138,5.1607621904271
train:4214,-4.244013657069503,0.06004727813246942
train:4215,3.4602677417857555,0.03860592903177703
train:4216,36.56429449142297,15.330474986096934
train:4217,0.06829753919655912,0.0020650744784080355
train:4218,24.359141535056736,8.014105073350459
train:4219,0.1510645280959012,-2.346384599681232
train:4220,6.435275971630395,0.45357382350335085
train:4221,0.08379785465644585,0.03599124170598333
train:4222,-0.9151254146787763,0.04102303113571214
train:4223,0.09934698634678513,-0.05159036946897519
train:4224,-0.32243663521704236,-0.33799551616598095
train:4225,0.8743106886953056,0.5137303205627168
train:4226,-19.551507796167535,-9.575379331444829
train:4227,4.939201702535649,9.282772249368147
train:4228,3.917905024951061,-0.08286832408040534
train:4229,-0.2033273574952163,-0.25053787723491777
train:4230,-1.0691571262916377,2.450084682655865
train:4231,11.829534524944737,1.3558448845300817
train:4232,-7.383320349165896,-4.851933552603987
train:4233,0.2543771061015215,-0.10778460519122884
train:4234,-1.6450582365589792,0.07713376334691244
train:4235,-5.961884701683662,-13.992813107676444
train:4236,1.1950770249177438,2.2489243808985178
train:4237,0.5250123118354315,-0.2946239193687049
train:4238,-6.237767071045621,-0.6559028624351453
train:4239,-4.64032706170735,0.055524930455272764
train:4240,2.5824438251671418,1.1637078076752214
train:4241,-7.027910296482482,-1.834198623807799
train:4242,-2.1642992779730035,-1.4584003768029772
train:4243,14.81386316793221,6.012353070029532
train:4244,2.1820856471489396,4.564962713809031
train:4245,0.17137300979712414,0.08551679786449698
train:4246,-9.918187265297664,0.026839550744085366
train:4247,-9.609004788103377,-6.121899512635972
train:4248,0.7143296733397194,5.9651979658900816
train:4249,-1.868834161535883,0.027213892709541637
train:4250,3.7189342538747807,0.06062134523193438
train:4251,3.7579760802412907,4.315810174279116
train:4252,2.9982727964487186,1.354953397128353
train:4253,0.42189162810713776,0.2335393717539738
train:4254,-5.057713270740364,-5.3797465936055
train:4255,-38.4696400254604,-13.617795500623975
train:4256,5.3394752657544,0.7683436305780489
train:4257,2.7875384761245745,5.839566862095938
train:4258,11.88437049398681,17.681368778751406
train:4259,-5.9038854409082635,0.10409095000568468
train:4260,6.162878616206267,9.628970660869642
train:4261,4.621802291464995,9.94442452652832
train:4262,-0.354768554478729,-0.9381341639811982
train:4263,-0.3894390036373332,-0.11846034158642307
train:4264,20.454997951390084,10.281634736356184
train:4265,-3.181861049011491,-0.11792151170702964
train:4266,-0.0010136044658971832,-0.22682565336054666
train:4267,-0.33590212747089854,-0.06460460186179112
train:4268,2.426048013250935,6.757693602198783
train:4269,0.25221989363199915,0.03893690211099142
train:4270,8.298000114241134,7.904788089145385
train:4271,7.90626055793845,12.639590809749201
train:4272,2.2305455191191887,1.569372451906867
train:4273,-22.02250169670926,-9.489007911921153
train:4274,-2.623356880986238,-1.5240009530329899
train:4275,11.388396662755914,12.813627867664929
train:4276,2.113056010415426,2.2176410051763074
train:4277,-10.019774305785909,-2.5142458711317914
train:4278,-4.597632851470029,-1.7614244914074344
train:4279,-3.5631808971531975,-9.801911002296919
train:4280,-0.451780119424126,-0.03672953555143896
train:4281,1.7485861302764993,0.04977940899308291
train:4282,2.8184496106218515,-0.08156668684990873
train:4283,-0.06787603302555736,0.047556182929946234
train:4284,0.5921951840792766,0.07935385087222897
train:4285,1.9605987384637795,0.15958201059541774
train:4286,0.0845919320051407,0.11057688107180672
train:4287,3.394073863125055,6.59411472294299
train:4288,-1.1582353564137744,0.10158996334546593
train:4289,-0.8957693143878588,-0.09757636827042493
train:4290,-6.617175182619509,0.006551186309863108
train:4291,0.5760451478378904,-0.5671786808328472
train:4292,-0.46162147148336063,-0.15945107212550558
train:4293,-3.5438910474607512,-0.04116457481291183
train:4294,-7.74463856048351,-12.1521177404904
train:4295,-35.43897222702848,-11.864054750352913
train:4296,1.9460896249403201,0.12354895719526582
train:4297,0.8030073779139046,0.7745605033564991
train:4298,-0.8546462893963881,0.06668000717208784
train:4299,8.487898040200447,7.983592208663092
train:4300,-0.4553592789492591,0.31566663217996516
train:4301,-3.3857199519637535,-8.003051202966816
train:4302,14.342254679611385,0.9532231953758683
train:4303,9.897001313120924,3.257783966808548
train:4304,5.500455386626581,2.342222268069615
train:4305,1.4661189163429715,3.6417712296293465
train:4306,0.17900554365750088,0.07258088625637445
train:4307,-1.8362474680428824,0.04135928266489676
train:4308,0.5006108216690022,0.48264010757725484
train:4309,-0.5090734045238846,-0.13860247869038897
train:4310,0.5240551650312011,-0.21221918366725145
train:4311,1.6194709200613415,0.006196246214567672
train:4312,-0.2364057001663465,-0.02600771971461273
train:4313,-0.9224873671475019,-2.1624996660507754
train:4314,-0.9659937864762583,0.23306060207559298
train:4315,-5.173193875331884,-4.572915828464134
train:4316,35.955767169761785,14.226167329287394
train:4317,-6.148333877190622,-4.694438586251718
train:4318,-4.802622896219349,0.08197253270070284
train:4319,-0.987116801851318,0.14157365122671464
train:4320,-0.7111502826063887,0.04723904794930244
train:4321,1.3177884755304876,-0.06458034952409009
train:4322,1.036745068318493,-0.2446763725341929
train:4323,5.694600789551747,12.349749695275797
train:4324,12.227454680939195,1.4374565687887106
train:4325,-0.005398929168218186,0.1575789101621206
train:4326,0.43278043699694,0.29682855754026594
train:4327,-0.7330636559982994,-0.5432229349557953
train:4328,36.53308185858809,16.021033196580564
train:4329,-0.0701243691252578,-0.16996816969997292
train:4330,1.1008205550357928,0.011838623911123045
train:4331,1.0646609783901457,-0.17805646698408467
train:4332,-8.061433580129513,-12.885205991653079
train:4333,-3.9309193726082827,-4.769773480191694
train:4334,0.030599321458695428,0.16156927567880414
train:4335,15.58655993752181,5.670338614763899
train:4336,-4.051397829365183,-0.10014797203159675
train:4337,1.4319487173173862,0.5070641375631519
train:4338,-0.6208290982736342,0.07733976555656139
train:4339,-0.17100380673017868,-0.30269267212184575
train:4340,8.648502508556383,3.79892295407274
train:4341,5.045937228128953,5.04300653398854
train:4342,1.485112381779099,-0.09359955553069199
train:4343,2.8697563986604457,0.23214957014289336
train:4344,-0.47504709714901383,-0.10304241720581261
train:4345,-0.7901667902575332,-0.10057909299943552
train:4346,-2.938707405127326,0.015002983337870646
train:4347,0.35229688539157616,-0.004535270557338988
train:4348,-4.9504895828425335,-5.6775447574178095
train:4349,3.475158551739706,0.11138576786454189
train:4350,19.137456259972335,5.783408148915376
train:4351,3.6380964359112755,0.03459958550437281
train:4352,2.3995740416435547,8.013387774797748
train:4353,1.0373480649937021,-0.024067532698528363
train:4354,-2.67472689766618,-5.686044488477979
train:4355,2.4601115139442458,-0.24071824836057076
train:4356,-1.7505008294200124,0.2120723437074803
train:4357,-0.10886097782231935,0.04789057986860078
train:4358,8.30688652784942,10.416702567410617
train:4359,10.111709971978627,9.32838205161361
train:4360,-2.271772626020863,0.12531117485086746
train:4361,-1.164746744181424,0.16007818489261932
train:4362,-2.4893605126423055,-5.848342844303157
train:4363,5.189842826338274,1.3953077177939976
train:4364,13.12016220130631,19.700414125461286
train:4365,-9.323243873363744,-7.21507106661643
train:4366,-1.8432814219346145,-1.5445570918075937
train:4367,0.4339180876247248,-0.12502088425617836
train:4368,0.9006412335684515,0.35827884548557815
train:4369,1.4412270555187345,0.16107780918833278
train:4370,-0.6095441805424455,0.1903179967896343
train:4371,-3.613383973467083,-11.226701032996237
train:4372,-0.7886441887838941,0.07513965054464572
train:4373,2.5768190331278062,-0.15983497236523225
train:4374,2.369671310992483,0.07947282998777415
train:4375,38.39645223510673,13.6224347703465
train:4376,-3.7357095434010117,-5.145468440770072
train:4377,0.714233668086496,-0.22830433265626093
train:4378,6.87674113502149,2.0333059766902815
train:4379,-0.40980025335909287,0.6682747760424372
train:4380,3.1193965572805533,-0.09085133768673248
train:4381,0.7007345856169237,0.12556910559535867
train:4382,-0.7105386849762902,-3.94412518356727
train:4383,-4.283629190372951,-0.15107074816331115
train:4384,-1.3012992233351484,-4.017602919082586
train:4385,-0.07809791922408163,0.1672157905388497
train:4386,-0.6159869931292214,-0.05032796396123029
train:4387,-10.51078468867098,-11.19804218819571
train:4388,0.8268466678262886,4.274187456351707
train:4389,0.39308354330940465,-0.0008400702565583007
train:4390,0.7988864744598683,3.306183358532873
train:4391,-16.561581558754835,-9.420554690134257
train:4392,-0.3720987812058657,-0.3707738345162463
train:4393,-0.4080091626179647,0.040864820297415255
train:4394,3.9405246064768518,1.3269843173442066
train:4395,6.586954973393683,2.2325965658716878
train:4396,2.306825295907867,1.975305369791729
train:4397,0.48041484975606047,0.02379645300584303
train:4398,-4.85892521184092,-7.212205296265025
train:4399,-2.1558882414660285,0.01660677616396039
train:4400,12.801383847954492,1.7946250259364422
train:4401,-11.622160096643743,-8.034787526760795
train:4402,-0.07691145236584437,-0.11621628704502548
train:4403,10.938870777425901,2.13675332452846
train:4404,-9.251720192170586,-3.071375137946338
train:4405,-4.474624319226244,-6.316148754113379
train:4406,-3.843031561134468,-0.3261221422707846
train:4407,-0.35169801358326347,-0.2246610608903225
train:4408,-0.687319593648894,-1.7783419235620201
train:4409,31.452013362529947,13.192224549118832
train:4410,7.062349741531706,13.58242697278836
train:4411,0.45335485092500927,0.08680188644103286
train:4412,1.6071585369082468,4.104751209558679
train:4413,-4.794843913667614,-1.7496441323603622
train:4414,-3.959017065023812,-8.40515039690438
train:4415,-14.929758186184669,-3.6369359439538718
train:4416,-37.849080665283864,-12.457006717203258
train:4417,4.757650887067242,1.3502962349857004
train:4418,-27.74836471923947,-13.058910935203112
train:4419,0.15090064503652478,0.11965481639493147
train:4420,21.610306107104222,12.028900968425924
train:4421,-0.27154734217793797,-0.6700147271001489
train:4422,-2.5044986581638824,0.03645774255470362
train:4423,-2.2525176450644544,0.13476473608673856
train:4424,0.45049805538145377,0.4924261398308454
train:4425,1.7855897627924953,0.11603080383834388
train:4426,-2.3832686639162532,-5.362186759823456
train:4427,3.591815162568652,-0.12209976151049134
train:4428,-1.855492918211441,0.14641869765614532
train:4429,-9.323283856181067,-0.1349857418351117
train:4430,-8.548331311828079,-8.318424037285409
train:4431,-3.5662098280236583,-10.285712612768277
train:4432,0.10350217739125837,0.14484828745959705
train:4433,0.8808069666773392,0.0618841787221093
train:4434,-1.2794190914715937,-7.179103993840905
train:4435,-2.5053210954178877,0.1679102633619599
train:4436,-2.9571376242473266,0.11180262275138003
train:4437,-0.25446840280851174,-0.39938888244810067
train:4438,2.0576698127186805,3.6442777800611554
train:4439,0.9802149436214759,0.06702695826202293
train:4440,-23.091355843375446,-7.805183512704411
train:4441,3.8394220089612907,10.204147090793214
train:4442,-5.2814440988186595,0.026657515550517444
train:4443,4.841662224926643,0.1569460668089331
train:4444,-1.005249009507318,4.680707994112985
train:4445,-1.429018986734084,0.08189406925519943
train:4446,-2.6076961693405787,-0.3548437578277136
train:4447,1.4320277531190713,0.20776769642635312
train:4448,1.7757307439070016,-0.06265357262414628
train:4449,0.9633008171443872,-0.06935806005119785
train:4450,-1.5680859666725953,-4.182955928171617
train:4451,-19.66554437017062,-14.75395189794578
train:4452,0.07019102779251754,0.005803643665430611
train:4453,-0.09099749189204856,1.469682361821822
train:4454,2.5664774309355534,0.07273182139336101
train:4455,7.810768572509569,12.554167799290447
train:4456,9.08070653565591,2.25105373614867
train:4457,-2.8500157530587256,0.02869499723902605
train:4458,2.269899769360595,2.3579452012620186
train:4459,-0.8872638998353423,0.08799838265455488
train:4460,2.55540195807883,-0.11318745538778377
train:4461,-2.2704280875592557,0.01940150143198191
train:4462,-0.8329809489468244,2.701067845699779
train:4463,2.9691253226202203,-0.03938074404459427
train:4464,-0.14219874388956882,0.11026302728979308
train:4465,-3.8144847593987765,0.08411158888593587
train:4466,4.458743064092015,12.935904159850965
train:4467,-1.4054147121025928,-3.670299171625163
train:4468,-3.0962596967887777,-2.7200657602655616
train:4469,-2.7385050702941998,0.060036435910908945
train:4470,-0.6114038464644476,1.9163864552591672
train:4471,-3.3834181504687955,-12.079219207863709
train:4472,2.274196527473381,-0.08485986898809195
train:4473,3.249469030529062,-0.2029116892682255
train:4474,-12.646529174789718,-9.710256567657094
train:4475,8.594971095158595,14.160689441353986
train:4476,2.3903786910339755,-0.06269351765094802
train:4477,2.7344566369634298,2.955560464669846
train:4478,1.410447492385439,4.851325187091244
train:4479,2.876669706725488,-0.0011978635680538613
train:4480,1.48712918947151,-0.3714360659962951
train:4481,-1.0912116018353806,-0.13627967538186797
train:4482,1.7736665147335793,0.5235961715395059
train:4483,0.607447234138576,-0.06749334060360676
train:4484,13.52511561381778,4.071616524505018
train:4485,4.044580585934792,1.0975639790807052
train:4486,-2.6223103539886314,-1.4088628371364231
train:4487,-0.15498464447805338,-0.1661154718649454
train:4488,1.5892662261561847,8.009154743243244
train:4489,-7.699260852320739,0.03464024383522458
train:4490,2.9205703752297087,4.393878734660432
train:4491,-3.328283705046241,-8.53459853333105
train:4492,-1.6371181604467515,0.25522410019653674
train:4493,8.848010258167642,1.3804598660101721
train:4494,10.437559704998858,7.996933276971633
train:4495,-0.1904547499831184,-1.0610993652187555
train:4496,3.7956445433244026,0.42035853509203647
train:4497,-5.949873119493451,-0.06610938808573658
train:4498,0.5512032655353072,-0.11553080185294567
train:4499,2.779883858731374,0.0595272794799968
train:4500,-3.7480656287032734,0.13333727202181647
train:4501,2.468863566689668,-0.3539238809247936
train:4502,-4.31111505270014,-8.25866970104945
train:4503,21.097555299757985,6.888598020173996
train:4504,-6.257168965609868,-2.0132590541654656
train:4505,16.906608458602417,12.928823618528739
train:4506,-0.44012106015525454,0.00481272167912751
train:4507,-1.8245378491067563,-0.38867805149364487
train:4508,-6.592991157136834,-0.5994140321402288
train:4509,-1.3619647801262174,0.11268169866263825
train:4510,0.27061059485115746,0.1462758941853291
train:4511,3.2845792906782196,5.041121699366737
train:4512,-1.9526288483153715,0.10046222964236688
train:4513,1.3126999646514097,1.8191641118656092
train:4514,1.4877675197992373,0.02495386015742336
train:4515,-1.7321317468171973,0.8539900478652731
train:4516,8.865170325462916,13.978246808512692
train:4517,0.8025671020068706,-0.032865995494850975
train:4518,3.765417533428182,3.4988017016302893
train:4519,2.8865452301460395,11.206376943540636
train:4520,-1.4554318218242783,-0.1787204103938535
train:4521,-3.459040535354046,0.1026654831921027
train:4522,-5.676599861420061,-0.06960486325250856
train:4523,0.6329544119247557,-0.07038664449134258
train:4524,3.5178011562476925,0.42071718436839206
train:4525,-0.4749343549024925,0.06768562322182158
train:4526,5.654563112084005,13.058641531774944
train:4527,-30.06162919494067,-8.412191563843047
train:4528,-0.08885480806254187,-0.03587742253327192
train:4529,19.866374634092086,8.484556485221438
train:4530,7.975008687743021,3.5361134952009317
train:4531,4.016083297804274,3.1435337717934604
train:4532,5.038144298082805,10.929505408626516
train:4533,-7.7642757027868905,-3.223862424545769
train:4534,-7.822587387437185,-3.2400783934975546
train:4535,8.245710957679243,0.6514875932073871
train:4536,-0.24635607514025848,0.16618435288250483
train:4537,13.137173495327824,3.260149283038451
train:4538,-0.8529326072492632,0.32314248660672024
train:4539,2.6839727510953217,-0.22569563708448753
train:4540,-3.1164751951939005,0.05153242502643914
train:4541,1.9538686074920544,0.24990984236299568
train:4542,-6.4123422796405976,-6.088755982612091
train:4543,1.4699468061851726,0.08820238761286375
train:4544,2.4240298108090825,4.140830984374108
train:4545,-0.9914479637836607,0.08745527295086127
train:4546,2.0286601866266505,0.13937325089317895
train:4547,0.1794511661040606,0.13537475371032506
train:4548,-34.10329321387345,-15.469516836493778
train:4549,1.7189235289876064,0.3215234290739598
train:4550,0.7086874469323653,0.09325928534515365
train:4551,-1.0885002089211016,0.12831190232853795
train:4552,-1.0919271082988709,0.02914095493110544
train:4553,0.2679312811740331,0.2838869394997432
train:4554,12.402475279522491,6.405510855039148
train:4555,-0.25947241511725877,-0.08227685236211962
train:4556,-2.702598640672185,0.060101489240271776
train:4557,-32.889321896649754,-9.931264411945744
train:4558,1.4834823845984642,0.06652522019323112
train:4559,-14.185837887072127,-4.768442169512716
train:4560,-24.388145522769573,-7.370560507301631
train:4561,2.2303737324796438,3.1450114524635047
train:4562,-4.884628584381871,0.04492637355829188
train:4563,2.4791833178073373,0.05021423914198182
train:4564,-4.231381876294304,-1.5154010740841959
train:4565,-0.3962316658756858,-0.07338352012714289
train:4566,-8.063448528156002,-5.020798300192131
train:4567,0.5131547332293862,-0.10761369754084141
train:4568,-6.045011768397152,-12.38393927417752
train:4569,0.7684492060853414,-0.058926701623544214
train:4570,-3.485140946569344,-0.3079251853112533
train:4571,0.6057572627319567,1.8423731710630886
train:4572,-2.9298312196816103,-4.941155905754827
train:4573,-5.279467273943571,0.016192489171702365
train:4574,5.486239170485837,2.609924707403016
train:4575,-4.55754310335647,-6.032984736191506
train:4576,0.912651421009221,-0.016219190896847063
train:4577,-0.7456903226922125,0.04284381105382132
train:4578,2.561656247032763,-0.7652081484537985
train:4579,7.8356127793945545,4.003462890419135
train:4580,-23.781210075137622,-7.398492352614365
train:4581,2.1665032739302443,0.29092140138033906
train:4582,0.03723646913432059,-0.10271586661170842
train:4583,11.521016878317564,3.8349000131049644
train:4584,-30.561979749919,-11.475401052436812
train:4585,0.9105239631944507,2.5282782139067455
train:4586,-13.348173688497388,-4.3380188130349
train:4587,3.83179505409868,-0.2308461203081415
train:4588,9.740967903601268,2.4036856808094473
train:4589,-0.22887754005584215,0.11719406008313447
train:4590,-0.9318335831550034,0.22888748806129153
train:4591,0.30359246735258383,1.2906734320165676
train:4592,-20.59748433266125,-7.783190351590615
train:4593,-1.0926495885095684,0.01890760970774044
train:4594,0.7634313625112994,0.04260157299843078
train:4595,0.1798847007221273,0.1879904856743831
train:4596,15.614641822777001,3.998725980883689
train:4597,-2.9800459189075084,-0.027527913306038834
train:4598,0.01757468625747388,-1.4067175038755497
train:4599,-0.2844640005265633,-0.2732216593299542
train:4600,6.887910288549034,0.5789415754422225
train:4601,-3.010469588474981,-3.3900619828813765
train:4602,0.04721078730697836,-3.942444353903777
train:4603,1.5455347872508662,0.15571219346318946
train:4604,0.12317907005372136,0.018301015943594054
train:4605,14.820243681710599,16.335855930815775
train:4606,-0.27904981565289466,0.11756512084996061
train:4607,-5.939173531611212,-14.72563087394335
train:4608,-0.009072001822412384,-0.04287108342220605
train:4609,4.265250403905472,2.721364484460982
train:4610,-9.988889903986259,-4.111199823311456
train:4611,-2.499280900503225,0.2934121164622374
train:4612,-1.1790973211850329,-3.62125923286391
train:4613,-0.877677322007422,0.14534217918383852
train:4614,-15.116531873395019,-9.44476651216527
train:4615,-13.41842907753174,-1.9751218251481273
train:4616,0.5926124466205258,-0.23869246485848267
train:4617,1.1278617247493838,-0.08792308190054515
train:4618,8.974808789560466,0.8238549490028027
train:4619,1.8820187873878251,0.27620222964713903
train:4620,-2.355021500852244,-7.260599266878569
train:4621,0.613970825963839,0.6697189314221301
train:4622,6.25556715525773,10.980964874725474
train:4623,-1.1321865509278117,0.06904461009794068
train:4624,-7.947385848130896,-6.360862646472004
train:4625,0.21592270170812372,-0.028763498581502567
train:4626,6.293970186380033,0.5638832989636378
train:4627,-0.382251859765276,-0.04339892841922899
train:4628,6.717166921586341,13.85215177176441
train:4629,-10.120067018792437,-7.583089734329993
train:4630,0.3876412309886658,0.13329475910043462
train:4631,-3.6145974054811894,-1.291326593023652
train:4632,-8.76426549052838,-6.245733660867277
train:4633,-1.4925209989726866,0.09821446591990914
train:4634,-12.0654477326384,-6.667981126323639
train:4635,8.949974810838052,0.27200643256404655
train:4636,-0.3162521999643046,-0.09838382845506005
train:4637,1.3689776396995152,0.013727310374795174
train:4638,-2.651287203468786,-0.08383499372900738
train:4639,10.78887942248683,9.845568574199381
train:4640,-0.11332580324280589,-0.08608133084336506
train:4641,1.6508425543325544,0.30653213184567296
train:4642,-4.122747631794635,-3.2800328359127517
train:4643,5.449746946098392,12.037627244852384
train:4644,4.032396752188555,6.117464984198863
train:4645,33.23324973393744,10.14103394844647
train:4646,-1.0022010170611568,0.1914992282964857
train:4647,-1.6871666520308706,2.056114016350833
train:4648,-7.981899387977331,-0.010566113639541241
train:4649,-0.3347313515438781,0.12177047620732348
train:4650,-0.8284259297291208,-1.087264071077943
train:4651,-1.3116687205162316,-2.6052300852862076
train:4652,-6.188793698822659,-0.2075835633069099
train:4653,8.70590388673786,7.559337790931563
train:4654,-1.3666374232134877,-3.0327965163828408
train:4655,0.9562573324648046,0.026051777751231103
train:4656,-1.1391012537422958,0.1557664045709918
train:4657,2.4884986168688856,5.870331380452156
train:4658,-38.20161009545409,-16.458144836971968
train:4659,6.807403491119645,11.047662797906055
train:4660,-2.6753605788291024,0.12205337259356579
train:4661,7.776977512873832,6.10291358157823
train:4662,0.06628910000079695,-3.112535634849328
train:4663,-12.134820710192763,-5.353934117286217
train:4664,-36.385040071528564,-15.624165719686424
train:4665,4.998570607262602,0.2548129517420989
train:4666,8.31006376707716,4.777208331147101
train:4667,0.16049047727980864,4.565473439508853
train:4668,-6.390207606003969,-10.026914490552224
train:4669,0.1699966245566024,-0.1657916318262313
train:4670,-9.098070874362936,-9.698762671516514
train:4671,1.3401174842559658,0.1567547586627148
train:4672,0.5834426664173742,-0.34594600310762663
train:4673,0.39640676631202226,-0.18605859713895262
train:4674,7.9957132782856295,0.9262982500601575
train:4675,-0.39481901714968504,-0.030634209783113917
train:4676,3.707244393889076,9.254273755318069
train:4677,0.10177710479036126,0.13355925224218612
train:4678,0.1306242425724564,0.03759317994154299
train:4679,3.1388147239216178,0.3810500786571484
train:4680,-1.4163837190852817,0.018674501944190305
train:4681,0.9482584444177934,3.802504596368756
train:4682,-12.037474637839646,-6.42814490833037
train:4683,-1.8209203339719822,-9.272948115166757
train:4684,-1.0199164270923884,0.03211857135755492
train:4685,1.4887875465574552,-0.10328080341933299
train:4686,-1.9221916961699645,-4.322332686331477
train:4687,3.7371659536576076,0.09649754307148448
train:4688,1.5515182623549078,0.051719310687547274
train:4689,-6.980337252698788,-9.021980359490323
train:4690,-3.6049499235943236,0.03567482002938957
train:4691,-5.852703715402924,0.040375208397473966
train:4692,15.521405612111508,10.980381677334169
train:4693,6.182287949434202,0.1586940897139391
train:4694,-0.5807537625709714,0.02359259070834417
train:4695,4.030316250938316,0.5187129633433984
train:4696,1.1138854055125775,-0.22664846863451893
train:4697,1.5702878705056738,0.10660463347799398
train:4698,1.4569017146588088,-0.1912711378149593
train:4699,-15.082168966488265,-4.791934410418058
train:4700,30.42454794062384,11.505241068925313
train:4701,1.9352231320415818,0.31347807269366
train:4702,-0.45672729569313186,-0.11950447605485848
train:4703,-3.126149177320155,-2.3390812221737742
train:4704,-1.8958871866197269,0.12514511766802022
train:4705,-5.88280612768237,-0.11848102740387398
train:4706,12.29821403943841,3.6237742831254436
train:4707,-4.453836973550106,-11.009188949195979
train:4708,21.94766996168053,5.682375763268983
train:4709,33.65563565480176,14.59658669311174
train:4710,-1.6306725583610926,-1.5689632178618351
train:4711,3.424859702630837,7.036467661675146
train:4712,-2.1351996905419965,-4.6051389109418555
train:4713,-0.4579560699510946,-2.604931638871675
train:4714,-1.2703743738016966,-0.26070117600056975
train:4715,0.48289750376193313,0.639342593129939
train:4716,-3.141405876544259,-0.04880377586712403
train:4717,0.012323687068460959,-0.14739494973269132
train:4718,-1.2926478250077547,0.19295950434770917
train:4719,0.5756446222899392,0.19258872890250306
train:4720,-0.6188583173127926,-0.05855178901484792
train:4721,-0.4530742144475991,-1.1552475821478945
train:4722,-1.2639001793524867,-0.30366704545418816
train:4723,0.26507553169255876,-0.027646749760773998
train:4724,4.1749533952297035,11.394717744910826
train:4725,-8.859753756625418,-7.251090067926795
train:4726,0.17367399768824124,0.07852413560123289
train:4727,-0.4493674353485686,-0.01923660968928828
train:4728,-10.58514250072927,-7.852569727356071
train:4729,-1.9502247651947036,-0.0358701468319616
train:4730,0.05289276407341524,-0.2800127418686795
train:4731,2.28112517778228,1.2545670509600726
train:4732,-9.409699742077617,-8.41937425030524
train:4733,-2.8181908252190246,-1.3552377799415711
train:4734,1.4866342858780173,-0.16643389079287924
train:4735,14.678817018175307,7.561385829520012
train:4736,-11.75700726214699,-4.572385130250911
train:4737,0.8564874180405981,4.37727986409459
train:4738,8.031893078798179,2.8247182468077963
train:4739,-0.7088675426871313,-1.071508611220858
train:4740,12.548203350335374,17.96726218329032
train:4741,6.580730671552742,4.456269157343685
train:4742,3.093627631515852,0.08675823223317096
train:4743,0.47114627480080246,0.36831617475599465
train:4744,-0.21349484846552202,0.08129632046127344
train:4745,-0.1838603746236993,0.0010556065868041337
train:4746,-12.866944218529083,-4.574516482752403
train:4747,18.93438074128972,7.41095399987115
train:4748,7.54056190354156,0.12147816420762077
train:4749,-8.135892743980552,-5.122318015165505
train:4750,-2.934397164436606,-0.08761892905361193
train:4751,-2.3201509051487843,-10.085745526025821
train:4752,-0.40830206000068003,-0.1684127388884753
train:4753,11.438746187761158,4.095621773683142
train:4754,-2.2168878407483374,-0.022640353955226303
train:4755,-6.921533686412124,-0.02607962076285586
train:4756,0.9108977560447731,2.777276965083473
train:4757,-3.778620172260007,-7.72100792836835
train:4758,0.17036344365971728,-0.4911153607969794
train:4759,-8.170552267601863,-9.30977001151584
train:4760,4.3877363700251735,8.44275173210046
train:4761,0.6230921386238985,1.6196953393325053
train:4762,2.8262662514085064,0.6974685988804867
train:4763,8.641634762306431,0.0632020792849466
train:4764,-0.06743924399212714,0.48270302099446755
train:4765,8.198986851388941,1.8340248031223356
train:4766,-24.111975835022665,-14.517414568523096
train:4767,-0.8475484094885869,-0.020712435768802454
train:4768,-3.1009720902351305,-9.46459237025345
train:4769,0.28836807982387413,-0.1985248693605347
train:4770,0.905705103874063,-0.1686268727642946
train:4771,-0.31035485063827584,-0.04433563929772974
train:4772,0.6895835638321193,-0.266893083137269
train:4773,-8.869333825622611,-3.5533566818036375
train:4774,1.0175500615880688,0.23362553888321755
train:4775,-0.9014166548764982,-0.36296329782921666
train:4776,2.322404182252958,1.134214967779399
train:4777,9.592607475675793,1.8280864042450173
train:4778,-0.14414883606702816,0.03447532793885741
train:4779,1.0626118590023395,2.60610539219753
train:4780,7.081389931074122,0.744522413844833
train:4781,11.61475798828088,2.3795954057885598
train:4782,11.873071163844726,1.849881266832905
train:4783,0.15473202175232942,-0.01952749508089094
train:4784,0.4965381532998179,-0.03352109393439945
train:4785,0.9107417765655652,4.454738977495558
train:4786,-3.5189148042953033,-1.4184679041525208
train:4787,-1.3471885720847103,0.24900580080998638
train:4788,3.8675766536456804,5.66393656825406
train:4789,-7.322738942257797,-2.7809522526897292
train:4790,5.810552819454494,0.2160154884960518
train:4791,12.109947970325653,2.4494215952109566
train:4792,5.000829171524873,1.6445604052125367
train:4793,11.589539058712612,10.327719884420588
train:4794,3.4608881728289833,2.540523647194438
train:4795,2.9958584851654795,0.5215441384483765
train:4796,-3.2733877617781832,-0.10619907294881989
train:4797,3.1048813998428475,1.917876547419682
train:4798,-19.146991405147734,-4.600261052526123
train:4799,0.6822406729390943,0.14543576467520258
train:4800,0.4597873191200941,0.4539173507338458
train:4801,-8.491442271608115,-4.1918331397350626
train:4802,8.317369464651746,10.03248619132895
train:4803,0.5466294172001431,0.19573254517260974
train:4804,26.062920961146926,12.707597788522397
train:4805,10.123262216686104,5.605683594382608
train:4806,2.932531746440026,1.7699571172958395
train:4807,1.1816616274146616,1.620772000465622
train:4808,0.6645571096867772,0.008159544281873057
train:4809,-0.014472820347266602,-0.1240903077925079
train:4810,5.21443644324027,7.23411337171718
train:4811,2.865361310712034,4.249362478159287
train:4812,0.08478417496982767,-0.03992299778342784
train:4813,1.4028728406268844,0.07855751823077434
train:4814,0.09441538477987607,0.16106254448166213
train:4815,0.3231863724232775,0.09016297512477901
train:4816,0.5799376610708808,-0.09848083780586425
train:4817,-14.462347893682763,-4.863829181585545
train:4818,3.9147389437188527,-0.1708729245570323
train:4819,-1.98680137192336,0.09677216513074642
train:4820,-0.7234596438023603,-0.16424718589710413
train:4821,-4.628095109105382,-7.3227582937279925
train:4822,0.018543572202836922,0.037180747539815054
train:4823,1.8400821585554787,0.1822461054986733
train:4824,7.496316731925289,8.579660458247213
train:4825,2.217842606122473,-0.10494009130051515
train:4826,2.331903820699025,1.2613261774773565
train:4827,1.6889759338961663,0.27676388525613344
train:4828,-5.960362565126503,-2.1856423879716016
train:4829,-6.342355612331974,-2.4657226498243814
train:4830,0.9725775281380539,5.57424799957612
train:4831,-0.4623530175654281,-0.13335484345512078
train:4832,1.9659606202333917,0.04584168531529168
train:4833,-2.678169604204286,-5.032024564653138
train:4834,0.025365291721220776,0.18413750251773553
train:4835,-3.1064962278564376,-0.30364479036782716
train:4836,-11.347530212280251,-5.566822849555795
train:4837,0.46584738921429797,0.0007420381264104936
train:4838,2.2415914697794,-0.035830629787589885
train:4839,0.4214597206967528,0.05442587157498497
train:4840,18.112086681560324,8.992824424608859
train:4841,-0.14934474265310177,0.1707574878080637
train:4842,0.2612536857646044,-0.059697640640817756
train:4843,2.77339641416247,-1.341115215715817
train:4844,1.6078405693851407,-0.09402682465666057
train:4845,3.0374320142265554,0.09122565549851522
train:4846,7.752929243003463,2.481036657316431
train:4847,-6.470085836351721,-1.1698988473355316
train:4848,-0.7030191258206752,-0.16028749245457197
train:4849,0.10194877520078607,0.02299826577385833
train:4850,1.0799630069710988,-0.052254241548339075
train:4851,-22.78249136905382,-14.373367095443632
train:4852,10.02983910959545,3.2523831138633335
train:4853,-0.26582422030297675,0.014698402508507402
train:4854,-0.822166294235662,-0.11658934506319171
train:4855,-6.678173154694136,-3.025852929438219
train:4856,0.2510243609023921,0.44180295140014403
train:4857,-5.167787826496624,-2.194614896956132
train:4858,-0.881026115416467,0.031305404740519564
train:4859,0.5795592190557535,-0.18058427387658454
train:4860,4.353019196760279,-0.025479018752729732
train:4861,-7.929903128798156,-8.973240008430084
train:4862,-1.4844916588962027,0.19588176837987625
train:4863,-0.21491191389808756,0.0621372589990603
train:4864,0.11180023919347157,0.16754333975862395
train:4865,0.12465378512986895,-0.11095196049498657
train:4866,9.289965443529185,6.226743164663615
train:4867,-1.6390519805473933,-4.621904124012164
train:4868,-1.0883997869613133,-3.112070845930328
train:4869,0.04277060245995831,0.14547842025739444
train:4870,2.9469230036356784,5.711204659755036
train:4871,15.728365043072229,8.26269838250515
train:4872,-0.316155962252841,-0.12568910749024742
train:4873,-3.3785379221729817,0.2660577621084079
train:4874,-2.3024843113480054,-1.8258298553712151
train:4875,3.9109982257167455,0.6615197866886435
train:4876,-0.7063904676790246,-0.4135444013209662
train:4877,-3.5965786374464317,0.0697213929806101
train:4878,0.09404252176251465,0.14370842758764746
train:4879,2.866752573279932,3.9289480108150743
train:4880,-0.30403268387818977,0.12976647194736118
train:4881,-8.095647713762506,-9.307489150485459
train:4882,3.7436213189893572,4.8645897892056205
train:4883,-5.249077543279175,-9.330716612927429
train:4884,-9.550642892473189,-1.426202973271057
train:4885,4.128090743828214,7.982993033261066
train:4886,-9.988116282962707,-3.666237618364286
train:4887,0.17761637321376536,0.21177040210310216
train:4888,-8.94444480237931,-0.09521875572426242
train:4889,-0.2867540628803886,0.021239115325671826
train:4890,-0.45952330340686187,0.03137901771848276
train:4891,-7.945356952609991,-5.773659339621669
train:4892,-2.422161019634282,-4.107224437179823
train:4893,-1.47345407673264,0.07758856600921221
train:4894,-0.1857509574916546,0.02252120802519758
train:4895,-1.5434165683842775,4.988635646078975
train:4896,0.4068385623014925,-0.004932723574016265
train:4897,7.002868327016471,2.26715029800248
train:4898,-0.2112400035350946,0.14420488720646907
train:4899,-2.2920192738301792,0.0860278088859392
train:4900,9.96115606809815,5.732361828522197
train:4901,-1.259559719090534,0.09042404440709037
train:4902,8.098739700197502,5.201074711475413
train:4903,-0.041276069051961406,0.06516666129954204
train:4904,13.702612357576223,5.7502680427509345
train:4905,9.936000367171228,1.5734568308973447
train:4906,0.3979062381907565,-0.32962489313886695
train:4907,-3.3287588496893123,0.005431298951314417
train:4908,-5.137470622803186,0.09008337039279556
train:4909,0.04900397017226879,-0.23506317385192488
train:4910,-0.13395902910565843,0.07724846263815742
train:4911,3.1716201606186942,0.3560029775835492
train:4912,-3.0796984419203888,-3.1389221782680754
train:4913,-9.635688204585223,-1.2047137914094455
train:4914,-7.546353541215968,-4.152163448296637
train:4915,-0.7650289886151114,0.13989367752808157
train:4916,-0.8826444896850892,-0.16037936601621594
train:4917,-4.862841668272656,-0.10368681608461064
train:4918,1.7772886790331586,-0.2984938791617432
train:4919,-0.3031760752628676,0.04012926116102327
train:4920,2.729299550903478,10.782803303194457
train:4921,-0.8030979772461742,-0.11218768843126031
train:4922,0.5158828631369632,0.42610419921503634
train:4923,-8.035906875851152,-2.3881670977158485
train:4924,-4.926811386490643,0.0709354364737629
train:4925,-0.32315051447285087,-0.06534030365899313
train:4926,7.8082106020338555,3.8094185098648965
train:4927,1.9352461454073664,1.5953652514899972
train:4928,3.259094661341344,2.639315687480494
train:4929,2.799466605806536,-0.09593776620669367
train:4930,0.14611874657633686,-0.16000702130209976
train:4931,27.866101390434043,11.017969947554604
train:4932,2.6679208122313214,5.936936859427853
train:4933,0.4223026142759002,0.23332851907678465
train:4934,-3.8773256604021076,-0.09212929322276805
train:4935,1.30235231854491,-0.2755065148630136
train:4936,-6.437853176758622,-1.1751536156113
train:4937,-1.7164712676297782,0.048234107099095716
train:4938,1.5848344098058136,-0.6938514225312504
train:4939,-3.069615333291294,0.2857757686242253
train:4940,0.16678358675986343,0.05133897696807073
train:4941,-1.4551626351820688,0.010972102151145358
train:4942,1.0104489272649042,-0.19856595567381652
train:4943,5.8517481389586825,8.35328514364289
train:4944,-2.8220138334381804,-0.04561330951214529
train:4945,-0.1251556030891412,0.018636554168728656
train:4946,4.138503013325503,0.09166975860006454
train:4947,-0.47597251340345015,-0.9782137199267711
train:4948,-0.1556412227776402,-0.5659789034206948
train:4949,-6.352441510459952,-0.6045720763868132
train:4950,2.9615690350626456,8.870682233584228
train:4951,-3.408165654725837,-0.0469269302506824
train:4952,7.885336526817045,12.835897790750137
train:4953,14.233346134388219,9.617377472805298
train:4954,-7.970774866431915,-3.027653879503737
train:4955,2.449863824881054,-0.13417143393159628
train:4956,-2.8797290302439933,-0.02469295768959555
train:4957,10.449210512000201,2.206483075243292
train:4958,-0.1943372675117781,-0.056065211096439804
train:4959,-3.0817194338611245,-0.01925273036081898
train:4960,0.7463989147899233,-0.03146035853385984
train:4961,-0.05991015404866176,0.0531042618310875
train:4962,1.4897843274916482,-0.189378314187797
train:4963,0.6468196161227221,-0.013907229809886526
train:4964,0.482989324766832,0.5992628231931512
train:4965,-0.2887597125772678,-0.7495117501720558
train:4966,0.7897630696756466,0.11765342789135445
train:4967,-13.78461124506835,-6.28717776746056
train:4968,-8.107452873035374,-2.9752374446912575
train:4969,0.706298008680833,0.04317178825602558
train:4970,-0.14909368775363152,0.16732135953825428
train:4971,0.6127024175759135,1.3057324217992026
train:4972,12.947902276784227,2.8711677505809563
train:4973,-4.455254038982671,-0.059652845146475814
train:4974,-0.6012621583588096,0.21010248324291464
train:4975,-0.16811318851266682,-0.06545714286238821
train:4976,7.192535654401456,0.5985002298332631
train:4977,-12.349668843994616,-8.331353671817892
train:4978,0.9410750198775801,-0.15651782321096802
train:4979,-3.161719007410287,0.07139195106578275
train:4980,3.206845487596776,0.14245700696227304
train:4981,6.995126537783177,2.5266684293266355
train:4982,-1.909354654768625,-1.0948664656431737
train:4983,-0.013956414366550651,0.15082919925829713
train:4984,-3.5413800335495678,-2.338040368903969
train:4985,-0.2050952024123195,-0.609006687665856
train:4986,1.7333638348719518,1.6642123597733212
train:4987,-0.7525734111860224,0.06735778868042731
train:4988,-4.354069616166543,-2.956532329926484
train:4989,-0.0047829148315550185,-0.5382186790623977
train:4990,-1.378345647400172,0.11319784547324069
train:4991,-0.885137371853533,0.12349966788540867
train:4992,-5.484877603191264,-0.7292707491267558
train:4993,18.760254642014903,6.460914036569918
train:4994,-12.132492408458416,-13.69978552135074
train:4995,1.6320548144390483,-0.09710815549198457
train:4996,-1.2479444781999498,-0.10615841461796813
train:4997,-2.2479626258467507,-4.720662781668679
train:4998,6.800240057988093,11.034483221634442
train:4999,-13.861892451956027,-4.102534605711679
train:5000,0.5497557480732688,-0.20657179500974465
train:5001,-10.766735158680921,0.08809239612834897
train:5002,3.6859479646667896,3.925422576878201
train:5003,-0.8447593755220644,0.15893946630714978
train:5004,-1.3552465045247448,-0.07821900828230316
train:5005,2.997875525316131,1.4379112287902003
train:5006,0.5647088568356065,0.02299740980899828
train:5007,0.8668724899237781,-0.21750162814016116
train:5008,2.085494831618395,0.09092506917183216
train:5009,6.899872589592312,0.9985121534596277
train:5010,0.18041633271757965,0.15363505206949912
train:5011,0.16265536087125923,-0.08127822669207618
train:5012,-1.977962147337844,-2.053696260761724
train:5013,0.8559953039459883,-0.020638252147599234
train:5014,0.06646727924194877,0.018992207568074113
train:5015,6.351009859539678,2.009454801186964
train:5016,0.3755887361481708,-0.03962954449724507
train:5017,6.542830680062341,5.57861056714611
train:5018,-1.0012195783708204,0.08200249147080416
train:5019,-0.10004895085091284,0.042382445994261254
train:5020,-4.656905053569037,-2.1509384340078728
train:5021,8.470822587704625,5.378550465555531
train:5022,4.820623824351035,-0.12408303209119759
train:5023,11.522255415821618,3.2321289880235127
train:5024,-9.63346497397547,-2.6268434833237677
train:5025,28.524198107246193,9.928457928672426
train:5026,0.5067584122906603,-0.018936879327465253
train:5027,-1.5178226836744848,0.7750200138255292
train:5028,-19.94250999493214,-8.440631281639403
train:5029,-1.0283177003532726,0.08840938844818276
train:5030,-16.98631065868087,-8.884953510192885
train:5031,-1.5843150387156668,0.04389579186680706
train:5032,-0.22705344024459845,0.07657239305953802
train:5033,-0.9089585300231774,4.447453575250162
train:5034,1.0440533229337206,0.7113584833251207
train:5035,-0.13226673311663661,-0.19976844364135882
train:5036,-1.2135504218890034,-0.1783298050960565
train:5037,-0.7129132459004466,-0.3800924386258515
train:5038,-9.442865024130601,-15.52680485264635
train:5039,-10.783566065108001,-6.911212671595056
train:5040,1.444133132209223,4.211879491616637
train:5041,26.372951446001647,7.784568965839638
train:5042,-7.096291142267457,-15.55646232311692
train:5043,0.3210342740350407,-0.005337737613623883
train:5044,16.224172434203105,8.944363118092992
train:5045,6.645976120593222,12.518940850797234
train:5046,-0.8203910106548709,-0.7117029263393517
train:5047,-2.8779614177851305,-4.099008030488326
train:5048,6.502130031693405,0.3432740668107457
train:5049,4.238002578816299,0.44290022702030674
train:5050,-0.7198865281914736,-0.0197061064150187
train:5051,6.1490427017465725,2.6186273021350144
train:5052,4.09479528516069,-0.06610368165333633
train:5053,2.560011372524752,-0.07978499599374125
train:5054,-0.8335074668609913,0.017699272646987896
train:5055,3.204140603513224,-0.2946702841319569
train:5056,2.289965099742516,-0.3980976594567345
train:5057,-4.003680661472534,-5.144406473700386
train:5058,-12.891015734223478,-6.532843106150683
train:5059,-0.5426017863481393,0.11185854578890246
train:5060,-0.6732158872964308,0.2165909822036168
train:5061,-0.6955839490062709,-0.061524554973757195
train:5062,-0.09654092354729629,0.05481219704848177
train:5063,2.8650598123744295,-0.39680172865863816
train:5064,1.2987580492341606,0.2493563184201716
train:5065,9.800997919563493,13.081151125020963
train:5066,1.0025804482906733,0.38507582405471347
train:5067,-5.69107178162508,-7.05986523562152
train:5068,3.8886892083999287,-0.08891257727874818
train:5069,-0.752416966790334,-0.0017592338554282688
train:5070,-2.781664661928503,-3.1385107444920175
train:5071,-0.26222983476310724,0.031445782977565666
train:5072,-0.9652685167666776,0.04611416746240353
train:5073,7.265837176216047,0.09706918493717934
train:5074,22.150773375351978,11.495467091510168
train:5075,14.103818543254858,4.883050668663664
train:5076,3.6344719470292937,0.2955220698422292
train:5077,-0.5128276051039261,0.018293026938233717
train:5078,6.1435371607844855,1.4358673273652414
train:5079,13.496512092271468,5.301606072357065
train:5080,8.865482749337813,5.854631272989353
train:5081,3.262879778867339,1.1799463170349875
train:5082,-1.852698770163633,1.0051908192800683
train:5083,-5.645890268217081,-4.207953525944143
train:5084,-2.785872620993513,-0.44316249740797414
train:5085,10.824507832053504,5.988516160607215
train:5086,3.652440969000638,2.169320076897486
train:5087,2.3425996892494196,3.9437171138317764
train:5088,7.507866187133882,1.692332945337694
train:5089,1.3663899145690492,6.881158544253792
train:5090,33.57277266064919,14.760824665309764
train:5091,2.579003675669678,0.03751457383522957
train:5092,2.327327182864978,0.0469184891092185
train:5093,0.5375368131327546,-0.09085247897321252
train:5094,2.4585066222535583,-0.04815780771941594
train:5095,0.5679453729146107,0.2376189002769112
train:5096,1.6436723799120352,-0.1026328380202848
train:5097,-1.0213969536245422,-4.288486979800745
train:5098,1.6410958127771016,7.57558628654803
train:5099,-20.484072606407956,-11.435416080608274
train:5100,-3.3528461725440435,0.29134867050630764
train:5101,-0.003546934368144433,-0.14934483768385612
train:5102,13.595569987105787,2.050797618605142
train:5103,-11.81647379933485,-12.274581203659165
train:5104,-8.631334710757756,-7.50208121997607
train:5105,-8.927926319827128,-5.198509159287139
train:5106,3.4748033555486035,0.10859275452624044
train:5107,-0.383302571011207,-2.123420447704966
train:5108,1.8279506279132987,0.04301785724202888
train:5109,1.8762842750590916,0.19777288007731847
train:5110,-7.050639133381191,-3.2401203357756962
train:5111,1.2808978177192536,-0.17818058188879005
train:5112,-0.32997269890771525,0.04439510470182877
train:5113,-4.262794423215801,-0.956964820258777
train:5114,1.0300821177782,-0.2264630095815109
train:5115,4.216590385390368,8.281989547877428
train:5116,0.3351200811030046,-0.10477075291903779
train:5117,-2.574862372738192,0.15552530780208135
train:5118,0.704006435348446,0.44995580270078356
train:5119,-5.06624634782347,-5.054094191961099
train:5120,0.022326132688189004,0.05210535083942406
train:5121,0.4213021140098631,0.0018488006904386206
train:5122,-10.169110128487475,-5.858503147191798
train:5123,-1.0189096504538644,-0.44280955456401877
train:5124,-2.3950547616134212,-0.07258790078973829
train:5125,-0.056698046084883796,0.23306659382961326
train:5126,0.33797687664656006,-0.5003592106421413
train:5127,10.580294643510278,0.47709559519636374
train:5128,7.300542261652449,0.28912886830261114
train:5129,3.4747159512502694,7.6657713148447915
train:5130,3.1210900155607764,8.113287433612692
train:5131,-4.377630653565347,-1.4928401229465749
train:5132,-23.450554035541977,-10.402527849147278
train:5133,0.8309363056470113,-0.13356084566476972
train:5134,-4.260436366826703,0.006878164886397337
train:5135,11.690741148355,1.922779228816355
train:5136,-1.624856220731791,-2.8651706352687913
train:5137,2.143250476158012,8.548863983869554
train:5138,-28.204840176120005,-18.266773477928055
train:5139,-0.9033560539749063,0.30144049620614655
train:5140,19.903008193089605,6.694423532961032
train:5141,0.3302017296557898,-0.06167235157292361
train:5142,0.2933636074068521,0.15566140621482724
train:5143,9.887492841261729,1.8140240428810859
train:5144,1.4295062785870765,5.177247502988177
train:5145,3.0020081679113,8.82428950881345
train:5146,-0.7724985692490727,-0.00978233514936716
train:5147,4.96770201262329,10.723481514534438
train:5148,-3.3056404127799444,0.058846359433837196
train:5149,-0.3050768862933939,-0.270480146544065
train:5150,-3.1849504190244167,-0.06541234736804627
train:5151,-14.7025218878434,-14.154058626723774
train:5152,-0.751262346711011,-3.063382138083311
train:5153,3.466527144820974,0.2726125983457629
train:5154,0.6550714187351254,-0.0661307872072375
train:5155,3.6188526129503984,2.197899031644409
train:5156,-1.210518469061419,-0.016092793419181572
train:5157,-3.7360475376823357,0.08948847481506968
train:5158,-0.1871180444025663,0.016380516119290547
train:5159,-1.8432635226501155,-0.4268187043704234
train:5160,-8.351159302614855,0.08919544951131694
train:5161,4.0471060122568705,0.03057284148113771
train:5162,11.203671397558649,17.731938041395924
train:5163,0.9739169525183758,1.3863421991891578
train:5164,-0.7923558495059698,-0.014500841440322348
train:5165,-2.28417985213598,-6.2618988425707
train:5166,0.20200949488354558,0.3241368324524635
train:5167,3.0942078472835166,-0.6437664220062975
train:5168,-21.747153981299878,-5.939609812183005
train:5169,-0.8747920503294359,0.15681324959481735
train:5170,-2.827468233587412,-0.03015173092367293
train:5171,-0.558999390615392,0.009312814269963207
train:5172,-0.3266418047831694,-1.5136215231401786
train:5173,10.669797574837352,6.449825867772995
train:5174,7.47081048397207,3.8659561301568353
train:5175,0.11108659239590331,0.049582109092844336
train:5176,4.38966577341925,-0.1054058788451854
train:5177,-0.9109269864016166,-2.3896830114829744
train:5178,0.6988516738708968,-0.07416002291600665
train:5179,-9.182151949694413,-0.6887933121820755
train:5180,-4.011740453578491,0.05512719211697546
train:5181,0.5241573304277911,0.1070993811670955
train:5182,-0.20970066506815743,-0.015289613058846643
train:5183,3.2517178315452426,11.518410373618606
train:5184,-0.5308094122784843,-2.2038091008394116
train:5185,2.5950209782558815,0.241086413924922
train:5186,-1.2414484326761568,-0.7317039719022216
train:5187,-1.6537531045772997,-7.806458900345866
train:5188,-4.609862944406075,-9.331330054410456
train:5189,-0.7012529081112537,-0.11909931935444087
train:5190,-0.8121836075663552,0.2741820099166412
train:5191,-0.17390232852785903,-0.04682007730398777
train:5192,-5.75455240770558,-0.4703288248142155
train:5193,0.2601876322748167,-0.009605150423339454
train:5194,-14.200064331375442,-6.757525322261853
train:5195,1.6480021470949366,-0.03583105777001991
train:5196,-9.382360793358266,-9.246035438680707
train:5197,10.105040280149368,7.204695571407421
train:5198,-17.440333216210288,-10.044648941165715
train:5199,0.08966556555684269,-0.03852534982779707
train:5200,-8.249462541837215,-15.18373984317583
train:5201,16.298931004267587,11.221654204362581
train:5202,-2.08744788637155,-5.744644413439367
train:5203,-21.562691858830576,-7.018355505055635
train:5204,-0.6218096071310097,0.04633129721523297
train:5205,1.3592692537537037,0.5473484117710837
train:5206,12.107495070974533,4.5457203384337745
train:5207,1.7935296064464827,0.18667187180749575
train:5208,0.9559914002379583,-1.1734433978209458
train:5209,0.654216437327485,0.05217553995794711
train:5210,0.14866672134771988,-2.326249167635336
train:5211,-0.07122436151812198,-0.8507281682633574
train:5212,1.0394108994176827,-0.13025482405368596
train:5213,5.553870570904245,0.2268357402917823
train:5214,-0.5172629083279009,0.15536067722733415
train:5215,-8.264299886395907,-0.016124749440622962
train:5216,4.186224830382958,8.30317924330927
train:5217,1.8460698179078445,4.076841048689065
train:5218,-7.967209886859438,-7.18657314320959
train:5219,3.7594373127395038,4.450350160336527
train:5220,-5.54494574230489,-1.9540653749128314
train:5221,0.5781444782055905,-0.04313300866937744
train:5222,-1.1269234639103058,0.6954856136214005
train:5223,-3.7823869255850218,-6.315166106454057
train:5224,3.5103643522256065,-0.11620872602209517
train:5225,-8.585654806882658,-14.454416696110837
train:5226,1.696801408095951,0.09167846090947492
train:5227,4.542551698365918,0.2750819143061603
train:5228,-9.097180094386298,-12.51019637360597
train:5229,-0.12034092801707796,-0.1521963419542601
train:5230,-1.0960774177202985,4.606350612043171
train:5231,-0.7435526367148712,-0.13275424144499465
train:5232,1.0235405104393176,-0.19539432054575862
train:5233,5.541918498023538,4.8726096093009295
train:5234,1.105803413644677,5.466945386008335
train:5235,0.6667670901768363,4.307622585071241
train:5236,-8.952429278015426,-1.1402616346999828
train:5237,14.741904324913303,2.407126944868417
train:5238,0.4313503539029205,0.20058258473039067
train:5239,1.3908779954299715,0.13423418053432548
train:5240,-7.586148532280889,-1.1477693024873692
train:5241,2.7023562461090322,0.046022008579139524
train:5242,1.5811036875080373,4.711030834601424
train:5243,1.0134759984694428,0.5119570466943397
train:5244,1.6362799754138369,0.07144701813844515
train:5245,-19.03483123405995,-11.134596931483271
train:5246,1.2589105226069432,-0.17002865788341553
train:5247,-0.19548282171973136,0.14477809834107397
train:5248,-2.4771290249568176,0.16111846751918454
train:5249,-0.8274012538060976,0.1566377767985097
train:5250,0.9733007057234725,-0.04968413572567232
train:5251,6.978744740676261,0.8320710703726799
train:5252,-5.0345613598444,-7.709299470369521
train:5253,3.745835716185981,7.860479353487179
train:5254,-0.5627054723397017,-1.3827641832322681
train:5255,0.11089214107793396,0.06965334377423714
train:5256,-5.074317297924959,-6.767457367854485
train:5257,2.77584838368063,0.1975409136002484
train:5258,-6.109696528162147,-0.019123479666953366
train:5259,0.05897108213947881,0.022050712673797115
train:5260,-7.860274447179517,-0.02320586140609089
train:5261,-15.097358717739178,-8.517480377416785
train:5262,9.547955037222602,0.3588386465040425
train:5263,3.5601692275739434,0.7428849530675816
train:5264,-1.3615321753411118,0.16610731604510148
train:5265,6.264740887250967,2.6034533277395147
train:5266,0.15231631571964882,-0.18237566566783248
train:5267,-1.7480284035767109,0.05427179790017827
train:5268,-1.6345443828107005,0.11084765128919849
train:5269,-2.618687259856091,0.05412485726587188
train:5270,1.1186898524220699,-0.06742957122153398
train:5271,-0.08296582723316215,0.021515449314653837
train:5272,0.11422768436728482,-0.15250620123359357
train:5273,0.572810258966568,3.1004684677552676
train:5274,-8.182177039280297,-15.570469332086569
train:5275,-1.6256126398455653,-2.074511186245679
train:5276,-0.20527698475619516,-0.0624056281363555
train:5277,-0.26084659200449817,0.07099592465720553
train:5278,4.346239784641621,11.0151212965004
train:5279,-1.2205997180245922,-2.2422761616494844
train:5280,10.393266182068615,0.3584100934307839
train:5281,0.14862790082159807,-0.0589189979398039
train:5282,-3.445053987954669,-7.97051940249624
train:5283,-0.8796343879320888,0.040833434919213894
train:5284,-2.1642121061329096,0.06287110620573222
train:5285,11.98994837754367,0.7417850382224338
train:5286,-0.9265742154693414,0.17783032544655128
train:5287,-2.360740670937121,-0.098060559059586
train:5288,-9.523782807728752,-16.091040910372165
train:5289,6.935982652632786,2.9824503154262954
train:5290,0.1086260219228544,-0.0429737992054105
train:5291,0.28287741618916323,0.0271599669233593
train:5292,10.56617605983044,0.6141729464205445
train:5293,-3.14998962952374,-9.891771334590107
train:5294,10.49099162626982,16.2743177638115
train:5295,1.1868954246938959,-0.09623250344016648
train:5296,-0.519749746582098,0.07194832822480694
train:5297,-0.26964432279412925,0.024994803809895147
train:5298,11.749780892213758,8.960365666473008
train:5299,-3.9454322054635864,-6.408496520289835
train:5300,0.855975544995567,0.06593681568236053
train:5301,0.28130204669498726,-0.06939458121855943
train:5302,-3.6602703356090784,-4.204402983704709
train:5303,1.2933482810670567,0.024749141895064455
train:5304,-2.1768813126847886,-0.6246544386113864
train:5305,7.517786574994802,0.12954477704861156
train:5306,-0.501618468759059,0.18113748834411508
train:5307,0.6132667099541209,0.5970132762105684
train:5308,1.2453026496809336,0.28153546136841096
train:5309,1.6296693279776004,-0.05975413432158022
train:5310,0.3104390599026745,-0.19874713490252438
train:5311,-4.720153221409286,-3.0305804233602043
train:5312,-1.4375457874447033,0.13540242990746626
train:5313,-3.532584278654979,-0.9279644454790961
train:5314,-7.042704868724969,-1.3147221098998094
train:5315,-8.956617245671776,0.0019429568250427243
train:5316,19.797373589722124,4.906801981599976
train:5317,0.38276379219173506,-0.23863882439392037
train:5318,0.33257722041290716,0.28420450246281703
train:5319,14.558710494602808,5.704452808939062
train:5320,4.4357696811245635,0.9843483602597818
train:5321,-1.4004038422757588,0.15772542281399698
train:5322,-0.3913452774365054,0.03246438116100996
train:5323,4.489984521748688,1.3094283354040333
train:5324,3.9710842641148707,9.994708467552826
train:5325,-2.3211816249860537,-4.251211707397465
train:5326,0.34501024939269176,-0.22760971717234074
train:5327,-3.691573162241177,-0.020322401114245506
train:5328,9.062985779085153,8.575644841767158
train:5329,2.717452084230884,0.2578476324925508
train:5330,0.10749883191588094,-0.017460339943901046
train:5331,-1.2199630149045468,-0.004398601501353044
train:5332,-1.7953510898356555,0.1325600559289027
train:5333,-0.8229657181238826,-0.04487489715955317
train:5334,-2.048756374573097,0.23858614056875327
train:5335,-3.431651840571281,0.07023297464529235
train:5336,-2.2670792941502107,0.08920229723019724
train:5337,-2.1481848078423758,-5.056339102467356
train:5338,-6.192169922304053,-2.179737514384635
train:5339,17.321371608852445,5.1683894079732715
train:5340,11.67408691019051,3.1008205546343626
train:5341,-3.2006120605030373,-5.295794701419529
train:5342,-15.545597714251166,-6.116147999419762
train:5343,0.74449159492867,-0.03717178406245819
train:5344,0.645869326836579,-0.06395792041003301
train:5345,-1.6027085294337082,0.12412509287647587
train:5346,0.13700940551565027,-0.26793336576383425
train:5347,0.10871970259367525,-0.06099385676053412
train:5348,0.33786855110660347,-0.08559057765694372
train:5349,4.423361060260005,-0.12706664027166734
train:5350,0.4984998683892897,0.08332595580523171
train:5351,-11.034357821850309,-13.347452124375739
train:5352,-2.200670624075519,-6.93176495852779
train:5353,-6.0110189350088765,-9.741920419759591
train:5354,32.85603509831856,13.119993669082971
train:5355,8.741312855725738,4.082166006083357
train:5356,-1.7956530530897408,1.705029186785006
train:5357,2.1600056011987694,3.155143223190145
train:5358,-1.9197262440738707,0.06438873190257821
train:5359,-15.107363720399547,-5.903729477179965
train:5360,1.087260568507275,-0.16233381911330091
train:5361,-0.7835038397172402,-1.4470167574685322
train:5362,0.7670047105804263,-0.0710585769064718
train:5363,7.5221800357355315,4.056337551753353
train:5364,7.5204551955928745,4.809204868258532
train:5365,-3.0221348078872188,-0.05640074932157438
train:5366,-0.7735013940975123,-3.031078024265506
train:5367,-0.112491743076788,-0.04707758006604895
train:5368,16.763423480937874,4.832687408228794
train:5369,-6.005788624603246,-1.1006331009052446
train:5370,2.123899257490139,-0.10316724541456804
train:5371,-4.858344996073256,-4.335792163112322
train:5372,-1.2912828302210055,-0.25783668959645517
train:5373,3.5524527762888365,0.023305271836991673
train:5374,3.4285920521362954,-0.19019661659399256
train:5375,-15.669635571582777,-12.61617052971098
train:5376,19.386872793765324,10.042461035164584
train:5377,-0.19716930625274692,-0.24302279108541097
train:5378,-5.313220210427907,-2.6709724663613668
train:5379,-0.2558623386461724,-0.2682191153662767
train:5380,-2.817733812318693,0.03674163756661596
train:5381,-1.564780642954477,0.249755911348999
train:5382,0.48838351823183906,0.3285266482371644
train:5383,-8.235103131420475,-2.033070931494267
train:5384,-0.3487376578936765,-0.5098387361454335
train:5385,8.574546384337248,4.507385666855387
train:5386,7.173577290159606,6.916875675290186
train:5387,-15.117498899674459,-4.5305695349083726
train:5388,10.59281763382904,1.2660155809630704
train:5389,-1.6975031401418383,-0.30674167123144186
train:5390,-4.15908178457871,-8.023000890638082
train:5391,-13.90730084460651,-2.9654520544113123
train:5392,-1.3556461002397353,0.12778648256528508
train:5393,0.7221628186614322,0.998009844747596
train:5394,0.5819488897655261,-0.39158861733939143
train:5395,1.9418993327015688,4.488522769234748
train:5396,-9.96247334956422,-2.780396446173945
train:5397,-6.852399675928738,-4.467437561334707
train:5398,-0.3810659740526393,-0.016595102131213416
train:5399,7.168837931557384,13.04984335430024
train:5400,1.526535975275213,0.18967944700404654
train:5401,-2.9672728035222375,0.019454285931684204
train:5402,4.153144163129425,0.07946598226889384
train:5403,1.9124915056439904,0.1558766100467216
train:5404,-2.256330425121039,-4.0216151117032
train:5405,1.0984432046127535,0.10131334403486389
train:5406,4.298081875925456,8.742401633226649
train:5407,-2.6456947231248455,-0.005078522921842618
train:5408,-5.514107832153291,-0.6696870352195647
train:5409,-1.0062611326853679,-0.006400417987360088
train:5410,0.9805608414829683,-0.15857499209125747
train:5411,-0.08363949121340739,-0.04137599813334103
train:5412,-3.5714870949938193,0.024487073987083066
train:5413,-11.976465507769486,-5.060729060912867
train:5414,0.7882458147415332,-0.07615199580612328
train:5415,8.269162274788648,14.482872332099037
train:5416,-8.585705947695514,-3.5686125435040807
train:5417,-6.072165680357264,-0.21573177813122424
train:5418,1.885782751213957,0.13708226094528933
train:5419,-2.04336241356633,0.021327137045445657
train:5420,-0.05215871779839701,-0.1759244011785419
train:5421,-0.31918710147658413,-0.07199671439307259
train:5422,-2.40026438323567,-9.24289005314169
train:5423,15.28786225679577,5.023079101403633
train:5424,5.076924841387274,1.3821073130441237
train:5425,0.3747142282483493,0.08812007232549018
train:5426,-7.155029620246852,-2.2036279216107038
train:5427,7.535827194104143,6.355763318660265
train:5428,0.05006351483132944,0.09941880847798151
train:5429,7.143525088860054,4.0631595916878505
train:5430,-16.29275383206799,-9.97279354438179
train:5431,1.5315707883007934,0.06039208931025441
train:5432,0.9744048823646612,-0.130255965340166
train:5433,0.0886197359339568,-0.09904748654320891
train:5434,26.9087360754578,9.879665649077344
train:5435,5.265289937710376,2.0562137362570274
train:5436,-12.962648205873073,-3.3492692655465826
train:5437,14.995521844024093,12.69912373640803
train:5438,0.605397184917809,0.15263086262786546
train:5439,2.5439203806763895,6.285427544824526
train:5440,-0.17791223317217586,-0.026099593276256716
train:5441,-12.734856797254086,-11.537052206802613
train:5442,1.3176436540468117,-0.011364871514765978
train:5443,7.694778419455421,6.073907785687768
train:5444,-21.30785253920903,-14.028305975919507
train:5445,-0.4767751917070342,-0.17224903073035208
train:5446,0.32579897058545004,-0.16451424693343575
train:5447,0.826069559929132,-0.1288969784640469
train:5448,-0.8545435428541974,-0.08790096947499418
train:5449,-4.553870263160516,-1.2619729900783956
train:5450,-0.24513962116902893,0.018682348288740644
train:5451,8.937969737478568,3.15273054357132
train:5452,-2.54282311840098,-0.10359237462838652
train:5453,-4.1014302813307255,-0.11300627615907591
train:5454,5.396822713624137,3.936227706628071
train:5455,2.9774450030387767,1.3751751389643023
train:5456,-1.4606123861664955,0.02605092178637107
train:5457,-0.47822898554155924,-0.04389681464615064
train:5458,-0.4023126572115122,-0.022984451828961264
train:5459,0.8286256707389238,-0.14370716779403095
train:5460,-0.4474949842233529,-2.142968259874446
train:5461,0.6657586863306307,0.1217435133142323
train:5462,7.086782032414968,0.8810702081422708
train:5463,3.350735278645759,6.740399117523351
train:5464,-9.217759902935946,-2.642001765030167
train:5465,-1.6660675798545568,0.11757125526479087
train:5466,5.719522172572495,1.2530781000860378
train:5467,-5.846787188272074,-0.3030025314011792
train:5468,-5.145357465978396,-1.8245493319405994
train:5469,-2.3533566349355715,0.19526347642930936
train:5470,2.4702731934585453,0.06876556555356854
train:5471,-0.3629208649643053,-2.49857771969043
train:5472,-0.1136142839189565,-0.6648581094616648
train:5473,6.6232240378704885,0.3470463039489297
train:5474,-4.142208105835425,-0.08103855653126577
train:5475,3.825483347959405,0.03859508681021656
train:5476,-2.892658357566712,-0.581799416607143
train:5477,-10.075286263390629,-6.384108369497655
train:5478,-0.3808852377708447,0.31447826763261344
train:5479,3.33109906617534,0.05173443273340793
train:5480,5.163735906292249,0.7153673947471051
train:5481,0.2961596151205821,-0.07157215582249413
train:5482,3.8105839370505654,4.843814380766037
train:5483,0.03067568399061764,-0.28273585141007795
train:5484,3.4640035781648173,1.0060459281752454
train:5485,0.5825084167498085,3.4076485770768254
train:5486,0.23757246745559057,-0.15589582207934097
train:5487,-0.42251990334910616,0.19514321336647414
train:5488,-0.9531951006845599,1.4836675436875402
train:5489,0.22351722864621953,-1.2286759570229475
train:5490,-0.7692522899239779,-0.08921359158786127
train:5491,0.15039992998702573,0.017263871854848956
train:5492,6.717595574581363,0.28318932813881287
train:5493,-0.6747080367405971,-2.002375746291712
train:5494,-1.5545778183316532,-4.205615600589762
train:5495,1.6211934356215956,-0.2988252802233876
train:5496,-0.8811383927465078,0.030243722992453398
train:5497,0.2115529517078995,-0.11859358678296889
train:5498,0.43088683217186147,0.21788605703685313
train:5499,-0.03157918978904231,-0.002040846294380519
train:5500,1.3631117884650403,-1.742810679561065
train:5501,-3.5362408467741155,-0.2801671008651062
train:5502,44.128615805780676,18.84360699600179
train:5503,-0.43041650977040713,0.0016376626916294462
train:5504,0.6840478032987998,0.14534588836489867
train:5505,1.099412555474597,-0.25821331413487153
train:5506,0.1789645147780967,0.04791283495496174
train:5507,-3.727769234830544,-0.14461962633483064
train:5508,3.295820041343761,0.5275223396916866
train:5509,4.42102531986197,1.910913415944089
train:5510,-1.3305880317737189,-0.054677406736699435
train:5511,0.4350262160559977,0.0848251782575869
train:5512,-15.712790978968755,-4.768188803914145
train:5513,-2.230978064522866,-1.343068527526422
train:5514,-0.967392487707844,0.0792602653808649
train:5515,34.70445004149245,19.073737143125474
train:5516,-29.40909287923531,-19.33543419281973
train:5517,10.27050777489134,4.31196147094677
train:5518,-0.6291232082857632,-3.273159438086653
train:5519,-0.2846698422983049,-0.17976040769879875
train:5520,-0.3854838429085953,0.004719992152623476
train:5521,1.1543926486256253,-0.17318060581969263
train:5522,-0.18203023089820908,-0.10402806074214549
train:5523,0.581475139871896,-0.20873426540041995
train:5524,-14.161316332224608,-5.145475859132192
train:5525,-5.979788635347736,-6.815379987151768
train:5526,-8.741984833116874,-2.509227919800633
train:5527,0.8612028334440744,1.4452926417607312
train:5528,-0.3462424511428303,-4.535156079950072
train:5529,14.456387026409452,6.264561404109779
train:5530,-2.1095997619179574,0.04992549366252927
train:5531,-3.36771466650693,-11.065729422704118
train:5532,-9.504267473543264,-14.096034480791571
train:5533,0.8177789367906069,0.042274594421896565
train:5534,-0.5431006417317163,-4.285184382049102
train:5535,4.114769026995953,6.3439892366888335
train:5536,-3.3143036664775907,-0.0906972640119258
train:5537,-18.637478276171702,-12.754751240551006
train:5538,-2.687791980601205,0.012207972748229101
train:5539,-6.758336843760915,-2.387694319791488
train:5540,-5.732462366051079,-4.703069279935474
train:5541,-1.029807292756796,-0.12594447034015852
train:5542,-3.0925636107687984,-0.8507586976766988
train:5543,3.2049583916024242,0.06116003245051781
train:5544,0.49496720051220666,-0.024873851596683427
train:5545,-4.645497862803477,-5.14450804819711
train:5546,-0.7278198630147342,0.08729178366259416
train:5547,0.0025531185433825265,-0.20117008609966974
train:5548,0.07840784543976329,0.14290296465435243
train:5549,2.326458253962923,-0.010951868469798023
train:5550,-0.9074126827255132,0.23071611432395103
train:5551,-6.785169033516522,-0.33944894449832413
train:5552,-5.811433079428895,-0.3881273807670209
train:5553,-1.4240880825418958,-0.049157574675939425
train:5554,2.481523707370177,-0.05801338711788451
train:5555,3.9018561080441834,2.746667661688542
train:5556,-10.380534617326921,-2.627527684568557
train:5557,-1.4425392229035192,0.2960088285259703
train:5558,-0.08582855046184398,-0.8847353668310163
train:5559,-6.140955652645079,0.053803585121737905
train:5560,0.020661150542396575,0.1027740480685174
train:5561,6.082008254089127,2.242789252764201
train:5562,0.13909246380653278,0.29166081235860125
train:5563,0.855879772200584,-0.01717944080899883
train:5564,0.8680496584524053,0.100649115303475
train:5565,-0.6008562862713327,0.21198532061337652
train:5566,-1.3838848948070952,-0.07342531974447469
train:5567,-0.10639436343502395,5.8315881283139115
train:5568,0.10555408627794734,-0.17160106533130393
train:5569,-5.713035365996885,0.08420631566377998
train:5570,-1.3326227387506293,-5.70585322726896
train:5571,0.30622552183989843,-0.033305676111290095
train:5572,0.17158361696279084,0.09818365118494779
train:5573,-1.7350658347256362,0.13387681520525993
train:5574,8.443067073818744,0.36882861238553694
train:5575,0.45410941037286157,2.7135849051697236
train:5576,6.2706602038806984,0.2697485399240784
train:5577,-21.139437473980685,-6.3387028575321205
train:5578,2.762392770901984,-0.02659405564373822
train:5579,4.704694110439352,0.4451721004196555
train:5580,-3.2219726481996327,0.12989401071150675
train:5581,0.03241110098320589,0.12927885729875999
train:5582,1.1523842094298633,-0.2190309520234277
train:5583,-15.190048186623601,-4.282536312093766
train:5584,-4.290908852624627,-0.1769431420227962
train:5585,-15.489260994810037,-2.9885465569783563
train:5586,-1.305791943744465,0.1381945872809077
train:5587,-0.14181367681459428,0.3400910188178873
train:5588,-3.0777039502190413,-4.810028366272765
train:5589,0.15338725083248173,0.1613745436731457
train:5590,1.687095346732542,0.0763260178406573
train:5591,-1.016321460406918,-0.17523064165948177
train:5592,-0.04050395900697018,-0.30973597897266203
train:5593,-0.04347465908824827,0.11409774986275983
train:5594,-7.177408839952224,-1.3558038580356757
train:5595,5.709426046281947,8.170347763112494
train:5596,3.568982416836551,0.10776988697412467
train:5597,1.2819994373197994,0.34157683115410187
train:5598,-1.003461405639794,-0.22140340129383085
train:5599,0.45265701128777797,3.819914350978673
train:5600,-3.5131716910116806,-0.15623307223419564
train:5601,-1.6250714770622627,0.04134786980009626
train:5602,-0.8999709970803821,0.09631393860900649
train:5603,2.9708636453408115,-0.14216357782976383
train:5604,0.7179664825084346,-0.8785027300330601
train:5605,4.000219650114876,0.28245619423619095
train:5606,-1.1466361551417674,-0.2503906512789914
train:5607,-7.911296241415563,-7.137019625532315
train:5608,0.07561497591227664,0.5467828329898141
train:5609,-1.412705532349802,-9.77708345620992
train:5610,-5.0110598317551,-0.30450046990624435
train:5611,-4.311611583501315,-0.7173246182184563
train:5612,-2.069809187559601,0.10192307633683041
train:5613,-8.37493513142765,-5.501543545469916
train:5614,0.38451792207266344,-0.06665007255566008
train:5615,0.41151004309756156,-0.1901327045511098
train:5616,0.6663809770397807,-0.02107108504515806
train:5617,2.982833849964258,-0.027259996304847184
train:5618,4.736623644487165,5.032625392166008
train:5619,4.075663971988095,-0.19075784422055697
train:5620,-8.33903242113748,-12.115671898036494
train:5621,3.2474510605454494,5.775358084728346
train:5622,-0.29329590267751116,-0.32947324469783035
train:5623,-3.2872915540440313,0.08366420458575641
train:5624,-21.54914419258879,-4.3442025885054285
train:5625,2.093289621330467,2.387684273715912
train:5626,16.79669476394841,7.067588261413139
train:5627,1.238947473850732,0.33482184180030816
train:5628,1.919249066688065,1.6399165105252147
train:5629,-1.553052194900891,0.21462625752821135
train:5630,-6.465370653406485,-2.05727961498746
train:5631,-0.2402461427535209,-0.038011485590154714
train:5632,-8.562224875931355,-16.116771214064883
train:5633,-2.2563792413514916,-1.5847419314309512
train:5634,1.112339093298433,0.01814808355526741
train:5635,1.8446615858884083,0.05294647897522064
train:5636,-10.96253659410963,-18.785697038536462
train:5637,-0.2927261475306578,-1.9564090066996136
train:5638,10.255294777816403,16.585811365384405
train:5639,-8.103312326860037,-3.630244581321341
train:5640,-0.755851072373551,0.09177732485080921
train:5641,-8.481069055095189,-16.531235105727305
train:5642,0.04297225998337541,0.17337631229734757
train:5643,-0.7758936218479275,0.005719616448336948
train:5644,-2.1912960481627066,-8.28717504281841
train:5645,1.6826219203571662,-0.055433794351352345
train:5646,-0.48451825946064997,-0.1103661952091011
train:5647,-1.3337664332926606,-7.913909310512819
train:5648,5.1529340367843,6.8836351359155
train:5649,9.721037863915173,0.14249609602421476
train:5650,9.571358932850996,2.7177466063192246
train:5651,-3.747139979990597,-0.4382170177682991
train:5652,1.1477415534555853,-0.19423420283878812
train:5653,-4.814501512296136,-0.4956659553145573
train:5654,17.694033782294273,8.226329576888647
train:5655,-23.24325335588457,-10.349162434626637
train:5656,-5.667471691241914,-0.07669567615305692
train:5657,-32.706074136027524,-15.573086301985322
train:5658,-2.6060289788415036,0.10989610368645712
train:5659,9.454028890500046,3.42270157510544
train:5660,-3.1157415569876705,-6.321205223863239
train:5661,5.968149278181593,0.8923715121893423
train:5662,-0.5716125747313706,0.033778287221167096
train:5663,4.203521118207018,0.08927833544193055
train:5664,-27.171234137339443,-7.693584526182478
train:5665,4.34622955647905,-0.18521119192751578
train:5666,-1.4783415112339018,-0.005799530655613963
train:5667,-1.5954521130060564,0.44334461544347603
train:5668,-2.1788804535509407,0.26804531251341435
train:5669,-8.344781578335349,-3.1609064944116514
train:5670,4.891135847282624,0.33860534914248264
train:5671,18.39585310459861,13.238479748868764
train:5672,2.6525471865123706,5.422284563471033
train:5673,14.291423501132343,2.7848719412865837
train:5674,-1.007667505038882,0.04513808220034108
train:5675,-2.2672908311488382,-3.985322772280862
train:5676,0.6049373825185941,0.12668128927016703
train:5677,17.694065396614945,9.757283217248663
train:5678,-0.6061767904741804,-0.11067976366949472
train:5679,-14.875136078723626,-9.453949873826987
train:5680,-2.6414560795721225,-1.7242884559547196
train:5681,6.4564529173171925,2.365988988373408
train:5682,2.950272959335925,0.058111656262305245
train:5683,5.6315971677802406,0.4665606650206456
train:5684,2.5329639264386743,-0.12103922104890522
train:5685,0.24263494301176053,0.2913188543970164
train:5686,-0.8458507669600394,-0.012483046943594603
train:5687,0.2947723043427686,-0.07280103603988755
train:5688,1.041054379176252,0.09654504912121654
train:5689,-15.072152805832362,-4.472689476394276
train:5690,6.487642304328049,0.18810875148587825
train:5691,0.8195623564098068,3.182990327981736
train:5692,2.261186769599535,0.07524693147377039
train:5693,1.6009439983133964,-0.0787559835711665
train:5694,7.9425417102437486,2.439571722244888
train:5695,-19.399022629227055,-9.863570145668081
train:5696,-6.552799127397566,-1.841629540079402
train:5697,0.06882986856673219,-0.14115582186788
train:5698,0.5280485651404601,0.017665176713396416
train:5699,-12.912946774441647,-9.024762245285444
train:5700,0.42366226252312394,-0.208850961943005
train:5701,-8.830601633632114,-3.3901099169135387
train:5702,1.4419014168737005,2.3786681105235195
train:5703,-6.232138792132681,-1.0186256755596583
train:5704,0.6124376476402684,0.06720528427453068
train:5705,-0.9112963625453742,0.16967697483307673
train:5706,2.6007338719682718,0.8330336028577918
train:5707,3.578340953130786,0.22839787616135024
train:5708,6.364507314801569,3.68623974539476
train:5709,0.6837278245310953,1.3165783525407342
train:5710,1.3341112282443799,1.409067210258286
train:5711,-3.877965385479276,-9.564461784976674
train:5712,7.16806338070087,0.4247322302052067
train:5713,-10.532361462531009,-7.4272122562415746
train:5714,0.8050446419314579,0.06710356711699626
train:5715,-0.9328020041838859,-2.3883049080583145
train:5716,-0.1545597108148759,0.013443986006122843
train:5717,-9.135325561778401,-5.042701299674003
train:5718,-1.9673364811760048,-0.14760665837474052
train:5719,-5.117917165466296,-0.5873529166190643
train:5720,-0.21809171016647072,0.09092050402591195
train:5721,-0.24057762820411777,-1.967435831348233
train:5722,-0.720203601231175,-0.04292629315567845
train:5723,-1.6070922269283474,-0.17911015972679045
train:5724,7.400902852465132,2.836638984091915
train:5725,-1.4103577041232742,1.2874743346825834
train:5726,0.3337118490835686,-0.4000658079915801
train:5727,-1.836253744415369,-8.542669711317961
train:5728,1.9561364700839357,4.958135906186128
train:5729,-0.5095543606229623,0.026723995487980337
train:5730,-0.376529900181516,-0.1458219716415629
train:5731,-0.5629474613678023,-1.6867444105853868
train:5732,-0.077043023729826,-0.10360878062153725
train:5733,-0.32770948548063883,-0.24354492965003371
train:5734,5.072083201159341,3.3655453775413147
train:5735,0.032672848961727674,0.12516908468410126
train:5736,2.62702024977577,0.01929935629201747
train:5737,-33.427750971047,-11.711698711698688
train:5738,-4.720422872967977,-0.23874239614198484
train:5739,0.15171471379388116,-0.0548854061976885
train:5740,-2.261673710231431,0.3547402867541843
train:5741,-0.42714442758064464,-0.242747170400479
train:5742,-0.06285725961855443,0.09200643811167918
train:5743,-0.29421434518473993,-0.04667442061697144
train:5744,-0.5735257060486302,-0.09593220243510342
train:5745,7.6359943796609375,13.421139226141266
train:5746,-0.02022395344017794,-0.1010547241399962
train:5747,-0.3758539116188683,0.21593074797490808
train:5748,-11.441452639670963,-0.39741659674976487
train:5749,-10.525386785490541,-2.942057393500015
train:5750,-9.637964435673753,-10.282600324537183
train:5751,6.218347801494782,0.7443341015756246
train:5752,12.390586435283133,4.631101977257628
train:5753,-1.9533201791218757,-0.8069384326319531
train:5754,0.02506774517370046,-0.021519753292627564
train:5755,-0.5689434892168171,-0.06928587368133471
train:5756,-13.343907614872315,-2.496443228651117
train:5757,3.6527812878643644,10.413623376487443
train:5758,-0.014008949928847214,0.013335706451328144
train:5759,-6.442993293367035,-4.944787479334345
train:5760,0.5322175874502282,0.1086836294622144
train:5761,-13.978143888072216,-8.212531483163724
train:5762,17.555842007630304,6.4595793020315
train:5763,0.034045863557765774,0.2721045832013308
train:5764,7.2380342408491565,3.5709235888073056
train:5765,-0.2170454156271044,-3.694035362515615
train:5766,14.343369549331625,1.800276391264028
train:5767,-3.1429638116704166,0.33527992566123804
train:5768,-3.492970605017453,-7.155548411535921
train:5769,-0.42533450772205617,-0.13460968793993533
train:5770,0.27632069906466467,-0.008374272954605924
train:5771,-0.5054000994114501,-1.9527103825393928
train:5772,-0.8170661604445715,0.1973129416258585
train:5773,0.9379963429437058,-0.09387289364266388
train:5774,-0.11856262247916355,-0.09133567113670354
train:5775,0.08061503643093941,0.1648290751874459
train:5776,-5.166749203079186,-4.223317239216952
train:5777,2.634309210357057,-0.1275237255069272
train:5778,11.405832890440605,5.216580800236607
train:5779,0.39299613901107056,-0.10837151176359436
train:5780,-4.212594601317279,0.07066780479419126
train:5781,-3.029471189949517,-0.10786021542053212
train:5782,4.1663519754239635,2.8650122219508085
train:5783,-2.570510754480707,-10.896197022525145
train:5784,-0.640510407642662,-0.11158023870225389
train:5785,-2.0062867189958564,-0.1645059726064554
train:5786,2.2202094959247014,-0.01590048664729321
train:5787,-2.5876261897938524,-0.7181491977002921
train:5788,0.7919739799986667,0.03162810349275359
train:5789,-1.2861640997706947,-6.640508078175884
train:5790,3.1452226677723565,0.2559462492167882
train:5791,-9.466341446729954,-6.05146787073591
train:5792,-0.421311236728925,-0.23543723049576115
train:5793,-15.07963796116842,-4.082923309481746
train:5794,-7.965220974155857,-1.5240363329138715
train:5795,-0.5885476224500819,-0.04256322139421265
train:5796,-0.9636150413037775,-1.2992750827139576
train:5797,-0.09249568525046142,0.06092606872210763
train:5798,-8.383791790381185,-13.699245692845677
train:5799,28.68500899851947,11.86023252211235
train:5800,6.7881764051520666,14.085605345118001
train:5801,-0.43842144173166486,-2.1537836612026364
train:5802,-0.8486967531954231,-0.08579087343419242
train:5803,-0.1846986190380417,-0.6336024099365956
train:5804,2.919523383315622,0.5526028233948272
train:5805,-1.2619270738092427,-0.04904544327927454
train:5806,-0.20932036338710802,0.0883043900920182
train:5807,2.478168637588645,7.13407162273547
train:5808,-0.3634318081763753,-0.14178695329134744
train:5809,19.725346868897066,4.945349503106892
train:5810,6.558477909130066,0.1786588994310673
train:5811,18.800040334750214,3.669954443289312
train:5812,-0.1997574962996932,-0.3852959916708278
train:5813,-3.5172438944643845,-8.766430338596491
train:5814,4.496497071807538,0.03973565998621616
train:5815,1.432391782723303,-0.24956678510120556
train:5816,-1.702947312128499,-8.658158772807143
train:5817,-2.5779591814148057,-9.115641175762077
train:5818,17.168315524473915,11.38168881845458
train:5819,-0.2429342898437748,-0.04697914410714468
train:5820,-13.117791765249052,-1.4518008877320903
train:5821,-4.066351403044002,-1.1979305552152706
train:5822,-2.8210765618134914,-0.13267178349681108
train:5823,-0.48369593843576464,-0.2567854220875195
train:5824,18.02310538652437,5.624350476050299
train:5825,-9.916238335411407,-15.681254010704986
train:5826,0.23814919634965145,0.0411256042581066
train:5827,-3.6005434451921396,-10.202337070254732
train:5828,1.7667464653795695,3.8655780790103185
train:5829,0.04448126264995991,-0.010174081733644189
train:5830,-4.274772531419416,-5.540859152777905
train:5831,-5.10037400699109,0.10086767166440451
train:5832,-9.471880461678637,-16.017009080270785
train:5833,-3.842946016502056,-8.04340423968517
train:5834,-0.30590559991988603,-0.017604570022817317
train:5835,-0.46207499751008885,0.5773938483144652
train:5836,-8.716761254383801,-1.3230706205013723
train:5837,-2.3613638914792316,-0.008733207552581543
train:5838,-5.325875237027131,-12.715197675011925
train:5839,20.29328884147648,5.87409648454984
train:5840,-3.3191629735317822,-7.856097443865905
train:5841,9.22067429127539,6.4897400798397715
train:5842,1.217829572556958,-0.012780209410837517
train:5843,-0.10976128858680856,-0.022093392409662516
train:5844,-0.4426310280043566,-0.16750698540574588
train:5845,11.68661733917296,2.2958523690284385
train:5846,5.213695831286833,3.613642797720423
train:5847,1.3611984246895403,1.2062991925025737
train:5848,-1.6121219258726418,-0.030751762290559023
train:5849,-0.018468428809808035,0.022013906184815524
train:5850,-2.5446655824132036,0.1703597494697664
train:5851,7.375000495670527,13.74640701424189
train:5852,-1.858561366982744,-0.2407761686494333
train:5853,-0.9349480586578763,-0.10116828214476112
train:5854,-0.10272570748739449,-0.28494409808816396
train:5855,-7.497208149895221,-1.3858402356176218
train:5856,3.4897845917580117,9.770233394937785
train:5857,1.0632987731022792,-0.11815861397325997
train:5858,13.181181559539041,11.208817014034983
train:5859,-1.557673464717066,-2.76970544507208
train:5860,1.0367501823997785,0.008427746604684719
train:5861,-0.20613359337151732,-0.27742844129541716
train:5862,-0.5121325549655779,-0.12621866441699045
train:5863,-3.0472370434188827,-4.886762192115662
train:5864,-4.863490691679435,-1.3385521716032456
train:5865,0.005307400002987628,0.1902443838116711
train:5866,-4.005630521191753,-2.986212626126655
train:5867,1.6960779980522922,-0.29557703624035636
train:5868,-23.296203623681734,-10.340315181833292
train:5869,1.7775973835762109,3.023370000881995
train:5870,2.316823789737511,-0.19724206335695893
train:5871,-8.346912755481963,-1.8399410067321686
train:5872,-1.1807912443817368,0.06597911461252737
train:5873,-2.3518024191412583,0.10031985415398069
train:5874,1.9512057983499878,7.138837064432917
train:5875,-0.9287572308035316,0.06607469735523153
train:5876,2.264476751073797,-0.41085595835639926
train:5877,6.127669561305003,2.6987553139695786
train:5878,2.9210696955297664,-0.21580054064164722
train:5879,-19.96429226187655,-5.709561837685881
train:5880,-1.6263283787672957,-0.884019209564785
train:5881,5.095343902511742,3.7802383824646077
train:5882,0.012033695413748768,0.0287192495767271
train:5883,3.4839040956544007,0.6440652365843844
train:5884,-5.685397011064091,-0.034988503026123274
train:5885,-41.40089380303394,-13.229673642207578
train:5886,0.17387379554573634,-0.10847793672785899
train:5887,-5.312891049559713,-0.1911744137857751
train:5888,-0.07915920731994416,0.11708335529456966
train:5889,6.88225876381207,0.26621925414533487
train:5890,1.969887304827699,6.672270591740029
train:5891,-9.595755598242073,-0.8627967021466423
train:5892,-8.797361964942251,-3.767896855609847
train:5893,1.159752903187556,0.0962473160107336
train:5894,-1.1602716905983663,-0.08814277954795471
train:5895,1.6452393809095622,8.459371716466181
train:5896,0.06053145807715861,0.03273272614463163
train:5897,1.0028377795626304,-0.19489229715534678
train:5898,15.374370196155459,3.021252343818263
train:5899,-1.1120268425003488,0.17027729152158283
train:5900,-0.8578951257621256,-0.13347068403284582
train:5901,-7.874137326795081,-5.6994899844994436
train:5902,0.092963450611273,0.04380762748622323
train:5903,1.3900504440946806,0.021592200830437183
train:5904,-1.6196612439786784,-0.1486503648607459
train:5905,0.12679844485441777,-0.0545384551077534
train:5906,-2.8383867971319665,-2.8882794039168362
train:5907,-14.615469066368563,-6.082830423207674
train:5908,-7.924106550119275,-3.1247790708856806
train:5909,-1.4332836656097152,-0.1816127156559193
train:5910,-0.20536531888749027,0.22021000163185417
train:5911,4.075270187729111,7.333641541782868
train:5912,-2.254755288085103,-0.6362864304160523
train:5913,-0.5485206380613912,-1.9890704858464838
train:5914,-3.6027476142261925,-7.216190668653358
train:5915,3.0956379303775363,0.025611811813171972
train:5916,2.472193763439493,-0.3155856428261564
train:5917,-3.5898605943031994,-0.10656742316025591
train:5918,-0.18559985963549192,-0.3910937269894799
train:5919,0.08312256346851887,-0.02670604437959309
train:5920,-2.969825659916666,-0.021586090569280444
train:5921,1.0208928110828674,4.941087368747147
train:5922,-1.7912633116808552,0.0039661724325507075
train:5923,-0.0680371265860508,0.06948158015898967
train:5924,0.5614177130701434,-0.06474754799341734
train:5925,2.7010193787693533,0.6891470511720148
train:5926,-2.923369345519134,-4.549052954774396
train:5927,13.4783003838973,3.538585521716719
train:5928,-35.58481838662741,-13.378449465173887
train:5929,-0.13801867981338883,0.7051681454573315
train:5930,-0.10647990806743601,3.003069652939732
train:5931,-2.616193447854686,0.021413018853069385
train:5932,-5.468259628512254,0.07874925435942268
train:5933,-1.042487657304207,-0.02053710563330484
train:5934,-3.419213929968451,0.06468204252795096
train:5935,-1.9569097992678204,0.04332372201868218
train:5936,-4.196687948853435,0.1023944276530909
train:5937,-1.0242417775687245,0.08026174426710846
train:5938,2.0535573939904133,7.430190954135627
train:5939,7.56638522453448,1.4905486451973793
train:5940,8.564448398380776,8.302316430730352
train:5941,3.2444814065262526,-0.10436902007806032
train:5942,1.500609442823622,1.0582908846940973
train:5943,12.895598242894959,9.360978905413548
train:5944,19.618901451187593,6.864613314152513
train:5945,-25.436887382489306,-17.909198152150186
train:5946,-0.3229608285488067,0.1233093583648604
train:5947,-18.71653639384785,-4.497921323216833
train:5948,-1.8732169291975613,0.1228445694458602
train:5949,11.493287399754593,1.9496368382297429
train:5950,1.7134840061657504,0.03964079054756203
train:5951,0.6158075947491763,-0.29987212524721313
train:5952,-4.765448174438529,0.1941150569087594
train:5953,-2.2987912472851497,-7.629119530000114
train:5954,3.364820388339002,2.8323086578649863
train:5955,-9.378394125946635,-5.674282960657828
train:5956,-4.303722880660182,-4.282688388517233
train:5957,4.449803185088471,1.909965862844028
train:5958,6.838950863820487,0.3348856111823809
train:5959,-2.9305653228043207,-3.084198918157796
train:5960,-8.17791468498707,-7.069339054692413
train:5961,-4.727571428772152,-0.031855100995147004
train:5962,-4.838534904839129,-0.8221988594783167
train:5963,-4.7534486800768105,-6.821581737884358
train:5964,-0.7156174326092778,-0.0036961396728825008
train:5965,3.0719471812806725,6.416422695074903
train:5966,-0.5848368915609671,0.11987765258016117
train:5967,-0.2955205280367061,-0.05897092647464616
train:5968,-10.16961688745122,-13.465654023828
train:5969,-0.6965526024933937,-0.007959985962347912
train:5970,2.3415275918453853,1.2169647999802573
train:5971,3.3749685852753672,-0.04888252463424744
train:5972,0.019448764590371398,-0.0225921346014442
train:5973,-10.201453438202932,-11.19823392432436
train:5974,-0.4473759656043448,0.08420745695026004
train:5975,0.04449962685093968,0.38922440040969386
train:5976,-18.369193571934083,-5.193771108465212
train:5977,0.5011296684612407,-0.0029708521148109623
train:5978,6.3826390575410885,14.120173771312224
train:5979,3.216551781418425,8.910690031142368
train:5980,-0.1146284992211683,-0.507663016132029
train:5981,-0.633016186435234,-0.0819019397534233
train:5982,-6.45556556483273,-8.140080905480454
train:5983,1.5690897807354238,-0.37985419507314117
train:5984,-1.3271125486237376,0.11907062037795607
train:5985,-2.654866130535679,-1.6031634365054324
train:5986,0.8358702317963229,0.2188444523584748
train:5987,-0.3662201447681771,0.011232743451026692
train:5988,6.3140062270236825,1.2508657162444616
train:5989,-2.063327321988463,0.1596365070248401
train:5990,6.545162701128532,2.24783088578982
train:5991,3.198755011003106,0.13392246666446192
train:5992,0.3866602572148098,-0.22619794579651936
train:5993,4.6600528299816935,0.005640725020403525
train:5994,-0.8647456701023005,0.27144406365100215
train:5995,2.366518247421729,-0.1352756286010443
train:5996,-8.442146247347686,-6.680782936770355
train:5997,18.018526889024404,12.144635406508318
train:5998,5.899542482987095,3.5258113874671437
train:5999,0.7605816569440716,0.27910081198484504
train:6000,0.0256752747845945,-0.07677941804853056
train:6001,-17.216245332274966,-4.604616772377232
train:6002,5.791234609856737,7.568954270812461
train:6003,0.1653660564108174,-0.03657745912797236
train:6004,-1.6731545342250662,0.16103230038994082
train:6005,-1.758666390025283,1.627439966725312
train:6006,11.355173731059347,4.321758559413135
train:6007,0.5452968503379085,0.7161347672441285
train:6008,21.872721705692005,9.48655294488369
train:6009,-7.317958671005291,-0.640421311333272
train:6010,-28.682872880368386,-17.498874847837385
train:6011,4.875781515597614,0.1955796127842831
train:6012,-3.901846285416665,0.026771786859332417
train:6013,0.783453455660534,0.0215374190793948
train:6014,0.7797838698799435,0.08370457759498817
train:6015,-0.40943017984061447,0.021343685699406367
train:6016,2.2116961777920165,6.4822064477849635
train:6017,-0.332526950051585,-0.4823083383520564
train:6018,-0.007382960248754067,0.07862200091689715
train:6019,-3.884207354146476,-0.05677509128703065
train:6020,1.483960783656899,-0.07512355402678855
train:6021,-1.60482808366831,0.21286211395167465
train:6022,4.189742388474425,-0.015011424479334554
train:6023,1.3340347494833376,0.13123216910936492
train:6024,1.9448664296801232,3.6475050529051156
train:6025,1.7416258656469261,-0.7529446685736403
train:6026,-0.13596398142781685,0.04250713154220667
train:6027,0.21434686729746727,-0.0827801596998215
train:6028,-0.314900106609889,-0.15144936995306763
train:6029,1.7102077397276632,0.17739264208145222
train:6030,-7.151681291754287,-11.196939705455984
train:6031,-2.966205820199489,-2.5250159063223996
train:6032,-3.554524152286278,0.01581957381434615
train:6033,-2.9226296633986575,-10.034766541534966
train:6034,-0.3874923983334776,-0.03217294927984082
train:6035,-21.381028533573886,-9.312859474017333
train:6036,1.6132398769314333,1.2746893582114476
train:6037,8.018660625930174,12.791070340386748
train:6038,-1.2385524679191189,-3.0548227748045584
train:6039,-0.5273023148078287,0.02554761444866918
train:6040,8.986483772218795,1.7377634229449797
train:6041,1.0663776824943936,0.37427397550347374
train:6042,2.264482330071563,-0.006734101621964611
train:6043,0.7426068235167209,-0.04326454193620316
train:6044,-16.581294017528055,-4.8347862938844814
train:6045,-0.6361478638478855,0.17547271290038874
train:6046,-6.055994025499534,-4.707499183407786
train:6047,-2.1160690747441215,-2.830917204143062
train:6048,13.752737792837864,5.494270637556923
train:6049,4.518072915834606,-0.002245564556739424
train:6050,4.17552617233368,4.976059239712068
train:6051,-0.5394566263575533,0.05288199628909783
train:6052,0.6958548222375904,-0.05078619048297023
train:6053,0.7402763134290921,0.3138768096576273
train:6054,19.320021523201195,8.20361455207622
train:6055,-2.1625400340107896,0.13042955939227002
train:6056,-0.0005736772462235917,0.1516041327782508
train:6057,3.333143303940101,-0.2425933820472923
train:6058,-15.80375281821164,-4.904111458542136
train:6059,0.3278631997588723,-0.027936208544276586
train:6060,-9.871126559475483,-5.4670995195020184
train:6061,2.543235791158853,-0.09695408181717788
train:6062,-0.23816761739832332,-0.162381467823843
train:6063,-12.103292863984102,-2.8197597021924765
train:6064,4.530138428336555,0.17883950801653514
train:6065,-0.7309759485426118,0.012209542017139169
train:6066,-9.687702130590658,-1.0697190740201403
train:6067,-6.309205207606366,-5.851396926923769
train:6068,-10.83128323300065,-8.54540309243768
train:6069,-1.5080336347193066,-7.838957603508519
train:6070,4.078810526728122,-0.15121369429493736
train:6071,4.998196814412279,0.4583939042910305
train:6072,-3.2417413618669944,-0.295845238563168
train:6073,0.15543009384780093,0.17401343547483528
train:6074,0.36947973359439423,0.15753511329344871
train:6075,2.076591681016811,-0.02414571082241175
train:6076,5.589374382854146,9.043039888444563
train:6077,-5.571191207462104,0.28693303311499563
train:6078,-6.752848969625087,-3.898220929409954
train:6079,4.420789142289876,6.857889995498541
train:6080,-0.24383901731482877,0.055798553888864656
train:6081,1.2396925025107342,0.11536671776776501
train:6082,-0.1838940810685356,-0.05397408894336886
train:6083,-0.5956201644096958,-2.245785474914827
train:6084,1.3102982061131443,0.10145942870431024
train:6085,22.91682369893634,12.305474627568751
train:6086,5.480661102552792,-0.007541989789029729
train:6087,6.446565073609907,4.335779549142165
train:6088,0.38276193252581303,-0.08246659123942787
train:6089,0.6939365768390454,-0.08126795511375576
train:6090,-0.12572280119535179,0.05479693234181111
train:6091,-2.8616493581502898,0.09771543840650744
train:6092,4.460638993499496,5.982583753483917
train:6093,0.6118462738770718,-0.17897491727890458
train:6094,-4.02793070509544,-2.5316444981985278
train:6095,-0.23112401648962055,2.2267333492412424
train:6096,2.7129368153722626,9.3437540392134
train:6097,2.0531368770338005,5.798691116169721
train:6098,-1.7629557094743808,-2.5704944606226574
train:6099,2.473480652257518,-0.09362266658191301
train:6100,1.072063843509155,3.23941724348511
train:6101,-7.426320474447388,-2.4473644861495427
train:6102,-0.7771974801174912,-5.848852999359739
train:6103,-0.3185823613645731,-0.008556878791413869
train:6104,4.134736260000489,0.06936302902587452
train:6105,-17.18926343941264,-11.94169532830421
train:6106,-21.918895988862683,-9.392295866244988
train:6107,1.7351505089065151,-0.17427081972976005
train:6108,-0.26677427713087953,0.17240921466631554
train:6109,-5.214819707497015,-2.146113930735083
train:6110,-4.082088825908944,-8.798477662956286
train:6111,-2.965410348101353,-10.217615472363157
train:6112,-17.026788147139168,-22.867546938174282
train:6113,4.383363365609585,0.46348261538395175
train:6114,-2.808945961004272,-5.581014746935212
train:6115,1.5520887148764815,5.473210478140567
train:6116,0.5215250895443173,0.6816934518316207
train:6117,5.592797097983591,1.116622607332674
train:6118,-0.09333160508240135,0.009676741996289026
train:6119,-8.680717209483557,-10.275156854114298
train:6120,4.226577721224479,0.1825566780820568
train:6121,-1.1782430371521135,0.04005079771551986
train:6122,0.9806073331310183,-0.15199690214187142
train:6123,6.768493701033597,0.7239841076714797
train:6124,1.1379355350488687,-0.13433264064690328
train:6125,0.4635021180284132,0.20322765880871568
train:6126,1.5995650560322319,-0.13795280136162072
train:6127,1.4307831717007713,2.394950559412768
train:6128,-1.573901374468936,-7.077758325055738
train:6129,1.9398376605687893,0.035040550068101986
train:6130,0.467964386408257,-0.21742259405141773
train:6131,-1.4651999495378343,0.11750762854352811
train:6132,-0.7539621167132774,0.10217073550300118
train:6133,7.002428516025917,0.11998222295389571
train:6134,-4.71389544558175,-11.565151821227914
train:6135,5.583355574097586,6.908430155337818
train:6136,0.29649481990302295,-0.1503680010132206
train:6137,5.451202134682358,0.49168979605999835
train:6138,-1.1511353843818108,-1.2686168466611945
train:6139,0.8739624662514107,-0.15590209915498124
train:6140,1.6008514799337767,-0.00033733356209643406
train:6141,-0.204197448688473,-0.01719984130482971
train:6142,-4.075195974169043,-2.936283339875824
train:6143,-0.11169906047753464,-0.27029725538563704
train:6144,0.6596438723208479,0.026718003733960077
train:6145,3.045679400132394,10.749363609329004
train:6146,-6.370503515727397,-2.3231534280582014
train:6147,-3.656135368431507,-7.684268775289072
train:6148,-0.5349281073792382,-0.03919457168753618
train:6149,0.6329534820917946,-0.2463185411181743
train:6150,-0.01373023249878716,0.33641522038726746
train:6151,7.857904594801593,1.321270751903458
train:6152,-5.99581616609651,-2.3988829217986547
train:6153,1.0707323227090018,2.005865740528828
train:6154,-0.8726236798643815,0.19540813449065564
train:6155,-1.027037087907734,0.38342224260593155
train:6156,-4.670371824343214,-0.10344286609950004
train:6157,-9.249715472306667,-7.184364183227454
train:6158,-1.625880896654814,0.1535309096781946
train:6159,-10.056030352601258,-12.530590021717977
train:6160,15.062647415311716,10.318106828399129
train:6161,2.098933707403743,-0.06464312028049282
train:6162,1.8527227727438067,0.9838213712276189
train:6163,0.11249761391422233,0.06564486033468284
train:6164,1.192940733689844,-0.21149446675241995
train:6165,14.831609959825876,6.9808173916214455
train:6166,-0.4054929183963759,0.007801893631187495
train:6167,1.9923199899283288,1.5536945995304252
train:6168,-0.1668632605548412,-0.023062915274464676
train:6169,10.728896828005615,9.28328868150037
train:6170,2.1506217269563472,-0.12653308884224412
train:6171,-3.1332884347947205,-7.482137809380443
train:6172,-0.8788005602243111,0.21035099837394544
train:6173,2.162106558774151,2.9606317711439467
train:6174,0.17159198545943988,0.2812856622900901
train:6175,3.8108628869388657,1.4212433103923154
train:6176,5.319389014130856,0.06302090005623873
train:6177,5.100712758028562,1.947912069036768
train:6178,7.092427048321205,7.61882906063387
train:6179,3.7082432669474312,3.132561158252643
train:6180,5.019241723818615,0.842532672892055
train:6181,-1.691252338061509,-1.852524403478766
train:6182,1.3043151959255832,0.8722991362214694
train:6183,-0.16069544606628128,-0.6868789467726022
train:6184,-3.7099424773022323,0.027737172560644396
train:6185,0.49800078054747243,-0.030142029988592514
train:6186,0.5114201298406389,-0.015284762591306428
train:6187,-0.43583487889240025,0.01545150892453015
train:6188,-1.0053991775305198,0.23905948913635386
train:6189,2.7592778304826306,-0.09892223035202347
train:6190,9.886975854135413,0.6579932114652902
train:6191,-3.325907516914403,-2.332010667108247
train:6192,3.512531327941219,0.4207656890437942
train:6193,4.649087774789089,0.3665670105645086
train:6194,0.09204221860516125,0.1468667952603748
train:6195,0.4115574645785726,-0.14735414874102953
train:6196,8.583637361196955,3.876779805812006
train:6197,5.925233767699553,-0.16190013025088207
train:6198,-1.1384517654190365,0.2461023680047401
train:6199,2.828612684885593,0.7578871638478342
train:6200,1.6053004981939263,0.17672620210750828
train:6201,0.2775614449220004,-0.05377664638232027
train:6202,-0.8247084575510387,0.2712483330196736
train:6203,-12.853184550372191,-7.005094326800698
train:6204,11.524045344271546,1.3905371403073903
train:6205,0.48269944934123993,0.4390794852067206
train:6206,7.711410341628846,9.648175088469438
train:6207,0.2617367339878444,-0.13641534581218387
train:6208,1.302716115690902,0.3151844386421442
train:6209,-1.607930006426209,0.8357203338926387
train:6210,5.523511524727562,0.1782220720308283
train:6211,-4.987651286961899,-6.053636315048004
train:6212,-6.880635913455455,-0.47092343507032136
train:6213,-1.653592708391527,-0.6918595209715388
train:6214,-0.9498072542911528,-1.640224860354514
train:6215,-6.9549974448455885,-2.071038394147698
train:6216,0.07410248637208838,0.39402006836626113
train:6217,-3.9565474286793925,-0.07648510879748777
train:6218,-36.98096629690226,-12.222775927756752
train:6219,-0.2526654566971308,0.006039034001940835
train:6220,-1.5001123877245388,2.0830072909667225
train:6221,1.4306516003367897,0.3035932478291401
train:6222,-6.819152568575186,-4.019412143475084
train:6223,1.941939315518892,0.0794120564827115
train:6224,-5.988684347285632,-0.526518352729739
train:6225,8.410820466731229,1.8982093281522265
train:6226,-2.0723132277235767,-1.2949085206412878
train:6227,2.27423325587534,3.8090524422264207
train:6228,-0.4559460035476507,0.10578290721235825
train:6229,0.5301899704496454,0.7160901144105964
train:6230,25.88826485708434,9.604957993329398
train:6231,-1.0505918489340518,-6.590173920546255
train:6232,0.1660076411539081,-0.23968823731232597
train:6233,-3.6966240148853347,-0.2067566834195127
train:6234,-1.562330068185759,-0.005400936352456628
train:6235,-0.1403472140059756,-0.12040808962543778
train:6236,-0.4026251973155287,0.037211990257206416
train:6237,7.064138740148671,0.5125964524447875
train:6238,-0.40904685620244186,-0.14838444511089435
train:6239,1.4039096043784007,0.012919279546920029
train:6240,-2.5504579768437594,0.14102126857037062
train:6241,-1.0223951293081766,0.08162101646484757
train:6242,-7.066026939052796,0.06852703667923817
train:6243,-0.7379236604272114,-0.19527591207345346
train:6244,6.12849339330845,0.2517668581268464
train:6245,-0.7544309849838622,0.20704212354666157
train:6246,-0.32249939894190993,0.762988714413656
train:6247,0.2579230240982988,0.10934657424631322
train:6248,-18.09917008005939,-11.523137642037847
train:6249,2.1189511513881727,0.030119608087747995
train:6250,0.16927344697118385,0.3015580487135916
train:6251,-7.194439660465918,0.14085235817132327
train:6252,5.435502834968817,0.0698617712176562
train:6253,-3.420814172494334,-5.467736357357886
train:6254,-0.9273643410279521,-0.0670232732346363
train:6255,8.514638176492914,1.8504215233203987
train:6256,2.4026817758574603,-0.6551523239137027
train:6257,0.2836942744454026,0.9518485871410536
train:6258,-0.7200348365487533,0.13531626277822253
train:6259,-0.2757642508851976,0.034132228690792486
train:6260,-0.4458442982593358,-3.8552469282901654
train:6261,-1.438466089617854,0.2339904652352134
train:6262,1.4174786567782882,0.09766493647976524
train:6263,11.530478858528712,4.806981071552156
train:6264,-4.79513774088329,-11.911751394927148
train:6265,3.1674577633687733,-0.02584965153712586
train:6266,-1.0631218130000204,-0.041504963505586634
train:6267,-0.5433442579674985,0.03286839657494753
train:6268,39.885921900679485,16.645109187028343
train:6269,0.6375403480884125,0.23167985942594796
train:6270,-0.7012054866302427,0.12737661805813727
train:6271,-8.405590794318892,-1.4540982974164303
train:6272,-6.989543528845659,-4.90973286509962
train:6273,3.045105693195456,-0.14982931379463718
train:6274,-0.9622693405509687,-0.04799545971762886
train:6275,0.10819667155311219,-0.03538852393738065
train:6276,-2.426034006375092,-6.428397132642461
train:6277,-8.47683552562375,-2.0166147217384314
train:6278,1.97390092880386,-1.2035191497864537
train:6279,-2.2802166715979535,-0.29913956198783126
train:6280,16.897843853112022,10.849926926232095
train:6281,-0.6399069460509723,-0.022787294589532686
train:6282,-36.25507917823538,-11.274382840846231
train:6283,-1.2990873831791672,0.25316550470814725
train:6284,0.02084014338738928,-0.0792130688064264
train:6285,-33.9212616747642,-14.506809734550474
train:6286,1.2572619287670883,-0.18091738686794906
train:6287,4.03442518279298,0.09075416152144472
train:6288,-0.5758054240107644,-0.035015893901644446
train:6289,-1.3379460324523604,0.11568185549706872
train:6290,0.40526156559963483,-0.19762068514671538
train:6291,-5.660667173633309,-3.011333768160647
train:6292,2.0178011323916003,-0.03598142226376644
train:6293,-19.543529829362143,-8.366844828131235
train:6294,7.86059553139073,3.42821741266352
train:6295,5.936085848187395,1.7089261094711357
train:6296,-0.721363800308264,-0.07362361827038333
train:6297,5.38515888896134,11.465823316477358
train:6298,-0.5552231065025266,0.48420452601978287
train:6299,9.21574059758432,4.651113294398818
train:6300,0.2212322803736797,0.10656982424035247
train:6301,-11.35103010354546,-2.8569199899828925
train:6302,1.1494264107809191,0.44581407406468343
train:6303,-0.45760203605119354,0.1432102560391058
train:6304,13.639629192129858,4.0008356489420605
train:6305,-6.180999838943548,-7.692104277617854
train:6306,-14.032669292905315,-8.8981673250589
train:6307,-5.968365637421838,-6.772430523691301
train:6308,9.833472335726453,9.278407969868438
train:6309,2.0432678624439764,0.13440680011443298
train:6310,0.2773946561346208,0.2904250844223275
train:6311,-0.01540230462090722,-0.03422412640611003
train:6312,1.4563749642864017,-0.1684202999114056
train:6313,-2.1310275300459853,0.36273984901447215
train:6314,2.431503575691368,1.3884902430054213
train:6315,0.8878620742689343,0.10595766670461586
train:6316,-7.485727502325742,-1.2771292745334546
train:6317,-0.12362695770125554,0.10666426569657658
train:6318,40.088930471388906,12.272275745150587
train:6319,1.6361251582258305,0.6583589937821461
train:6320,1.370920990588007,0.06715378372211844
train:6321,-0.3141009151799086,-0.15230847335092498
train:6322,-1.0180560637956653,0.03046142338852286
train:6323,-0.46275214836393785,0.00894389341528716
train:6324,6.5731116202703,2.388729692131637
train:6325,-5.279766680157014,-0.11464773143900728
train:6326,-1.5365943839494136,-5.339800996160522
train:6327,0.3455070126521066,0.214710427406115
train:6328,-14.87980384018785,-8.163718089768762
train:6329,-5.900272110021813,-0.658404277077794
train:6330,-0.4891224435961665,0.005102608445060122
train:6331,-14.01989152835524,-2.5551373097471095
train:6332,-4.974748924795049,-1.0517934579212407
train:6333,0.2836952042783636,-0.106500657901173
train:6334,-9.771891066545612,-1.3794518845455441
train:6335,-8.528211586217939,-4.331678966638224
train:6336,-2.827156739545477,-1.762061899906542
train:6337,-0.04328334595652231,0.31044431923847304
train:6338,0.8149222574761715,-0.15615689136165234
train:6339,-9.415353126480504,-1.8372150439745702
train:6340,1.2326620354926057,1.207966326728306
train:6341,0.18393133376840368,-0.144789392698738
train:6342,0.43877332665971164,0.30933063762515967
train:6343,3.168966882264478,0.25564865876711523
train:6344,-3.9405673194116297,-5.154659791437151
train:6345,1.5662375181275534,0.04315766483583496
train:6346,26.01991432703471,10.047037593949582
train:6347,1.1463319266867078,-0.34603844731251066
train:6348,22.706709344738947,7.136628104450781
train:6349,9.293171507578718,0.37726157818662365
train:6350,0.16006228920126767,0.9458230225088216
train:6351,-0.4995914329040768,-0.10942891368736035
train:6352,-0.8937883052644461,0.15530104500875158
train:6353,3.3300627673403045,1.0551643303820013
train:6354,-0.030804290245168092,-0.0062804402461448805
train:6355,6.381874734847146,9.73493454539633
train:6356,5.903998242536212,3.8918148285785596
train:6357,-1.2717233289698688,0.05620285462442224
train:6358,-2.7044225080251887,0.23343751193562937
train:6359,-4.588185748586258,-0.042328116379322434
train:6360,0.3369141938012561,-0.05372100866641785
train:6361,12.311204735736554,4.039819712527596
train:6362,5.763911468297723,0.4095322915422857
train:6363,2.4946250537906813,0.06691097502348789
train:6364,32.64094241844796,12.38637586099355
train:6365,-0.23123966446414507,0.04685557569200577
train:6366,8.129709646629562,0.9126356242858633
train:6367,4.688932976833904,0.43875921168825666
train:6368,0.14102163474236962,-0.055632663520500975
train:6369,-0.35081234768791,1.1940881404700925
train:6370,-0.042015053797716945,-0.11402344773442014
train:6371,1.6648105050727113,0.04077180544929122
train:6372,16.204115937234313,17.582402121633905
train:6373,-0.10790813149553358,-0.3865768004230635
train:6374,-1.345948174914735,0.2210686770472815
train:6375,-1.5900532703762442,-4.188056052129338
train:6376,0.4531756256217763,0.2086434911389812
train:6377,-0.937017401912584,0.081401318817438
train:6378,2.0270966725027275,3.8187984581228043
train:6379,2.571439484531935,3.6099513066007027
train:6380,-9.90705530508856,-1.6473851490695353
train:6381,0.6844062539052657,0.013180206168421374
train:6382,2.1736223075379084,0.8167597136171443
train:6383,0.9181044264090114,0.07418952955000441
train:6384,6.2504177403197065,-0.02500281696892903
train:6385,-0.8186161919905602,0.1067244685583992
train:6386,19.366236081028866,8.344734625334356
train:6387,0.042314170705226944,-0.2442944695458063
train:6388,1.2655820741021255,-0.23910960506694084
train:6389,2.8389345281274245,-0.0346740786008696
train:6390,13.55433840411612,6.2238659814474095
train:6391,-3.614564396411074,-0.08521908890768756
train:6392,-2.542241507883874,-6.731802436931254
train:6393,2.1012324869415777,8.509399438675917
train:6394,1.8309818833661615,0.2613399691215027
train:6395,16.2282376639086,4.3100375472630255
train:6396,0.4300483552992788,2.231113178769243
train:6397,2.273216715990726,0.5902457327054942
train:6398,-0.17283278816446762,-0.5579639337929263
train:6399,-1.1175970068532255,-9.583288446751572
train:6400,-9.321844474757437,-0.005448014419758673
train:6401,5.078041570773435,-0.16466889125148249
train:6402,25.41530532147118,7.187151715636099
train:6403,-2.9665294020699173,-0.024754016516278204
train:6404,2.096580300179449,8.756551873649546
train:6405,-1.466529843130306,-2.0747500004416297
train:6406,12.396162643550255,4.373866846876002
train:6407,-0.5231543299688033,-4.116668297480614
train:6408,-0.013377012202726912,-0.005166259319996425
train:6409,-11.988040998300988,-9.818984648038462
train:6410,4.18727647146185,-0.16166959038191203
train:6411,0.9520670402260535,-0.3465588739474133
train:6412,-16.565047976033444,-4.77795365103745
train:6413,-0.49932375724042866,-0.26877078471857063
train:6414,4.289525553018326,0.22610688621346062
train:6415,3.04029729449588,5.160828955686183
train:6416,-0.8579544026133893,-0.37694277326253456
train:6417,-4.698378393128565,-7.840467525521625
train:6418,-2.933719316208036,0.11792562471684628
train:6419,11.313451196266271,4.782782944958903
train:6420,-9.387081555301268,-4.879530430334827
train:6421,5.921830579062289,13.732691033324654
train:6422,0.7379581236281965,-0.2490465011271129
train:6423,10.873956348919537,5.004306650736536
train:6424,1.100239176976927,-0.03565672626019231
train:6425,-9.87349298436123,-1.6583594745400725
train:6426,-1.6495616500473473,-1.242549720796051
train:6427,5.247239555354944,3.105175418520612
train:6428,-8.350806895922636,-3.289307500492875
train:6429,-0.44564391925624014,0.08375322493120028
train:6430,2.0034431167243034,0.5712072909581412
train:6431,3.60525473572872,-0.07784523696008691
train:6432,-0.9564774110368935,0.1000442334690487
train:6433,0.8564230271080489,0.21143236731379247
train:6434,-23.90351658349585,-9.048827982647012
train:6435,-2.159211464468646,-0.20417366679354038
train:6436,0.4305783600870494,0.024236276283092162
train:6437,-6.046754275366068,-2.7264789343185805
train:6438,0.2512691394293756,0.08314720181029393
train:6439,0.3229448483116575,-0.17368063195876438
train:6440,-6.703886755397658,-1.849537228778046
train:6441,4.264610678828303,1.6829351644785353
train:6442,0.514301682186781,-0.011896283032039087
train:6443,12.586414835867709,12.947595498552595
train:6444,2.686322206529531,0.002366659430761142
train:6445,-0.1973678255899206,-0.029951149824804207
train:6446,-0.5121344146314999,-0.026754406394185193
train:6447,-2.244345808086697,-0.7811918656068935
train:6448,0.12771560884132513,-0.056453533821276686
train:6449,-1.721760157511952,0.38613365396090943
train:6450,-5.860381346161909,-11.023259870208511
train:6451,6.31150497635859,14.945061400497694
train:6452,17.751255702714275,6.882223364539678
train:6453,-1.3193944701309488,-4.053982281599028
train:6454,-1.5016898493428772,-5.746972067215428
train:6455,8.762213641023118,0.07261227163457581
train:6456,-0.6878830724232605,-0.028385732756606136
train:6457,-7.921868442182145,-1.5014248798495082
train:6458,-2.920951314904051,0.2070084555955001
train:6459,0.5569607912298253,0.11769879402893642
train:6460,-9.053121819195185,-1.900959317744782
train:6461,1.920622894887944,6.4880435574871775
train:6462,0.12215113971533476,-0.05310927911311125
train:6463,-1.2652674987216388,-0.019814813952243424
train:6464,20.12462272134866,3.9983710407883932
train:6465,-1.3494510881370658,-3.8339984566046015
train:6466,3.7308658704303457,-0.15119429242477653
train:6467,3.892966207562293,-0.015864821444791663
train:6468,2.1552676373459887,0.37629405257316156
train:6469,11.535089900182316,2.2915177629772097
train:6470,0.6715317867272458,0.006080120315222634
train:6471,-1.5485429699565167,-2.297046785148686
train:6472,-0.48238603625195453,0.0682773802617273
train:6473,3.529060503572454,-0.07877995058724754
train:6474,11.424873079983023,16.96947535880973
train:6475,1.193426338953727,4.878535168705347
train:6476,-1.8906220074780586,-0.24676592541835374
train:6477,-0.4278208810597729,3.5530082442867266
train:6478,-1.3064353881534778,0.07527674758306167
train:6479,-7.876377294398132,-9.533629930718133
train:6480,-2.08266412824544,-1.1621286836577338
train:6481,2.6798312750870235,7.308645085296821
train:6482,-1.0117471471552735,0.09759417671800216
train:6483,-17.084426632725698,-8.792435121687662
train:6484,-13.408549602321104,-3.066615402681291
train:6485,-2.037865938475613,0.13048063196225224
train:6486,2.1529532831060574,1.2791696209496923
train:6487,6.93351580578725,1.228657850611606
train:6488,27.798580640137995,9.006657958033541
train:6489,0.985418753787718,4.501856989824407
train:6490,-4.329495990673208,0.1373095196156292
train:6491,-1.1089146915798787,0.1279499718535522
train:6492,-0.5946398880105604,-0.09303747193926756
train:6493,-0.8154359308056965,-0.15051380036104695
train:6494,-1.4445044248665946,-0.10637283381540744
train:6495,12.681843592655243,1.8212366881133795
train:6496,-0.3130474144350945,-0.16315212151949654
train:6497,-3.343863056307813,-1.8566104943989636
train:6498,8.504226836828586,0.5247417378438557
train:6499,-9.62543865585611,-6.857652097086327
train:6500,0.08617357787180341,0.15429785419278796
train:6501,-3.496037659039315,-0.4996975498053326
train:6502,-6.070237206796148,-5.90247691526811
train:6503,-0.3426737522385085,-0.050257489521087245
train:6504,1.9703173525721622,0.24073375640258665
train:6505,0.4565911345457732,0.06769689342581206
train:6506,7.5631531251620405,1.603913344564759
train:6507,-1.519727911411576,-0.22755293816995825
train:6508,1.2153171638963332,0.12200572388302372
train:6509,-0.8310536376769097,0.14485741775143743
train:6510,-2.7192059222721436,0.23206682687308977
train:6511,0.5899480102707775,-0.134118934753514
train:6512,22.30710061208731,12.701785216479506
train:6513,1.0091211257965946,-0.5923871312825633
train:6514,-1.114800534223015,0.020266596583859528
train:6515,-1.5046123143393033,-0.10184535034905057
train:6516,0.5342870469340562,0.22714930875217593
train:6517,1.3203824770334402,0.8275865278101351
train:6518,0.07938184546641183,0.0032254775069984892
train:6519,0.634673208153166,0.06225581013217546
train:6520,-0.5626475902378794,0.08500293362685463
train:6521,-6.677018302156573,-0.09475596405660228
train:6522,-6.66719740642248,-1.6341838883548012
train:6523,0.1708603231482522,-0.22899053115239076
train:6524,-37.18992951789394,-14.137039762733275
train:6525,5.15734609418425,0.4882990339277709
train:6526,1.9145594541492565,3.2911494770527994
train:6527,-11.954294570647379,-3.99654475691757
train:6528,1.0842655765398908,-0.14409848639587797
train:6529,-0.08139882623563521,-0.40376928261934114
train:6530,14.278178030602882,12.660549394668832
train:6531,0.25603848514459004,-0.4433493830690823
train:6532,-0.8007568903086139,-0.06638030096393835
train:6533,17.55210407912708,5.829401994061376
train:6534,-0.4664338219730213,-0.009848957747640052
train:6535,29.557348527875863,18.885404330760643
train:6536,1.8373679761423167,1.4645638346196093
train:6537,3.5780524724546354,-0.2213076758903167
train:6538,8.017689880318889,13.105385202138336
train:6539,-4.048636225471011,0.05817927748624819
train:6540,0.939919237507056,-0.1115945047832545
train:6541,0.09381378285410841,-0.19826180282688327
train:6542,1.5406080673070024,0.148457891274374
train:6543,-2.7122107889065328,-1.0584520085674702
train:6544,1.6874365954292294,0.01122646637538642
train:6545,-2.0502375984799714,0.18393734940129686
train:6546,5.234684950715509,-0.09122539433056875
train:6547,1.9348990852546728,0.1568012660867768
train:6548,-4.634434710233487,-0.26844437678527644
train:6549,3.343287316628141,-0.037908199163710216
train:6550,-0.26074686741943076,0.08058872284364267
train:6551,1.1617471624306628,-0.09475510809174223
train:6552,-3.407086118658115,-3.6443523088228544
train:6553,-3.023680655184883,-0.0656500202775166
train:6554,6.744743907543709,0.3126088403782922
train:6555,2.3102173265495987,-0.02134299654902988
train:6556,0.42953206554768303,-0.21645192990013556
train:6557,-0.08130979472961936,-0.010863133445974157
train:6558,-41.38073502443944,-15.466204823128674
train:6559,2.850239669725515,6.447463404759293
train:6560,0.6943587210033398,-0.09773044194523162
train:6561,-1.846460520828277,0.16092245156623602
train:6562,0.8538599425510496,0.0011195186296869136
train:6563,-14.914077483130347,-1.1872141604892246
train:6564,-4.538375526698395,-1.4025018769398665
train:6565,-2.1497757520386482,0.30419384983926623
train:6566,13.71233562084941,6.037095019630527
train:6567,1.537968968905441,-0.2218824562938317
train:6568,-0.37160155302997044,-0.9573836723969553
train:6569,-2.4041094749876493,-0.16629836302337336
train:6570,18.291564899358658,6.180664864318091
train:6571,6.629933712517071,7.769074860586484
train:6572,-3.0011466182915045,0.16231938621781677
train:6573,8.003684736260292,4.126868200255561
train:6574,1.950540037949911,9.409622247122984
train:6575,0.5398762728626332,-0.20080487442605388
train:6576,-5.307189313842855,-2.165711531527255
train:6577,14.783848159951097,9.721198021322452
train:6578,-14.825496016267627,-7.963635162448581
train:6579,0.3800823863904484,1.7501295472779372
train:6580,10.464289613128754,1.838887967474637
train:6581,0.7009061397982285,-0.11845021266891265
train:6582,-0.5054163714882677,-0.11249369586872363
train:6583,-0.7759761445232164,-0.07918453664442515
train:6584,20.488613272596194,14.975670703892627
train:6585,0.0983550870356373,-0.00024403339235237742
train:6586,-2.748007033322669,0.007572352387887518
train:6587,-2.9520714293593127,0.11579684010993371
train:6588,2.510801125354975,3.9468422415357725
train:6589,-2.809715862695981,1.905162330710309
train:6590,0.054511370800277736,0.21398442654399347
train:6591,0.9133776205517627,0.04918051891267687
train:6592,-5.582989857904246,-0.32876250854237943
train:6593,-14.214000667794926,-8.018371262031762
train:6594,4.6637833198212295,2.523366687539852
train:6595,-7.873313494791633,-2.3645282014978206
train:6596,-7.9958599000538,-2.833957306004294
train:6597,11.214128299038066,11.556052284303602
train:6598,3.3607119214008194,0.06429200787339401
train:6599,8.707333039998918,3.306830182645441
train:6600,1.8983445620588406,0.12397558434758937
train:6601,14.244757044485624,9.854645225575215
train:6602,-1.953124216825345,-0.18486680873216077
train:6603,2.4561225305415517,0.1718337209587505
train:6604,0.2623185769631908,-0.08853695136600184
train:6605,-1.6045354187438345,1.263660108329058
train:6606,-2.27001407943337,-0.02556404459549344
train:6607,0.15688783947241025,0.106558696697172
train:6608,-12.77274191141711,-4.781067080555026
train:6609,-3.8428734895310983,-2.149241911655279
train:6610,7.736750149482045,-0.055758205033306446
train:6611,0.2904905397864791,-0.7332297292652379
train:6612,1.6611969417280212,1.680486962318019
train:6613,28.996975395598998,14.161565949370665
train:6614,16.18856913012638,16.23730812583645
train:6615,0.8218081354688644,-0.13551529876185472
train:6616,9.254416999597156,17.955034439943066
train:6617,-9.267622195469626,-8.751752253176573
train:6618,10.094858609226407,3.6738759036347624
train:6619,2.79862510697683,5.154419490814224
train:6620,-3.472111197286837,-0.17061699106388112
train:6621,-2.211226552765283,-9.319306030699893
train:6622,1.892574716077589,0.3357073374480166
train:6623,2.1527338425272613,-1.9689314872803378
train:6624,-0.22031610306742538,3.2938189461296354
train:6625,5.971761679235082,3.591131492544684
train:6626,-7.779357593414327,-2.033847006300701
train:6627,0.3478887797817106,0.2643329929154329
train:6628,-1.7957190712299718,-0.1863852903938668
train:6629,3.175416203681981,-0.27422128362566767
train:6630,-30.205121017482348,-10.036557220022162
train:6631,-10.161330216102778,-3.8358707370751226
train:6632,-0.3802313327410207,-0.08848887467302977
train:6633,-1.021364177012667,-1.991908580000747
train:6634,-5.695683753111646,-2.573131403034812
train:6635,-0.3551803542513323,0.056972367033595706
train:6636,2.658359339893348,-0.18045730575567903
train:6637,-2.7431137873654015,-0.756690156809948
train:6638,0.37234873319556283,0.42336867818316737
train:6639,2.1326878061792804,6.9864193963087695
train:6640,-2.2502400192264824,-0.7072907128074799
train:6641,-0.9962359061580951,0.10989524772159709
train:6642,7.063085239403857,2.9912941443602
train:6643,13.372113459750986,14.476732210836369
train:6644,2.4887943037504843,2.365035728840947
train:6645,-0.31889257688618705,0.04422733558926148
train:6646,8.068725622049351,5.075012772035051
train:6647,14.35150372807446,2.282920451922996
train:6648,-0.3091164293633426,0.1901526529108371
train:6649,-0.9976736603740429,-4.136114677814179
train:6650,-0.00767771729739139,-0.13717615591194696
train:6651,4.589972249544009,0.047544484743525725
train:6652,0.6888285394677864,-0.008732208926911497
train:6653,-2.876211007236046,-0.009583751301838528
train:6654,-1.2097401988730612,0.07496189517537799
train:6655,3.9158477695248464,-0.04633060806485648
train:6656,-3.085585214396486,0.03618468976435174
train:6657,2.470791110417823,8.354989655000843
train:6658,2.491670974473581,-0.12166493136159243
train:6659,2.809668035679918,4.121754380860078
train:6660,7.814527887170896,4.591218294604193
train:6661,-0.15463432990999626,-0.20175827661932533
train:6662,0.05999227118889816,0.09977574582461703
train:6663,-4.207785505242981,-2.5385849466053294
train:6664,-1.0823398330962295,1.5904230530489525
train:6665,1.1088094473784733,0.030394087486199935
train:6666,-1.1353419390809685,-0.10625271341338222
train:6667,-2.473817424866213,-0.034141383136306436
train:6668,-2.1346264485215394,0.0900616859496746
train:6669,-5.0187932524917445,-8.175852247624649
train:6670,-2.3215856374076087,0.05623937579178383
train:6671,3.107333369361007,1.574343325170723
train:6672,11.941761644005714,15.095046987132857
train:6673,0.8265477265293268,-0.16277349972974003
train:6674,7.7600619916473015,5.271283802511866
train:6675,0.5301076802325968,-0.18274401587926847
train:6676,0.9063118198811162,0.01451280079468932
train:6677,2.4632813145082983,0.18353048077115913
train:6678,0.954816091375253,-0.08134385066467906
train:6679,1.2929865760452275,0.19949693596624346
train:6680,1.5395057503317355,0.0777263763516782
train:6681,8.982730966388194,2.829055991396845
train:6682,-0.04547031308079669,0.019044564085346397
train:6683,-11.787729873011425,-4.280017778153917
train:6684,-2.549519775386109,-4.800961415832011
train:6685,0.6728967815139952,1.0650738355666522
train:6686,-2.5980542664514785,-0.05428879869024256
train:6687,-1.5989585131019908,-5.267955870954919
train:6688,0.8621986845453066,-0.02899760497072275
train:6689,0.10458589770730503,-0.49031831485147476
train:6690,-1.5836692697242514,0.03372635868632484
train:6691,4.482439857103126,2.648290193716364
train:6692,5.470074954291795,0.27476121280526633
train:6693,5.22153292839863,3.6308268629289104
train:6694,-2.9214385473756153,-0.053274195009478414
train:6695,4.411922255173771,3.1554659219423793
train:6696,-0.11023782797932158,0.168694897816994
train:6697,14.083091636721184,3.3221616545751878
train:6698,0.6390304054084166,0.2261735088117335
train:6699,4.4849680729240875,0.3367784348095432
train:6700,10.352636201004715,3.4770131161180418
train:6701,3.9601547750330246,1.554448561911308
train:6702,-0.07004463594885196,3.434542992979195
train:6703,0.9639239214573779,3.8999561956839934
train:6704,-0.1564007800776579,0.1265517532546814
train:6705,-0.2761342081745559,0.04571699976734626
train:6706,37.76675447658947,19.257019762816086
train:6707,1.3752056608722998,3.1675960852955867
train:6708,2.4290764792049155,0.11162287013077221
train:6709,-0.5545041131654326,-0.020136942061237437
train:6710,-0.1625348881213815,0.06506751203658773
train:6711,2.702147963525768,7.40633806670259
train:6712,-26.616242878240854,-12.413899185565302
train:6713,0.026332201771541705,0.15059223965287682
train:6714,-0.6777895031733544,-0.043591520512737375
train:6715,2.192290331437685,4.326863533838398
train:6716,2.3393885111186026,3.9608004605083993
train:6717,6.3596991485602326,6.258479488457595
train:6718,-1.353302688719772,-1.4630237283336582
train:6719,-12.708244048077276,-4.743567830680035
train:6720,0.8565011330767729,0.015966514448652547
train:6721,-14.64838701285392,-3.1149206382710117
train:6722,0.1494301142087017,0.10188883774242892
train:6723,-1.8625475608865552,-9.4524074251492
train:6724,1.1750460983553799,-0.10816836277014552
train:6725,-1.8495298994325413,0.11545502480915885
train:6726,-0.19333560495453977,0.01788216380541585
train:6727,-9.265985689458264,-3.007742424929551
train:6728,-0.5198492387089252,0.07406298941152889
train:6729,0.3745561566449792,2.275253289350023
train:6730,-0.014389019151656385,-0.13115073394052493
train:6731,4.704589969147719,0.054117153582131546
train:6732,1.3565643696701515,0.6662411461957989
train:6733,-1.2225888631864135,-1.9674452469616934
train:6734,-8.342379819797083,-8.855410168370321
train:6735,0.6455662012912927,-0.08321698710006051
train:6736,0.385071172684459,0.04953060854043209
train:6737,-0.19873816691619584,-5.334636674838298
train:6738,0.6235986651294038,1.1606361777749779
train:6739,24.66468650570759,8.70860072219026
train:6740,-13.27269356805517,-15.275073576314762
train:6741,-7.052537852287555,0.14934067636669238
train:6742,8.914048854723855,4.3651725264709835
train:6743,-4.845135789029276,-12.663660601432325
train:6744,3.9941201783489495,-0.12940998673682924
train:6745,-1.7077245614238823,-1.1621640635386152
train:6746,0.3602148779709802,-0.2220114216660773
train:6747,4.0244078598458755,0.9555213183642584
train:6748,6.275553914754447,5.577263278456412
train:6749,-3.6899594371373596,0.08181417920159596
train:6750,32.87922885169777,10.958375391425852
train:6751,-2.6837295403945918,-1.98392556639442
train:6752,32.47717279869278,9.676122911792893
train:6753,1.4170820830204214,4.887963906960278
train:6754,1.7095038561761857,-0.13831202128121634
train:6755,0.8304655777105046,0.11383668058044848
train:6756,-3.1810637172474325,0.09344474439816172
train:6757,2.030733249213202,-0.24278568881918067
train:6758,-0.39546466991198004,0.2554495042763466
train:6759,-1.9938343959821312,-2.9416810542832184
train:6760,1.1502111898000038,-0.017254623055872095
train:6761,8.005154802171635,15.711518585764065
train:6762,-13.301439354044517,-1.9280100898949186
train:6763,16.932455955252323,6.119061643984452
train:6764,-13.835726022600497,-2.5945099813791015
train:6765,0.12406334119963332,4.808630801159067
train:6766,8.951557386537676,6.78382563873248
train:6767,-0.11999084590726111,0.03501059129800069
train:6768,3.7549150701336753,0.13024096180144182
train:6769,-0.25996999198051446,-0.5251736319346205
train:6770,-29.862001496877447,-9.739191603785793
train:6771,2.005255361165294,3.02119099966996
train:6772,-5.8616217433318845,-2.3894382055330037
train:6773,-1.0944553241198323,0.08713685402292742
train:6774,-1.7958750507091796,-5.3449190953803045
train:6775,-0.24510451997475113,-0.14391431129015997
train:6776,0.39895915778997004,0.06401167938173181
train:6777,-7.296598548225177,-4.326835632138513
train:6778,1.685483016378166,2.4554746933795197
train:6779,0.466798608333402,2.555311010794821
train:6780,24.6826992298281,6.00497122907657
train:6781,25.46380354905107,7.447697147453108
train:6782,5.825969449947891,3.979055623078413
train:6783,0.5111881365168691,-0.8468161948617723
train:6784,3.642391334358139,-0.14266346130802557
train:6785,6.363755079936119,3.784546168283555
train:6786,1.3207323266850168,-0.19120836705855654
train:6787,-2.27721307867568,-5.298437920907324
train:6788,-1.2894777919854623,0.16238529551203962
train:6789,-0.5901097418245635,0.01562783768569781
train:6790,-1.3649400131431806,-0.13556836858317703
train:6791,-10.846671968505218,-6.864442180999382
train:6792,3.3886289937636733,-0.08333140106968548
train:6793,-23.402639743061595,-8.33227126614785
train:6794,-0.030208267317166443,0.3314039741141795
train:6795,-13.04269659565269,-10.451040513554748
train:6796,-1.5067016490026726,-5.634880044934114
train:6797,-2.0986770141250783,-7.055429055073567
train:6798,3.297485837093394,-0.0974195840402281
train:6799,-0.8968995263519554,-1.6374986122752955
train:6800,0.05497814694670025,0.054332000762000884
train:6801,25.978629743566263,21.2732141758988
train:6802,4.409817113350064,0.3571115947381074
train:6803,-3.210824415913711,0.1245279670039334
train:6804,2.8944504375222295,-0.0694701914478627
train:6805,2.124160773010421,0.37267902764760436
train:6806,-1.7619117395174166,0.19020871860916955
train:6807,10.991238969789476,2.7389967899345087
train:6808,2.715063343354072,-0.35943087351265307
train:6809,5.809680636137075,0.5592754974612474
train:6810,-2.7509048577456285,-5.525673194874365
train:6811,-0.9713235890087161,0.06647015312056873
train:6812,14.12333666693923,8.495233220242302
train:6813,-0.11717298711894758,0.06148101927303176
train:6814,-1.786827078623919,-0.13482111126036453
train:6815,0.21400538614253964,0.025715668882856493
train:6816,0.16691910991392933,0.10657981049705291
train:6817,1.3130179675240723,-0.1852642617488381
train:6818,0.13595497493787514,0.020298837926920943
train:6819,4.703303080329694,0.0762638177274946
train:6820,11.839993286090076,9.311177728570103
train:6821,-7.991360438355516,-2.3602401028706543
train:6822,-7.164328879689823,-0.9900367345560352
train:6823,-6.484656318850607,-2.2969189610629206
train:6824,-7.371054922577332,-7.182563803805176
train:6825,1.2880505577717538,0.11862437736425667
train:6826,-0.3485314674345745,-0.23275563525007453
train:6827,1.9217028958721465,0.31443118956531146
train:6828,-2.841942943291315,-0.23925026862560694
train:6829,9.236961245420284,5.18422646981368
train:6830,8.896000796950826,0.7848172449527051
train:6831,3.679174596462378,0.5634145155419574
train:6832,0.13039248170692688,0.008814214738991522
train:6833,-5.112763101363467,0.2132521486062316
train:6834,-3.9958338011146464,-0.5855599555589064
train:6835,2.647431013102703,-0.05679021333289133
train:6836,-10.13879571429292,-5.497853195636675
train:6837,22.201294919455005,8.945397123643916
train:6838,0.49295852885820424,0.19412261793168975
train:6839,-16.279094585870883,-10.278086536508587
train:6840,2.797645063035935,11.088125968769734
train:6841,17.432019871545645,8.562250703637295
train:6842,0.8261730038460434,-0.16091462937535922
train:6843,42.55974584400212,15.942768334924681
train:6844,-6.0641839942200315,-4.563979270003725
train:6845,-1.4010630938451083,1.9136880260378997
train:6846,-9.92613454761534,-10.818433185634003
train:6847,-0.12052038577855118,0.09591249108964904
train:6848,-6.939954607202514,-13.061699098073873
train:6849,-0.7875337357702187,0.09696832374450495
train:6850,-0.5315809411778749,0.1354372391451078
train:6851,-6.939756552781821,-4.447219671340628
train:6852,10.781429600803289,3.976845236488177
train:6853,-0.5250781543651144,0.20541678893826087
train:6854,5.155868589609219,3.371304594441265
train:6855,0.20361368919951256,0.7886635230512824
train:6856,5.683193598786186,2.394034677012528
train:6857,-2.8542106944622816,0.11815074347503607
train:6858,19.322232665982455,5.07682855882481
train:6859,6.344595871774693,6.592841047231254
train:6860,-4.337910978970267,0.0819231720604407
train:6861,-0.7631158572978518,-0.07158356868729462
train:6862,6.119503768241493,7.2461528027952244
train:6863,6.111706189030538,7.75358532047925
train:6864,1.8431001638886477,0.1787298018536404
train:6865,12.365227100937751,8.77645476857513
train:6866,0.2258328614064724,-0.09534829173974804
train:6867,3.503055400235658,-0.22174864045404585
train:6868,-2.9599647813652505,-0.08139378194818123
train:6869,-3.9338966977494088,-0.7633341560535569
train:6870,-13.137004903722215,-10.442858630779272
train:6871,3.422751771308248,-0.02717982092962369
train:6872,-2.9908417445012105,-0.6706648324113471
train:6873,-1.038387326404433,-0.11126724088510029
train:6874,-0.06827737217734942,-0.13718143436191718
train:6875,4.830134155876153,4.759885314309668
train:6876,4.811984746310374,2.4393331933705578
train:6877,11.7342703485913,1.4700907997208696
train:6878,-1.8588228825030257,-0.02406952994986844
train:6879,6.751189509629368,8.204793501010112
train:6880,6.009350176683547,3.9396144742576182
train:6881,-0.06484291790677207,0.08752774464234442
train:6882,-0.42435306903171965,0.15237079197122416
train:6883,0.021294831705318762,-0.04264710595049631
train:6884,4.6564869205762545,-0.027136452043381817
train:6885,2.0378999367601174,0.06831532803718895
train:6886,4.124979057824224,1.6508571680445905
train:6887,1.2694501792198896,0.1745496974596486
train:6888,0.4028123855803582,-0.052949499005904316
train:6889,-6.085802610563304,-7.907957501519361
train:6890,-1.6591619429114424,-4.3231566951700735
train:6891,10.741920068457395,5.446022180969584
train:6892,16.170872549212607,22.3710541622259
train:6893,1.2923282543088388,-0.015375209544850374
train:6894,1.6939895932218838,0.3300101780004189
train:6895,2.8541149810487267,7.43784784513028
train:6896,5.981074886172468,0.5510438260630794
train:6897,-0.9741349389663027,0.15383820106294796
train:6898,-3.247549098541407,0.24087812914231294
train:6899,0.2631628652917797,0.05240693579177717
train:6900,-0.39606139021470244,-0.11949720035354816
train:6901,4.041164147177835,2.103571133425067
train:6902,-0.3581407099409193,0.05922926104789385
train:6903,3.1086323460075254,11.750219353154446
train:6904,13.202441260359368,1.2848442399893092
train:6905,-6.445774423753389,-0.5063780702163032
train:6906,-17.438464251958674,-13.181167825518989
train:6907,-0.9163834786750108,-5.486115064189365
train:6908,0.27554800787407285,0.01215604421338684
train:6909,0.1143663457075941,0.7223295275970278
train:6910,0.14265662977516977,-0.8264003629938095
train:6911,3.1672741213589757,-0.027420061733674145
train:6912,-2.540226559857385,-0.059829744550883496
train:6913,0.4104356211111249,-0.12097274111144232
train:6914,-0.36613343784456376,-0.10231698698693106
train:6915,1.7912059538769411,0.004669062243451261
train:6916,6.239667011624613,1.824558973056804
train:6917,-2.790209826840102,-0.1251253119691029
train:6918,-9.79963728210188,-5.739801934904516
train:6919,-12.356372009810471,-20.28062939501315
train:6920,0.6696070324979737,-0.23470623650528932
train:6921,50.22964783141557,17.428609203301296
train:6922,-1.606083358165661,0.20487510584266733
train:6923,-4.100383289416638,-0.100084630631954
train:6924,13.27679256358693,18.08371905571458
train:6925,-0.08295827234035402,-0.056144530506803236
train:6926,4.559749888812593,-0.29423830719925814
train:6927,-10.707910206236155,-14.309706135586463
train:6928,-3.1618012976273357,-0.40786107997193904
train:6929,5.859579192156233,0.11448692855245675
train:6930,0.8675549873171529,-0.11787015381542743
train:6931,2.4185159013503466,0.10626110624749904
train:6932,-0.2731596725323137,-0.7522528349755151
train:6933,-4.493879300182654,-0.23731635868516282
train:6934,2.8421168814364504,0.7771246887555507
train:6935,0.8447094563818387,-0.008445888681229044
train:6936,3.5512249318638345,2.364790352247736
train:6937,-12.235484426550732,-12.70679894780524
train:6938,-4.830783817276225,-6.434471059289285
train:6939,-2.1120422006482666,-0.0026427322517966895
train:6940,-0.23512543640816824,-0.09316857722366326
train:6941,0.8059628519804464,-0.23974701356604855
train:6942,-0.512312942560012,-0.05361914884807342
train:6943,-28.992391957094554,-11.251722597784845
train:6944,2.3619648554117068,-0.12738505919960116
train:6945,3.5090026118542204,0.3518188786868773
train:6946,0.39160417906845213,0.4228817768386162
train:6947,-2.1321956327032425,-1.7703734613583135
train:6948,2.655665613805328,0.5018660769593608
train:6949,0.26806424728745626,0.14219707896644174
train:6950,-8.263064138390737,-11.473434615831687
train:6951,-3.049022787620485,-1.2437783156918243
train:6952,-4.113560882139945,-0.02359218687958768
train:6953,-1.3639060388905473,0.018636839490348667
train:6954,-11.98061070310963,-13.55948489178528
train:6955,-2.058161634973622,-0.07808804565871746
train:6956,0.9636773994935925,-0.16932505476846493
train:6957,-0.5089692632322524,-0.0576359066146081
train:6958,27.196234848001545,13.18939187607535
train:6959,-4.712608556763724,-0.7962739664407494
train:6960,-2.1671543300797573,-1.643303337973638
train:6961,-0.06387170737900655,0.8560223937646216
train:6962,2.0437790381142866,1.0427004833941893
train:6963,3.3644398541997127,7.73126803400512
train:6964,7.727360696241857,5.920629016914424
train:6965,-0.34237434602506617,-0.3594943575731058
train:6966,10.84143823060741,2.53482491847793
train:6967,0.8146986326490507,0.03326699087810486
train:6968,3.237397939029347,2.08225832171419
train:6969,-8.106627181366006,-4.671623128229046
train:6970,4.354717071747067,-0.0726986055783031
train:6971,-1.069464668543489,0.04370006123547855
train:6972,0.5835937642735368,0.20950073994630847
train:6973,-3.7087690281054493,-0.14073154861892156
train:6974,2.483925930824923,6.971390365296236
train:6975,1.1666069344013348,-0.09973425568257877
train:6976,0.0456677295081972,-0.028847811120216227
train:6977,0.7726450773218584,0.22667082439541514
train:6978,0.15004868558600762,0.2661215314904807
train:6979,6.465891651704314,10.606524758631911
train:6980,0.02073402620071503,0.14717822380861834
train:6981,-1.4337244064332295,0.22239585056276923
train:6982,0.7174585612534878,-0.14836789645693363
train:6983,-0.601638740708015,0.018828575618997007
train:6984,-1.1431446323732084,-1.5765198183070537
train:6985,6.972309366753173,4.485649009877982
train:6986,-0.05728918738984018,-0.1816770556812321
train:6987,1.5786944903060838,-0.053014267013647115
train:6988,7.03903882919941,5.535509883227036
train:6989,-0.5571838917590375,-0.09257211237702731
train:6990,-0.8819843082827786,0.09566226402889816
train:6991,21.402293175398686,12.265059390737234
train:6992,6.100495193019749,7.901836722307977
train:6993,9.884960906108923,0.10315595105690402
train:6994,-0.5079624865937287,0.08639872699195532
train:6995,0.03623596886828352,-0.029660692415631573
train:6996,1.4948737682036874,-0.7193548955360596
train:6997,-2.6785275898942715,0.34488356606923565
train:6998,-0.5358591026314404,0.1727350519563697
train:6999,0.3386446129416789,0.008804513803911104
train:7000,-34.93237691388407,-19.11685957130654
train:7001,1.0408979347805638,-0.16066283304569828
train:7002,-11.341343103757751,-4.012463991384543
train:7003,3.9048980565760982,5.763093820213733
train:7004,-3.033017107946294,-3.346974709078443
train:7005,-4.9341217332300324,0.13189211801645362
train:7006,0.9546403529456238,-0.06508936329419221
train:7007,1.0823859192092273,-0.13430724702272218
train:7008,-5.201034933850176,-0.6868870784387726
train:7009,4.659712046201486,9.990938798309223
train:7010,9.540254160639591,1.7337796198255564
train:7011,0.5388371845287145,1.2499185911268305
train:7012,6.449913402102472,4.940721586430292
train:7013,-0.0919201186476018,-0.20519511819318476
train:7014,3.748963209350308,-0.07887268011375159
train:7015,-0.004893564953914131,0.2365423818046044
train:7016,2.6586238773707525,0.3702689159233596
train:7017,1.7539354593011383,-0.16519502431878536
train:7018,-0.7390094728674202,1.7582282588011795
train:7019,-13.093168858608784,-4.073657775193463
train:7020,21.64787693772643,11.349079981146602
train:7021,-17.670939229202222,-5.387648861193363
train:7022,6.156451610779828,9.94695133479515
train:7023,-20.701787415228576,-5.719623989937239
train:7024,0.5330141056104457,-0.09281292382431777
train:7025,3.2390232870451765,-0.39225355937483036
train:7026,22.984599223463704,14.16051824838198
train:7027,3.788919061517482,3.4301932648821056
train:7028,2.025727958384134,-0.014214806516259906
train:7029,0.47736406781101615,-0.08627392293687344
train:7030,-0.4166289466246843,-0.12763057845362186
train:7031,-33.96100645484923,-13.76025772678265
train:7032,-1.0098414545017023,0.051802624600590895
train:7033,1.8368228615689297,-0.02287403236201646
train:7034,-0.9161454414369944,0.05247398637248009
train:7035,0.47249383521953314,0.5270699622631569
train:7036,-4.455740341621275,-2.567244076727476
train:7037,6.687900429138835,11.59254263693023
train:7038,5.886332346110154,1.5710679756337906
train:7039,2.8336349451661995,0.49688864129824445
train:7040,11.922113343706801,3.4938853247958552
train:7041,-0.562266358723869,0.03747234623546773
train:7042,3.527109481562033,9.762683784872257
train:7043,15.251436980381516,9.964108294449735
train:7044,-0.7864690770298725,0.2617280065247196
train:7045,0.20195172901084338,-0.014102389797975012
train:7046,2.1569264593484148,0.11206625992827149
train:7047,5.882026289667758,7.070292539727617
train:7048,0.6735200020561062,-0.050504007400777956
train:7049,-10.583284694473189,-2.8447547320704234
train:7050,-0.6322746446488358,-0.03761902570182765
train:7051,0.49807284260195,-0.02815433692277608
train:7052,-0.7768364724703826,0.20130373512497202
train:7053,0.35961048654632954,0.041255425595212246
train:7054,0.05872118953120979,0.01788615830809602
train:7055,0.43685961419685143,-0.007312020563299743
train:7056,3.3331044834139787,2.928607843156994
train:7057,0.9693198583591869,3.282403513434559
train:7058,-0.3942859904047912,0.1242246701218602
train:7059,-0.9296879935974937,-9.122657234398181
train:7060,1.537667935484317,0.23933924698477602
train:7061,-0.5179182081071664,-0.11004292581362704
train:7062,0.04560217628444663,-0.1256679936903665
train:7063,-1.2675783660879665,-1.294156127529315
train:7064,-9.25962935133686,-1.510712954545772
train:7065,-5.556244142614013,-1.9045366802164978
train:7066,4.516374575931338,-0.05897962878405652
train:7067,-0.14637834304926833,0.4207308798061527
train:7068,-1.4350503482356172,-0.015973528982016386
train:7069,16.043109781039227,10.940088558156017
train:7070,-2.0986491191362484,-0.2218065607429084
train:7071,0.9733248813804585,-0.10138270134220045
train:7072,-4.387762113508414,-0.12926104885118275
train:7073,0.11876759379937223,-0.12267982036397657
train:7074,0.14667036998045072,0.04446957364465201
train:7075,2.2395244511070946,-0.1792622361502571
train:7076,-1.0748841999566832,-0.07038807109944262
train:7077,0.3575425380410633,0.00825241646918709
train:7078,-17.219397466012758,-7.331268867009722
train:7079,4.517047310078622,7.543572630139398
train:7080,1.7632863244734445,0.1116688069115942
train:7081,2.5716998377610154,0.23764029939841214
train:7082,1.592210077310714,1.8139995052217648
train:7083,-1.2684359045362497,0.24241629799579983
train:7084,2.5175166114575647,0.11716581324275324
train:7085,-0.8175461867106882,-0.18905875397338306
train:7086,28.18530374761608,10.851821461788978
train:7087,6.0477392603114355,8.502457563661014
train:7088,-0.9278534331654386,-0.11677879861887996
train:7089,3.4250847222073992,0.026665219234257784
train:7090,-2.0478718709689447,0.2188190587342937
train:7091,3.274238618318927,-0.07010246415781021
train:7092,1.3647278381512598,0.061311823552364406
train:7093,1.757993017884706,0.3542075199592161
train:7094,0.15579854015859756,0.00882377301326194
train:7095,-0.550279882023605,-0.00635248395519801
train:7096,-5.485666101542193,-2.5394100967304056
train:7097,-1.2459014027263904,0.02147550428785211
train:7098,0.15508338238246766,0.08575618270368739
train:7099,6.1202355467818,6.205049591250831
train:7100,-2.292293807011915,-3.8318208820006667
train:7101,1.3639611908749147,0.976052063514681
train:7102,0.5081280562422148,-0.06525057000949921
train:7103,-1.2736624956100364,-3.3729398324644317
train:7104,1.259398684911469,-0.22450969777090596
train:7105,-0.6927651603849964,-4.667416060941964
train:7106,4.513197801620078,2.190265394361787
train:7107,0.08971612522409711,0.11638873981064946
train:7108,-9.621551954079125,-5.109121319596691
train:7109,9.757747669215492,16.25753058097645
train:7110,-1.9665696014414196,-7.380240899225412
train:7111,1.723609422194571,-0.13205092365166407
train:7112,0.13038434566851814,-0.16618651694832848
train:7113,-5.452504538821053,-0.22785794698175155
train:7114,8.243397533272272,1.115245359872874
train:7115,0.6704917685603661,-0.11053638955543851
train:7116,6.980353351698793,11.864326316716287
train:7117,0.5440805125957991,0.14942427560135602
train:7118,-4.505954111014212,-6.973746040409935
train:7119,8.618016075264045,13.123008947963262
train:7120,-11.190391231369965,-2.6491062733684756
train:7121,-0.7221843778963474,-0.03510876608895849
train:7122,-1.6936136488659712,-0.005788403112433477
train:7123,-2.19769027697727,-3.2806494159335986
train:7124,-4.010627443524172,-0.9510675076947406
train:7125,-1.126681242423965,-4.341572779133774
train:7126,11.346103210524783,4.490508893031653
train:7127,3.871952680018391,10.619949711496735
train:7128,-7.941111335310062,-10.616126461607447
train:7129,-0.2093989342723126,-0.01747917117082186
train:7130,-13.503616654086809,-8.92228727352827
train:7131,-4.0819372631363,-0.02621372192426169
train:7132,8.979164127149796,6.655605526558344
train:7133,0.23937239160984827,0.05987950901990212
train:7134,-0.043094241178078724,0.03263500348977738
train:7135,10.137104639976526,3.2443612965166846
train:7136,0.07020090726772818,-0.021564406126159508
train:7137,-1.292354462708559,-3.3646792009218327
train:7138,2.735515019331289,7.798316332135076
train:7139,-0.14052667176744876,-0.10160881872606028
train:7140,0.2147240307922733,-0.21007213847665812
train:7141,0.017593747833174384,-0.04816479809910623
train:7142,5.641966664961324,5.755961920999902
train:7143,0.3157958275910013,-0.04697714685580459
train:7144,9.827336368016807,2.3388977005532303
train:7145,-1.2359512602107188,0.04710423348384658
train:7146,3.9159040244189867,5.175742716764232
train:7147,-0.38420962306466355,0.2704328838296781
train:7148,28.59381656070226,10.363450140251501
train:7149,-3.7521982712984423,-0.002044698136250689
train:7150,5.148350890119526,-0.2548747658591064
train:7151,0.14587908213063885,-0.06414138221170099
train:7152,1.3797127936925118,3.1416321031960774
train:7153,2.015036506540304,6.68656235168645
train:7154,8.962640995432807,4.922474698187258
train:7155,0.6330473952208557,-0.3866380019105562
train:7156,2.169238145126789,2.482283798117505
train:7157,6.510840706872063,3.1514075072193224
train:7158,0.708836685122606,-0.04897553948237149
train:7159,1.136498013291161,-0.14021911098937928
train:7160,-3.539482244476165,0.2554934438058285
train:7161,0.474942317864089,0.50564066800091
train:7162,-0.49532721894492626,-0.02639119197190941
train:7163,9.498714802939833,2.3804536532215574
train:7164,-8.910776480694425,-3.289098645067026
train:7165,-18.676088660044307,-14.22362232025576
train:7166,0.1595999297614099,0.11540281095269658
train:7167,0.371120888770561,-0.0684210638510771
train:7168,1.5362980590745225,0.01949694151387607
train:7169,0.22134595245316208,0.12671809575914864
train:7170,-3.623258334596433,-1.3628741277795833
train:7171,3.253759744727601,0.4080771512802224
train:7172,-9.427181531577396,-3.626035802104538
train:7173,-3.456119000190581,-1.2892023735626597
train:7174,-1.2132940204500073,0.1334317134780406
train:7175,-0.1840806288063364,0.09709300929245036
train:7176,-1.9167977351631977,-0.09826513466113487
train:7177,-7.402677611748015,-1.9959217712470316
train:7178,2.234121191770718,-0.14464159609957158
train:7179,2.5330280849129836,-0.13178072407751232
train:7180,0.5574222208367221,-0.12978147548608537
train:7181,-3.6029786777170014,-0.11208069282375566
train:7182,2.573215465487447,5.365463904132041
train:7183,-0.34803191467627675,-0.009449792801242696
train:7184,-4.545706329762927,-2.0181637328134787
train:7185,6.343765530940519,8.205039448246563
train:7186,-8.68665512277251,-4.762819621668752
train:7187,7.725305765398045,1.5410066324100935
train:7188,-2.4477263119805244,-2.1271991045796
train:7189,1.3909291362428267,6.066753060744338
train:7190,-2.660154090584892,-0.04872588306486064
train:7191,2.5765802985150694,7.837668460610427
train:7192,-0.42496396928709734,-3.5376497266219546
train:7193,-5.292669042323864,-6.915860560785058
train:7194,-0.6804041934596893,-0.26749240120010503
train:7195,-1.4153218498438185,1.937583711713939
train:7196,2.422097617916122,2.6265920551576607
train:7197,1.9921633130744003,4.141010451673096
train:7198,-0.9941035667202797,0.20198337122384158
train:7199,1.9876337480340038,4.808481863273421
train:7200,-8.194024970869373,-2.3946952563817323
train:7201,-5.230424164248534,0.0056415809852635584
train:7202,17.107379851207675,5.376071020677623
train:7203,-5.873955977559563,-0.24014104272328568
train:7204,1.5431513929135803,0.14523033310879363
train:7205,-1.0031759469207664,0.12733695835295555
train:7206,-1.7697941659860628,-4.036470096527526
train:7207,-9.26155224590021,-7.878151663806384
train:7208,3.586923311360825,3.3559808261952586
train:7209,15.6312672361197,20.565714708905315
train:7210,-4.027630369049037,-0.15881237967910783
train:7211,1.2196917955196027,-0.2032061411800783
train:7212,-15.939506570851865,-2.4889843508607528
train:7213,0.0755897541932095,0.15367000396795066
train:7214,2.537506857827885,-0.12801932916088876
train:7215,-1.9606344776513498,0.06947744299549949
train:7216,-5.214600266918219,-4.966807460680423
train:7217,-5.559133133623843,-3.9775694425786443
train:7218,-3.4205993810803426,-0.6523611651659313
train:7219,-0.5908508186944813,-0.06039468135850806
train:7220,3.6380027552404544,10.417281199656003
train:7221,-2.715620951291004,-2.387339950339433
train:7222,-0.11204426096430631,-0.3672625239995636
train:7223,-0.8886553948614803,-0.15917616474462365
train:7224,-0.9704430371946481,0.1758510493685252
train:7225,-2.2059957774431718,0.04872543092875708
train:7226,6.977929277169463,-0.10497704045030676
train:7227,-0.7306135461460617,-0.018651272385832834
train:7228,0.09620787027044575,0.8771731427953313
train:7229,0.2761222959566111,0.7897454626343694
train:7230,-0.16736304577137923,-0.14682516245752653
train:7231,1.242093563674279,0.03366159067858202
train:7232,2.552558528884089,0.20510050992247714
train:7233,-3.4837155126401296,-0.6646351306156251
train:7234,4.3882970593006565,-0.015921600447174125
train:7235,0.5371890556053402,-0.2998632802769927
train:7236,-0.16986569118591344,-0.1956362732795291
train:7237,0.17774957178542877,0.11160204165251131
train:7238,-1.6179866148159157,-2.2938496137356372
train:7239,-19.34273612076582,-5.264750567875699
train:7240,0.5085739111470149,0.020269592460869665
train:7241,1.014053192279984,0.1669491574849481
train:7242,0.6903092984581805,-0.011102232963544553
train:7243,12.99787150010842,3.888998133545797
train:7244,5.403103735275698,1.8864338195726946
train:7245,-0.41630838671137915,-0.1425879937395323
train:7246,-0.008139611820768639,-0.012475200599044264
train:7247,1.647315232994997,-0.32794449145780386
train:7248,5.558507647880757,3.1190286391370745
train:7249,-5.452567767462401,-4.922680760215783
train:7250,4.14855078830208,0.7709406279634017
train:7251,-7.935059982399867,-0.2445792205225787
train:7252,14.571664927415474,6.4420034902387355
train:7253,1.2900864270398653,1.7596102140677097
train:7254,6.589690541964948,4.070583660240573
train:7255,0.4351296599729091,0.0093657414304755
train:7256,1.743150791702968,0.05819810871316901
train:7257,-0.02956737994879652,-0.1005237406051531
train:7258,-0.029458473263239277,-0.035976001152986214
train:7259,-17.924593941631453,-6.91521288070763
train:7260,-8.648266039144623,-1.2454089287501953
train:7261,1.4002037551123312,0.41048926025580734
train:7262,1.973226567448894,2.782632166569486
train:7263,-0.3872425057252086,0.03816510712885786
train:7264,-8.279178143604884,-5.789708110104127
train:7265,0.4648812927678179,0.2568424444252472
train:7266,-9.465684984659488,-2.2755563607293516
train:7267,0.19472134790609957,-0.21390457847666478
train:7268,2.4212775052445195,2.0057844238671243
train:7269,6.712936181613787,8.433176338532842
train:7270,6.740728888818107,0.5370255468894398
train:7271,-11.589447643242766,-7.8256684637348215
train:7272,1.0416968937523037,-0.24281992741358216
train:7273,-1.676834813084708,-3.805537625008364
train:7274,0.5433919712881778,-0.11352584682911851
train:7275,13.954469702891837,3.7173366634382923
train:7276,-1.1297269102877237,-0.23852612235401544
train:7277,-0.38959219361765807,-0.20195472055470387
train:7278,36.502215123614704,11.318637305577758
train:7279,-2.960666340334326,-1.8243815628280322
train:7280,1.7434130045979703,2.6191403104077966
train:7281,-11.325555469912915,-14.220288622447535
train:7282,-8.992417674336236,-6.5622831615468025
train:7283,-8.058945347125874,-5.677850051551222
train:7284,-13.618435217610095,-5.815487489115488
train:7285,0.17084625942471707,0.11642854217664118
train:7286,6.046890322818041,0.42671892464535305
train:7287,3.0629398893874558,-0.07042544823166424
train:7288,-0.2210427675264477,-0.027831495509732032
train:7289,1.1032513708540899,0.4836277483649278
train:7290,0.5632039221882263,0.3148605986034301
train:7291,0.5106990443793826,0.2812054869148666
train:7292,-18.698771005294965,-9.40270154572684
train:7293,1.515789663286684,5.2394093830537996
train:7294,4.7685485293701735,-0.04214008943173425
train:7295,8.734851446479743,2.621425451262476
train:7296,-1.9875747604886724,-0.037894218404329605
train:7297,-10.32297888687392,-3.565857763262861
train:7298,-4.153366101367436,-2.8408110166386122
train:7299,-0.8366172931990591,-3.563948390981738
train:7300,2.272002819060139,-0.1965577194513592
train:7301,0.031326450834198216,0.3570745029275058
train:7302,-5.111696582957199,-6.480082002821228
train:7303,2.028607651064354,0.08018584871618516
train:7304,-1.0572782777566099,3.227806650801945
train:7305,0.41830340271063493,0.416231643180177
train:7306,-3.030255039135641,0.15576668989261183
train:7307,2.8750039109758547,-0.34981082711150474
train:7308,-0.2653518651587883,0.04846493228968575
train:7309,-3.7874870593761125,0.47220946245365125
train:7310,0.1852867977673029,-0.16510529066929147
train:7311,23.05413213228736,8.920352733125707
train:7312,-4.149424539445754,-0.5277677761037733
train:7313,24.466890578577534,10.436639700930604
train:7314,2.515295705430214,0.5585688984692867
train:7315,-11.347047628973492,-6.462087909533525
train:7316,-1.3651231902364978,-5.033030608685302
train:7317,0.005486509077100438,-0.20329416289985214
train:7318,8.293577828678613,5.603469498611311
train:7319,-2.161795702725508,-0.42934294474267326
train:7320,1.8926774626197798,0.28326500969852114
train:7321,-6.205582762766492,-1.583220596553045
train:7322,0.4056069985446467,-0.018915765527584325
train:7323,-16.715091401618334,-4.15153745266233
train:7324,0.5857500469100981,-0.47103385453726615
train:7325,2.3952161470135835,0.10576379066381743
train:7326,1.7067785157674917,0.23576858957113075
train:7327,13.330327696316562,21.258845379114977
train:7328,-1.5889769887238856,0.06447932151693214
train:7329,2.5866738677649757,2.5269075288442058
train:7330,1.307398986940743,-0.20103398768692382
train:7331,-8.089286726476297,-5.899360632534335
train:7332,-0.11073947286178165,-0.11022139448694479
train:7333,-5.59048152207103,-2.4962629053872694
train:7334,-6.106209654558394,0.1764747624298723
train:7335,5.06194802188443,0.05141572848385407
train:7336,-1.4217100347441356,0.1258918043475927
train:7337,0.32698822694257035,-0.015521008892676713
train:7338,3.5257995793782233,2.2713704900840836
train:7339,-1.272193591989895,-0.2134791639412263
train:7340,-2.5097433809804084,0.194542183373918
train:7341,-0.5445644312705721,-0.05150591426945153
train:7342,1.3924940451161913,0.3330538463819013
train:7343,1.2486302893901162,0.01708854171935134
train:7344,0.6594820813856337,-0.2505062065350964
train:7345,0.25269596810803163,-0.0012235425138549805
train:7346,-3.3362291276979943,0.07409109359110012
train:7347,4.454277076380327,10.751092658346279
train:7348,4.94206372838961,11.692895957120992
train:7349,-2.6761551210942773,0.12943378693842672
train:7350,-9.344952683504234,-2.996867391382778
train:7351,0.5603105144718314,0.16324882139500718
train:7352,1.662908066834503,0.15987218268297035
train:7353,2.077331363137287,3.8724531887661375
train:7354,-5.374861626911547,-1.6026472896948298
train:7355,0.6406445954287143,0.08697051151846019
train:7356,-0.7507039820179299,-0.15586814588219977
train:7357,-0.03574786341145006,0.17392826697126157
train:7358,-6.259880358524146,-14.05757997413278
train:7359,0.5362770056997184,-0.08808799779691232
train:7360,-7.585188944665136,-1.0179115155447673
train:7361,1.2084424438991723,-0.06619812310956044
train:7362,-0.5572759452221766,-0.041918679854604624
train:7363,-9.891729798225343,-5.5235914883347546
train:7364,-1.0533674003226396,-0.04240943304102596
train:7365,-0.16008361597794263,-0.28810574695952146
train:7366,-1.4741135607602303,-0.2111135623897034
train:7367,-0.17154369099315986,0.009470311804210055
train:7368,-0.1997731872309101,0.0400195549981285
train:7369,-2.0940222703223075,-1.8262782382970646
train:7370,-22.319665153049648,-8.470276197958693
train:7371,7.917606379728585,4.801892075137614
train:7372,1.1828618093090735,-0.5413816118810453
train:7373,11.651865762088509,2.6471888522631164
train:7374,0.593479283398419,-0.16854042031343086
train:7375,-1.2413519625064526,0.08761876223912837
train:7376,3.9788411631337812,-0.2069033565648003
train:7377,-20.600785239672803,-8.204640057797421
train:7378,-1.3026439942549963,-6.850088791583038
train:7379,-0.7877933916245782,-0.02974315036381517
train:7380,13.112704940959082,16.048580428349524
train:7381,-1.1143291089117873,-0.014358037969506132
train:7382,1.8593696836655225,-0.20696327410500293
train:7383,-5.087896578487418,-0.5376390481913425
train:7384,6.493734569888527,7.537147757899958
train:7385,0.12467703095389397,0.7757365990741902
train:7386,0.9651562988180646,-0.08509854052323232
train:7387,0.5342491562408953,0.7243351245945
train:7388,-4.144756777981528,-0.11435698870821465
train:7389,-0.3748258650513615,0.15071022014275193
train:7390,-2.026367159163394,-3.959675782501187
train:7391,-8.1938455131079,-0.01939967099512538
train:7392,1.216922985419982,-0.012836703091599982
train:7393,-2.59434888210189,-3.392308034674114
train:7394,-7.934980946598181,-5.098848599989765
train:7395,-6.259845024871629,-8.802213093605488
train:7396,3.383258743497412,9.385228960541642
train:7397,9.425833565623613,0.590726642296025
train:7398,0.9546477916093118,-0.03405079352195248
train:7399,2.3484887863079194,0.2419600687254
train:7400,0.07709317786202799,-0.06990402297109158
train:7401,-0.2389720391387093,-0.7760560764466702
train:7402,0.9357315023089476,5.296090805442224
train:7403,6.497551534193437,8.018306719526763
train:7404,2.080794758458776,-0.33999148355877773
train:7405,23.73961428946691,11.608839066578858
train:7406,0.8764888224064504,-3.8020430058064516
train:7407,-10.017200528149857,-14.331673617754458
train:7408,3.8848731739279807,-0.12607429167726417
train:7409,1.7867660014881617,-0.12162584229965073
train:7410,1.219026267577766,-0.18322449748736935
train:7411,3.186105098485168,-0.16460155534915955
train:7412,-14.628282164571157,-4.0188326552648395
train:7413,-13.90575825172421,-3.3038697453350685
train:7414,-0.6306764942471154,0.00826054813535744
train:7415,-3.0004762087266226,-0.3666112774018853
train:7416,-0.5626694413124629,-0.8011632377212821
train:7417,-0.6659162336360923,0.17506470298377103
train:7418,-3.078595195112161,-0.6938766021642166
train:7419,-0.5412149404868063,-0.030060428005268966
train:7420,0.1560721435073721,-0.15831506409542617
train:7421,-7.234102615250377,-0.022053732704480786
train:7422,-1.4615975441886762,-0.06685607476530903
train:7423,-1.9847992091000841,-1.728966018593203
train:7424,2.326123049180482,0.2509020482965888
train:7425,2.8918503921050305,3.114277463520628
train:7426,0.7788898354879411,-0.07590019947646232
train:7427,-0.1671689431407703,-0.005131022099924901
train:7428,-11.942872502554442,-3.0135270354536825
train:7429,-0.405287773999355,0.40844664277813847
train:7430,9.246749597000742,3.6427966755316707
train:7431,-19.436816619759902,-10.992466819690291
train:7432,1.8102191782634898,0.05153235369603414
train:7433,-7.101360591570835,0.1515439299164282
train:7434,3.8711311725973467,0.033579132730398434
train:7435,-22.36740277726744,-11.85708034867333
train:7436,3.1941323464374896,0.21670511085162175
train:7437,8.479984231869368,0.459970306241599
train:7438,-1.8590039674721806,0.11813676271565547
train:7439,-5.396547191228013,-0.8005520788112155
train:7440,9.520456157233959,2.3865378514467017
train:7441,-4.493674736931233,-8.524887897315548
train:7442,1.897079059398918,-0.16825595465827847
train:7443,-1.8169267014044825,0.0012219490912713654
train:7444,-0.005853733715267789,-0.05627477982633891
train:7445,1.1826470178950825,-0.0062559025868238055
train:7446,5.95737995282728,6.17903339529486
train:7447,4.288422771126578,10.775551568900221
train:7448,0.6519780969321154,3.04510408996482
train:7449,3.632031135506666,-0.3634861496978894
train:7450,-9.56518083081844,-16.1304883362686
train:7451,0.5599808886871566,-1.2967889327779796
train:7452,0.9252911053645881,-0.20879646551358266
train:7453,-21.942472833421824,-4.462934615527671
train:7454,-4.29221154860299,-8.198272249881985
train:7455,-0.3785815766099647,0.024683089940031586
train:7456,0.08509520409528251,-0.08642443009142997
train:7457,-5.852371765035847,0.2821784336391089
train:7458,-1.2406878293140577,0.03075986980305584
train:7459,0.8273810893206239,-0.14419449712101215
train:7460,3.918797199677141,0.35536885028307164
train:7461,1.2742081344813316,-0.03740004135846814
train:7462,-0.10083535707767943,0.10426756408847236
train:7463,-7.069286933414066,-0.0869264534818418
train:7464,1.136248818057613,-0.28192439672276265
train:7465,0.4880538924471642,0.14634508467818214
train:7466,-3.0499707523242257,-8.161784750471558
train:7467,-0.5088435033242771,-0.05894396358155499
train:7468,-11.887652512499475,-4.558991277442669
train:7469,0.3373935226926521,0.04499228285251474
train:7470,7.3518206897857326,12.826880486271264
train:7471,0.8962259217531383,0.0644920183290227
train:7472,-2.6905029085990035,-0.15097345349088692
train:7473,1.6844020855610027,0.7609557978710675
train:7474,6.0530802208394245,8.282643505030496
train:7475,0.43440183322268555,-0.07502640201517433
train:7476,-1.0495985548734623,0.013961702085635366
train:7477,-1.1049324494661517,0.10443276530645954
train:7478,0.05687035702233728,0.20230692594093563
train:7479,-8.655483402587912,-5.291817318036556
train:7480,-0.08209713078934697,-0.08409235383025856
train:7481,-5.925920622418065,-0.433385952098249
train:7482,-0.6590749876255275,-0.022868611251236223
train:7483,-0.7259590348015309,0.008466835666626413
train:7484,-4.339202516953097,-3.0939757487891413
train:7485,0.42486872079002275,-0.6403362854905084
train:7486,-0.17743395034286097,0.1321695932919157
train:7487,6.247671943585871,1.5904328966448429
train:7488,1.0515791584618226,-0.10368225093869043
train:7489,3.525623840948594,4.271541098326091
train:7490,0.22482538739322783,-0.8916507069352568
train:7491,-4.552547110857011,-5.430859108614522
train:7492,2.503195789108708,0.2034950051666673
train:7493,-4.403749661439865,0.16976542453528057
train:7494,1.1902060949515403,0.0064444760239784765
train:7495,-0.02009331190915728,-0.03108872712379368
train:7496,3.768414385061488,0.10387382025285524
train:7497,0.42218475794809335,-0.018497626693456143
train:7498,-2.769124469699963,0.06775238848090448
train:7499,-1.362947148649515,0.2606434990470524
train:7500,-7.853341612622294,-13.23390324990264
train:7501,-11.71403596168729,-0.6639537825870354
train:7502,6.689398390039008,8.431601363190374
train:7503,-24.30831378406987,-10.337901360927987
train:7504,14.79687418990176,2.345259516714647
train:7505,-0.15905022287091014,-0.01338394995878378
train:7506,-0.5760641500321629,0.20945594445196652
train:7507,-0.29690737389803906,-0.11756600096849418
train:7508,10.63670760925421,0.8353619699379031
train:7509,-2.327024230396504,0.2446903113072987
train:7510,0.5026685420116974,-0.23260684002523807
train:7511,-0.473769971577079,0.03987860611784237
train:7512,1.3896582870433787,-0.17550440775388365
train:7513,-3.3594610042286046,0.03181470383224171
train:7514,4.272182308629734,0.9428436941526521
train:7515,0.15959504813836467,-0.029307036267626194
train:7516,-0.29767611329854665,-0.16903687993225242
train:7517,-0.8982535956014132,0.002359526390260838
train:7518,0.2595102489627275,0.2723526703499316
train:7519,-5.980363272117635,-6.0913643928622445
train:7520,-3.42092203311781,-9.825711390551874
train:7521,0.9049438031372434,0.3830603121309458
train:7522,-3.804085507562941,-0.2746566844178066
train:7523,-1.0368461282715735,-0.7511054140806352
train:7524,22.221847947224973,9.5958391143538
train:7525,-7.823012321100363,-15.636306725261191
train:7526,0.37126873221136014,-0.020097567677675718
train:7527,-0.9242796201798312,0.24882576286775854
train:7528,21.88584350843765,8.184609278967194
train:7529,-2.539445500170144,-8.570436640734329
train:7530,-11.84128639189916,-7.7252529434308945
train:7531,-12.173797448252003,-7.303128166271138
train:7532,4.825749063632072,1.6117661088515505
train:7533,-8.380838640897046,-6.328964259997857
train:7534,-0.3006836580109044,-0.08480451659380953
train:7535,19.893739618134347,6.976013146183677
train:7536,3.2281372676542572,-0.17800168523304227
train:7537,8.964841910051497,0.2976183277844603
train:7538,0.4847288097786246,-0.035756874148816675
train:7539,-1.6702288148132762,0.06705049729567396
train:7540,-22.06586352701258,-10.222710175210098
train:7541,-0.6710038146822094,0.05549782490137158
train:7542,-5.947805170988184,0.11866318110457835
train:7543,-2.06022167989872,0.021076054019834728
train:7544,-5.22783736895103,-4.539348595834534
train:7545,-1.4399580066037805,-0.1145512927314431
train:7546,-6.335900711916706,-0.5911765116488505
train:7547,1.7542295189750545,-0.18806719001343497
train:7548,-0.3448574649474193,0.1384496648091988
train:7549,12.769255329653024,4.183637216381329
train:7550,8.586807161761007,-0.03594033595048465
train:7551,-1.9320044558656484,-0.17103698448853938
train:7552,5.3324480531516345,0.3667102420177548
train:7553,0.49813095716201256,0.24660453405596194
train:7554,7.045879610293494,0.8221538615042887
train:7555,2.791430989357565,-0.01969954401775842
train:7556,-6.291114377517131,-13.929129322089674
train:7557,3.9441346829479382,0.03683978820390023
train:7558,1.451007968435504,1.6204788325010593
train:7559,36.89167379966405,10.335274059632036
train:7560,-1.7956228335185083,-6.431626402737761
train:7561,1.6040336007845624,-0.26657680412148527
train:7562,-6.298936132385071,-1.7766127318839349
train:7563,6.904706791156556,0.05875762441001334
train:7564,1.7855972014561834,1.8049356933188305
train:7565,1.8328573564485007,6.620850500024632
train:7566,0.6486397641438815,-0.31055841854234784
train:7567,16.81742817931281,10.471250354724589
train:7568,-5.438600746555205,-4.612695368726264
train:7569,-10.143277509164944,-2.843910180075187
train:7570,15.591034293730146,6.468666224985655
train:7571,5.541927796353148,0.18961467899630371
train:7572,15.454115460389788,10.90289517305768
train:7573,4.344367565974645,7.17110123322392
train:7574,2.2978152145157673,0.2089520664710246
train:7575,2.0898510990406853,-0.007694351534116364
train:7576,3.2752572503277038,0.3903039147590108
train:7577,-9.282161993480798,-4.632501539622665
train:7578,20.22002916214513,8.87097040842044
train:7579,10.696202041430897,2.139194821630906
train:7580,-8.991025714393617,-2.293755885583463
train:7581,0.0033766018594690583,0.0018639227362992894
train:7582,-1.5257467201681356,0.2717416541006751
train:7583,-10.42819599524191,-2.028211333662216
train:7584,-1.2097750676090988,-0.7860078092310829
train:7585,3.7139224542149853,0.02027458558921988
train:7586,-0.33761662322186425,-0.05578388397910755
train:7587,29.048861934488773,9.49486379303141
train:7588,6.580700916897991,0.4005497963010551
train:7589,7.274860275269601,3.1837601257125296
train:7590,-0.8756791109742307,0.15439686079493226
train:7591,1.012493397487905,0.08054649524388084
train:7592,7.686024042127596,-0.054650015861178264
train:7593,-1.1855915070429042,-5.958702393707756
train:7594,1.140427022467871,-0.11286846581660992
train:7595,-0.8552276674552539,-0.002631604708616203
train:7596,-2.655698331035775,-0.0301694208641137
train:7597,2.235824878213512,0.7811638442692563
train:7598,11.148065526824867,8.522009512993986
train:7599,-7.260745119081939,-2.140214620919706
train:7600,8.330364810114697,12.466222545710782
train:7601,1.1953952602486466,0.6767908417653525
train:7602,6.821788936859291,2.2805137640581914
train:7603,-0.6301525333735912,-0.05819656359793249
train:7604,13.503179924434805,13.815535877624978
train:7605,-8.01475224615542,-10.728168837926878
train:7606,5.001428913784719,9.632008765479535
train:7607,-0.6832769123927018,0.2209461314114862
train:7608,-10.659767174847367,-4.249617615506455
train:7609,8.864799322111477,2.194088418748333
train:7610,1.0315698505158015,0.3116255507453244
train:7611,2.7905760079499244,-0.15613634820501143
train:7612,-2.369133343243116,-0.03477422648949394
train:7613,-0.1582533560233323,-0.039171032653885135
train:7614,1.5127614297909444,3.552817934766178
train:7615,5.658273145598399,0.4387469428585961
train:7616,-6.343684343633245,-3.273624797648893
train:7617,0.05806519237722357,0.07325909574714394
train:7618,-1.9810440786870815,0.3556712912002848
train:7619,-25.924969721380187,-9.607761052743276
train:7620,-24.030436923006565,-9.376286470146091
train:7621,-2.611912496902238,-0.010453126278016325
train:7622,1.513425330525099,0.013814048147278948
train:7623,11.322913176477417,0.36473710035455903
train:7624,-8.422542579030901,-0.7025700666043746
train:7625,4.490540561859366,0.16704916271276243
train:7626,0.7792682775030685,-0.035014467293544405
train:7627,-11.816269236083428,-9.505086355852091
train:7628,0.5772890318814695,0.12411467863734542
train:7629,-3.6506921262778067,-0.28240459300924353
train:7630,2.0578292790714925,-0.18829665992632993
train:7631,0.959880426597345,6.005888252763291
train:7632,-0.14054387367722732,0.10289031662867247
train:7633,-3.9581141972186793,-1.5816658790455975
train:7634,10.697818091117117,2.40098083185173
train:7635,-4.797409322807016,-0.10884971079873515
train:7636,1.1870428032182145,0.04553981504131855
train:7637,5.4823152753904125,0.5485318545204902
train:7638,-0.8286242166080542,0.24224439171974235
train:7639,0.03859251427882043,0.5153379652306767
train:7640,-14.196276191892325,-3.8922271781383535
train:7641,0.9133876162560935,0.1847371059021916
train:7642,1.4337116806114438,0.09699471599435609
train:7643,0.05087107475795881,0.13565950468709745
train:7644,-2.466832519663173,-3.6961184956633257
train:7645,1.7200672235296377,-0.18416349093883022
train:7646,-0.8441898528334513,0.09958215510543861
train:7647,-10.432434173878153,-13.479677010808368
train:7648,-0.04337028533837592,0.07378294624148672
train:7649,0.3356547350555802,-0.012214131316732907
train:7650,1.1188999946712561,-0.13982993229968235
train:7651,-0.9441706068815646,0.123162132408934
train:7652,-4.001123620829781,-1.2725575662159958
train:7653,2.3981732482878066,3.12996073700785
train:7654,-0.36191176374337897,-0.05616450302020412
train:7655,-16.412094173280625,-8.011727262788153
train:7656,-0.46168516504118917,-0.047759356077068604
train:7657,-3.7587533612152595,-0.19888751313957048
train:7658,-4.689971773328155,-1.6808479539862105
train:7659,-1.8970490129044975,-0.15550036631400377
train:7660,12.510224323043287,1.7695669399804725
train:7661,0.006943441097868902,0.0787381268162422
train:7662,3.8716072470733796,-0.09275015306791506
train:7663,1.4748739910455169,-0.08815248048303512
train:7664,-2.5901888094343715,-0.5535207628652832
train:7665,-3.0416292208310853,0.1357799104107427
train:7666,-30.876776558531812,-14.043302480267359
train:7667,31.847861850687295,20.491446632502566
train:7668,2.4159681590372037,3.128765524741618
train:7669,11.066211401434987,3.1496039892592242
train:7670,-2.721695085108743,0.16821698410347324
train:7671,-1.4540194055565179,-0.2674640116989138
train:7672,2.5263976785263256,7.22558739106797
train:7673,0.9180614216345651,0.08164341421201854
train:7674,-0.2550328114158394,6.151490158028582
train:7675,8.329302940873232,0.5815056181804641
train:7676,0.08507405039541974,-0.09637616287584275
train:7677,4.346548954101153,0.39664859379062545
train:7678,0.9366889978005384,0.6462919578373663
train:7679,0.42434522483297915,0.3242273507364124
train:7680,-1.1974482720451087,-8.122813241037303
train:7681,20.020405183413747,7.730564430890169
train:7682,-1.036774996050057,-3.5739611825928335
train:7683,-0.6156950255794672,0.07334925737906786
train:7684,2.7259921350611975,-0.35589202945963916
train:7685,6.89844994516198,2.2221012954011514
train:7686,-3.4362470750645477,-12.76084228649503
train:7687,31.56451571214738,11.621849732451423
train:7688,6.320583865389803,3.8013604566725063
train:7689,-1.167806591997838,0.30970112774874575
train:7690,0.3204117508676505,0.09994009107774418
train:7691,2.3878551243778188,0.03044237817038703
train:7692,-1.5999429737494508,0.4091496752498491
train:7693,-3.889196837815207,-5.380401692045048
train:7694,7.893605531339227,9.978657414497409
train:7695,-2.302684457892861,0.0639815779508205
train:7696,0.5077272982360235,0.00882833815918213
train:7697,-1.6639180385069627,0.10132418625642436
train:7698,2.8123299149890237,8.94407779647298
train:7699,-4.860743965112638,-2.8762859096196145
train:7700,-1.3656720241417286,0.12987147030352575
train:7701,-5.560323319813924,-0.08781266243360034
train:7702,-27.84761694916264,-16.881074791743398
train:7703,18.34255135994219,7.500995226071426
train:7704,0.4288146994182708,0.05687735493413157
train:7705,2.1360335776312023,2.233317002962219
train:7706,5.354103397896868,0.36909339084890846
train:7707,-0.08065844674043815,-0.44244491353364296
train:7708,-2.2599386419262033,-1.1415863829817003
train:7709,1.390256867012023,-1.0352107793573346
train:7710,0.4805696669440671,-0.14448723710314487
train:7711,12.162477953624444,20.97472667505254
train:7712,0.014332591180703624,0.2939296898809399
train:7713,-1.0134682679660867,0.037979648075849796
train:7714,-8.79138034950413,-3.407281142649125
train:7715,0.8431136305625206,0.26569782888476223
train:7716,2.113735718309918,-0.13913831269277227
train:7717,-2.388933903689392,0.16577976682532725
train:7718,0.7659415628186418,1.2808517345604755
train:7719,2.163815824214711,-0.12489191888393275
train:7720,1.4542640110066891,3.189309060578531
train:7721,-4.026561061143886,-1.2895390530742743
train:7722,-0.7640429007599698,0.09271189581715986
train:7723,-10.342229218665524,-5.8149602147617045
train:7724,-0.6944481580444082,0.020119513288743132
train:7725,-3.661125317016719,-0.007744568139238545
train:7726,1.2172549357870595,0.023839108588034882
train:7727,9.025174121726046,4.0800415013007445
train:7728,0.0239447394150515,0.05235985772447513
train:7729,-0.4160194411187481,0.09100809776325576
train:7730,2.468819864540501,0.12398842382048994
train:7731,3.2595591129053645,3.9092708052909186
train:7732,-0.7650550239380194,-0.049497678046994203
train:7733,1.0042606564512022,6.082743054973073
train:7734,-0.1852602381464863,0.09174536882936782
train:7735,0.9476287150449555,0.4834124732026284
train:7736,0.6281283463989201,1.5786054595304686
train:7737,7.439892608185826,0.487840236762791
train:7738,17.65743183761743,10.57889535423639
train:7739,-0.8549642922690505,0.0009911239006813316
train:7740,-0.8998993999423849,0.0031635627154558005
train:7741,3.3237464120362246,-0.18129429672798547
train:7742,-0.2592880757327403,0.029884217751237764
train:7743,-17.08378690764853,-18.554003328935107
train:7744,-4.440611959345789,-0.1774869650305399
train:7745,0.3058335972468365,-0.019541190518651524
train:7746,-5.3307801058964115,-0.42557356082068926
train:7747,-2.765689666742025,0.04746402404668223
train:7748,-2.326777359745358,-1.8228773472473268
train:7749,31.12498739081405,9.019132789903724
train:7750,3.387988571311784,0.11646763123858289
train:7751,-0.43657479347111683,-0.0025967954709746888
train:7752,-1.4713096494663316,-0.11355295238301968
train:7753,-2.3537401910319846,-8.788345321586403
train:7754,-1.918466785328195,-6.481208452577037
train:7755,0.30527430272079437,-0.03842548726079273
train:7756,0.417006750646519,-0.01888666272234306
train:7757,-0.1628031449306303,-0.03399729571820015
train:7758,-21.510933636889416,-6.285550292940009
train:7759,4.834090595125212,7.20856225000183
train:7760,0.047524141014835694,-0.04647997393293296
train:7761,-3.5389457308576673,-6.631229989736321
train:7762,-9.873952321843964,-4.027732692557886
train:7763,10.142270791907848,5.882282361827996
train:7764,-0.056751976396621856,0.09818964293896806
train:7765,3.354852114080591,-0.1576257270614762
train:7766,-8.684222679746531,-0.2524909037239027
train:7767,25.192416922055553,10.664850204194847
train:7768,-4.428086179528144,-7.076335140815116
train:7769,5.051825860270973,7.949320516953682
train:7770,-1.678306041287252,1.3055247076598335
train:7771,6.144042060082309,3.6562458807341955
train:7772,17.595482646423697,5.390318841094563
train:7773,-13.233991130719424,-4.647638707529183
train:7774,-0.6080359914797019,0.037085164797110895
train:7775,4.291026303417381,-0.15875873921454547
train:7776,-7.098784024435901,-1.6439105023810243
train:7777,6.859325363661941,0.45327409314152783
train:7778,-10.03779725806899,-4.808176058315644
train:7779,0.14483906396375923,0.020520818147290593
train:7780,-1.9257669039050138,-0.02011925212079667
train:7781,5.762350278756202,11.961139366245938
train:7782,-3.6939842191090526,-4.646696290218283
train:7783,9.03633397692398,0.4225409601635114
train:7784,2.0521789166257296,-0.033085122499020486
train:7785,-9.350553997261304,-3.95722173124746
train:7786,0.7938415495008373,-0.22662906676435812
train:7787,-0.2844043749879391,0.0021917572776935373
train:7788,1.5552324801176263,-0.052821104276898734
train:7789,3.094810843958726,1.917170376410151
train:7790,2.9026013532583645,0.056050635540145624
train:7791,-5.292609533014359,0.10146114063403032
train:7792,9.631760881997623,6.892061253997706
train:7793,1.404262940903581,-0.107420249482473
train:7794,-5.147688557211626,-4.8668798403467175
train:7795,0.3574509494944047,-0.06920655427097125
train:7796,-3.8900411261437964,0.09340565533622003
train:7797,1.912534045501956,5.5292573452460845
train:7798,7.545038119415819,4.476035953856524
train:7799,-1.0568245192716414,-6.120080301986773
train:7800,-1.3875328619713425,-4.605855068208086
train:7801,-0.41843398486022754,-3.414313179295951
train:7802,13.410997214514127,12.613170027736052
train:7803,1.3476107756304327,2.1242627999691766
train:7804,-2.487812340762239,0.019506214466526464
train:7805,-21.49742130430015,-11.793320096892398
train:7806,0.49470033845239936,0.8796846863554906
train:7807,-0.23375218935388992,0.01699452824555725
train:7808,-14.628228234259419,-5.9779678801342335
train:7809,-0.6611857084469998,-1.2737667592416084
train:7810,-0.26132359631349167,-4.856527230686187
train:7811,6.9699810650188265,10.90290658592248
train:7812,-0.7836953853072065,0.1639691158247285
train:7813,-1.3396783112587052,-0.03270707135250406
train:7814,31.4787776744794,13.77211563349149
train:7815,0.7701150018349746,-0.13643431969991468
train:7816,-2.7001950224679976,-1.1730042878477467
train:7817,-9.91670511155783,-1.394256082121508
train:7818,0.030264349134494814,0.28944329272786484
train:7819,-4.457529340238241,-0.165140813210983
train:7820,5.481987044355179,4.994477891570349
train:7821,1.2343189978291096,-0.07511955952410837
train:7822,3.6557214196870493,9.163407949635957
train:7823,1.3366373519411794,0.3005594230435482
train:7824,-2.148159237435948,0.03656274091086818
train:7825,-2.5502803787482082,-0.06951156308276452
train:7826,-2.379481221807856,-0.7289891366878034
train:7827,-1.2125613120767382,-0.1505982555605706
train:7828,-0.15744393643078092,0.04281185503237993
train:7829,13.607191039452378,3.0337568491369264
train:7830,12.872944722466091,4.110654799198356
train:7831,8.932098772162806,4.539091461236026
train:7832,1.8430576240306817,-0.13756076945572368
train:7833,0.4870880284589244,0.08171545792107167
train:7834,-1.2378848478531204,0.07251240906757148
train:7835,-0.35660404474374496,0.07057136608662706
train:7836,-0.9254172708076159,-0.4490578127206705
train:7837,-1.2079858365338927,0.04698668097640147
train:7838,-13.707695462534348,-7.999990272627322
train:7839,1.0819914375755224,-0.571406647928596
train:7840,6.237757134722717,14.75890273887736
train:7841,-8.000477450538131,-0.2959105772141508
train:7842,-2.363130109188653,-10.76618052543141
train:7843,2.3619776406149207,3.6257960721248517
train:7844,0.9899026407839051,-0.5921762786053741
train:7845,9.559729512007758,6.090926079035029
train:7846,0.6893283246843245,0.0011643141240288563
train:7847,3.338588638217963,8.331874038633917
train:7848,-1.292023674632683,0.29228680799290846
train:7849,4.392030803555556,-0.09631596001402012
train:7850,-1.350832355000633,0.2596945193388912
train:7851,0.15692735737325278,-0.026527575706275328
train:7852,-0.04825981196379969,-0.07588279485764157
train:7853,0.229831375597017,-0.08489396492168341
train:7854,-0.03923996732560944,-1.463640878997745
train:7855,33.80418204931944,11.046217929222312
train:7856,-1.1960207459917318,0.1372564497943069
train:7857,-4.906657257060946,-9.278930168251938
train:7858,-0.07229204221559138,-1.271918588447978
train:7859,-4.132196594344327,0.24455735143237292
train:7860,0.7941893070282516,3.8056000506242706
train:7861,0.034132221794018744,0.017526938388500404
train:7862,-10.997947422763431,-20.188972677800365
train:7863,-0.018837107578844936,-0.0893636707599878
train:7864,4.948431224506544,3.5268368333694684
train:7865,-1.2493450390974576,0.10910091233148254
train:7866,-5.0215678740473715,-0.028872348779537302
train:7867,1.8303949263095296,3.50433779702339
train:7868,-0.1765214355207586,-0.19097839783282655
train:7869,0.9470752319749196,-0.38194874108565224
train:7870,-0.1429391233847659,0.01811584221220601
train:7871,-6.203009914963403,-4.942627024027611
train:7872,21.34309628976952,13.939969201258307
train:7873,-0.34129515864470433,-1.4279820962326444
train:7874,1.3893079724753217,-0.033373867978473054
train:7875,4.080083468051733,1.3251853645300284
train:7876,-1.388537314027464,-10.007348275138254
train:7877,-0.29138858281625785,-0.005771854458472767
train:7878,-3.292868227227635,-10.410844403727399
train:7879,-15.819853805764334,-6.152057437228044
train:7880,0.03803705531374246,0.395395889217961
train:7881,-0.458392045380684,0.15608097165705548
train:7882,3.3893117236152883,0.5554148106208594
train:7883,9.113480358032312,0.7496225378025547
train:7884,-3.359274572719924,-0.11100731288926899
train:7885,-6.566957693894728,0.13151149897535708
train:7886,-0.14399634346142404,0.02697022804605105
train:7887,2.0136136296517324,7.496060303331691
train:7888,-0.8267877965100773,0.17499679643820804
train:7889,0.381344402176767,-0.036078431614570666
train:7890,-9.320701710048366,-6.8868770199809575
train:7891,0.35159892952522476,0.42415958971384177
train:7892,-2.2459692964366047,-9.999301064167422
train:7893,-4.303390000460143,-0.2949770048734702
train:7894,2.0173706197306567,-0.06937432338353855
train:7895,2.0235828337431045,3.0852071849440437
train:7896,0.6073812159983449,-0.07589791690350223
train:7897,0.030728568240274576,-0.01999142803503111
train:7898,-11.126154651092172,-1.9454694904667176
train:7899,2.297215937172402,-0.1538455009179318
train:7900,-0.9980614007187804,-0.024494373842066916
train:7901,0.4910460949156654,0.04704631319498406
train:7902,-0.9625041233736215,0.19244535478844682
train:7903,1.02058875570462,-0.24834917508780263
train:7904,-3.1107246432465896,0.046186924475506694
train:7905,0.5926742805124323,-0.010474810721137276
train:7906,8.122205894634284,2.4352759199339813
train:7907,0.5906153978785359,-0.15741030923836682
train:7908,1.1367007168766592,-0.19444876469703748
train:7909,7.410470833633832,3.4969767845486897
train:7910,-1.216708367082803,0.03857054915089549
train:7911,-1.6851103264376168,-0.006451347896532303
train:7912,0.5479481527970829,-0.25013928293176046
train:7913,1.3319382086145204,2.9514518333416673
train:7914,1.4220208907927785,0.11657434152446752
train:7915,5.046966553216782,4.569599475455853
train:7916,-0.7823420134324696,-0.15251675813353405
train:7917,-0.12089906025191882,0.007920302103492649
train:7918,-5.638738922914022,0.16558945730477898
train:7919,-0.6765507332110609,-0.07388554351755472
train:7920,-22.606420059224593,-8.045579531716145
train:7921,-6.931561005063559,-1.5268724298167948
train:7922,-7.684454192249759,-5.076396071067748
train:7923,13.664625891620448,15.639082274161796
train:7924,-9.314112913686714,-1.3413574537712076
train:7925,-4.208742303359852,0.037705739320637886
train:7926,2.264290087106876,0.25148710027842425
train:7927,0.1714922608743725,-0.07527249191243504
train:7928,-2.1266508062985534,-0.012972230861105868
train:7929,0.02190875391781967,0.15875942836492196
train:7930,14.670677260434704,3.2212653673415406
train:7931,-13.978159695232554,-9.385017311718471
train:7932,-5.7074982107141246,-7.6893349459740135
train:7933,10.701018576168883,5.06441364449483
train:7934,0.99000004078657,0.075030943007421
train:7935,-1.0995112908452755,0.4288645432278464
train:7936,3.445784663585204,-0.11916694057838381
train:7937,-6.652574853277779,-13.317865413666933
train:7938,-0.5369130682927351,0.07152234304612842
train:7939,0.0371763786792159,0.22534136830696733
train:7940,2.335789592643048,4.559673421617242
train:7941,-3.3815426773864563,-4.067670015675883
train:7942,-0.7726540838118001,-0.03305259583433909
train:7943,0.0284421089891731,-0.0020817899468522916
train:7944,27.374212315400825,15.525196720177084
train:7945,0.2941600093379494,-0.04908224976825615
train:7946,-2.6670962234717255,-0.08990007540561112
train:7947,6.270933574771233,0.03267780173277924
train:7948,0.2909479013741715,1.9567995521785344
train:7949,-12.341622069550112,-3.5766526214344103
train:7950,0.2213784966067971,-0.08201535509737826
train:7951,-3.8588861429524965,-0.112157444339539
train:7952,-19.711414889802718,-7.2365671974681645
train:7953,-7.802064114321971,-5.496907069144714
train:7954,6.119508417406298,13.049642487879751
train:7955,5.199312245213108,1.7719114277321144
train:7956,6.252183493112648,7.6239597140049336
train:7957,0.4528550657084712,0.15164150991047243
train:7958,-7.535732059302454,-1.2663458292267056
train:7959,-0.2677403735773596,-0.09997078730556905
train:7960,0.24062441169183613,0.13896039050902098
train:7961,1.2110199408670672,0.010802763769667989
train:7962,-0.08936354292132956,0.06726192061610314
train:7963,-8.143319319840066,-6.7049993239472885
train:7964,-6.832813674438213,-6.772167457157649
train:7965,6.756120413821557,0.6569867394506963
train:7966,-1.15546305944055,-0.14554478168772086
train:7967,-6.325799936461352,-0.16184934300251985
train:7968,-6.614790161074541,-0.15658287654033085
train:7969,1.8508384662483381,3.39946954751755
train:7970,-0.4108209774920317,-0.11224175687825266
train:7971,17.169628448614848,10.785109843170638
train:7972,9.376695612966554,10.050155588613078
train:7973,0.057752768502327245,-0.023380478237538485
train:7974,2.5845115412141677,-0.14306576479224306
train:7975,6.2379942421277725,3.5549218963921496
train:7976,-1.109758514991987,0.008767279332499475
train:7977,0.2313270119147871,-0.09170673190352968
train:7978,8.391142411777565,2.1008748441159497
train:7979,-0.42450509672084324,-0.019673009107097253
train:7980,-0.3817934521155024,-3.4685459715414293
train:7981,10.339900278937884,2.11789556269698
train:7982,0.6497597479454073,0.14805073732261628
train:7983,12.891773839926362,5.134639284185244
train:7984,6.095289988104065,3.7750104344211204
train:7985,0.17539035310512896,0.07758243159438194
train:7986,1.2621490145809897,3.4775055812341833
train:7987,5.319086818418531,1.3408067232257077
train:7988,-24.85298575696727,-17.14971080341748
train:7989,11.047455740778636,3.508320886838763
train:7990,0.187693670386854,-0.17513020844923738
train:7991,-0.7718783706640849,0.07289959050592831
train:7992,-3.995831941448724,0.19655341547338545
train:7993,-0.2960207781697246,0.09100838308487577
train:7994,1.5405797074016916,5.06969665961098
train:7995,-5.602520999250072,-0.6926876669736248
train:7996,2.861433928743006,7.546410438972041
train:7997,-8.299430835328447,-0.4458339637361503
train:7998,-1.9799743058654502,0.034797741369471426
train:7999,0.5552571047870312,0.020514826393270333
train:8000,1.3478148739653726,0.025797912839825063
train:8001,-0.2467973971093736,0.02386692744598609
